27	77	0.378454369114
77	27	0.378454369114
77	63	0.381181007415
63	77	0.381181007415
66	83	0.0
83	66	0.0
9	55	0.405418788259
55	9	0.405418788259
77	76	0.515313641911
76	77	0.515313641911
24	88	0.36797514786
88	24	0.36797514786
61	15	0.0
15	61	0.0
79	18	0.0
18	79	0.0
5	73	0.0
73	5	0.0
30	57	0.0
57	30	0.0
58	21	0.0
21	58	0.0
23	77	0.331349008672
77	23	0.331349008672
86	85	0.0
85	86	0.0
7	51	0.0
51	7	0.0
70	69	0.0
69	70	0.0
75	21	0.0
21	75	0.0
41	3	0.0
3	41	0.0
31	44	0.0
44	31	0.0
2	83	0.0
83	2	0.0
61	29	0.0
29	61	0.0
46	51	0.304705154255
51	46	0.304705154255
86	41	0.0
41	86	0.0
78	10	0.0
10	78	0.0
16	33	0.341629050868
33	16	0.341629050868
5	24	0.381422671925
24	5	0.381422671925
6	66	0.0
66	6	0.0
58	32	0.407729988163
32	58	0.407729988163
31	69	0.0
69	31	0.0
4	60	0.398225058193
60	4	0.398225058193
6	51	0.0
51	6	0.0
5	34	0.414707780015
34	5	0.414707780015
27	80	0.0
80	27	0.0
43	79	0.0
79	43	0.0
72	26	0.0
26	72	0.0
50	8	0.444758283178
8	50	0.444758283178
67	30	0.377788797105
30	67	0.377788797105
63	88	0.389607197826
88	63	0.389607197826
47	7	0.0
7	47	0.0
86	69	0.0
69	86	0.0
27	19	0.0
19	27	0.0
50	19	0.0
19	50	0.0
50	71	0.326415170953
71	50	0.326415170953
28	39	0.387192153634
39	28	0.387192153634
31	36	0.0
36	31	0.0
35	63	0.0
63	35	0.0
33	49	0.0
49	33	0.0
10	24	0.0
24	10	0.0
65	59	0.0
59	65	0.0
63	24	0.36797514786
24	63	0.36797514786
22	3	0.307570679037
3	22	0.307570679037
35	17	0.0
17	35	0.0
28	10	0.0
10	28	0.0
5	17	0.0
17	5	0.0
47	78	0.311751852897
78	47	0.311751852897
10	60	0.0
60	10	0.0
58	87	0.0
87	58	0.0
27	17	0.0
17	27	0.0
34	24	0.37977748253
24	34	0.37977748253
2	72	0.0
72	2	0.0
58	60	0.389607197826
60	58	0.389607197826
15	54	0.430532167211
54	15	0.430532167211
45	22	0.307972899125
22	45	0.307972899125
18	34	0.0
34	18	0.0
63	8	0.399231535353
8	63	0.399231535353
53	36	0.0
36	53	0.0
6	25	0.0
25	6	0.0
30	54	0.365673527499
54	30	0.365673527499
58	46	0.353772461035
46	58	0.353772461035
38	29	0.545504075387
29	38	0.545504075387
4	30	0.324249690766
30	4	0.324249690766
27	71	0.301970584843
71	27	0.301970584843
27	75	0.364795872256
75	27	0.364795872256
53	12	0.0
12	53	0.0
16	69	0.0
69	16	0.0
86	62	0.0
62	86	0.0
31	29	0.0
29	31	0.0
6	42	0.0
42	6	0.0
2	12	0.413428333584
12	2	0.413428333584
43	34	0.38259631273
34	43	0.38259631273
12	49	0.0
49	12	0.0
33	32	0.320053278985
32	33	0.320053278985
63	17	0.0
17	63	0.0
58	38	0.52265200507
38	58	0.52265200507
88	73	0.0
73	88	0.0
61	55	0.0
55	61	0.0
25	54	0.0
54	25	0.0
2	22	0.376502964507
22	2	0.376502964507
65	34	0.414707780015
34	65	0.414707780015
77	11	0.388759206622
11	77	0.388759206622
16	66	0.0
66	16	0.0
84	24	0.0
24	84	0.0
29	74	0.778040308207
74	29	0.778040308207
35	52	0.0
52	35	0.0
45	52	0.0
52	45	0.0
16	64	0.409937491142
64	16	0.409937491142
19	24	0.0
24	19	0.0
75	51	0.359968052522
51	75	0.359968052522
3	1	0.405418788259
1	3	0.405418788259
30	24	0.306459391233
24	30	0.306459391233
27	22	0.301970584843
22	27	0.301970584843
22	57	0.0
57	22	0.0
87	39	0.0
39	87	0.0
61	10	0.0
10	61	0.0
82	14	0.0
14	82	0.0
85	1	0.376502964507
1	85	0.376502964507
18	26	0.0
26	18	0.0
83	51	0.0
51	83	0.0
6	60	0.0
60	6	0.0
12	52	0.0
52	12	0.0
55	15	0.374853001531
15	55	0.374853001531
79	36	0.0
36	79	0.0
14	55	0.52265200507
55	14	0.52265200507
67	6	0.0
6	67	0.0
35	64	0.0
64	35	0.0
45	76	0.393099687587
76	45	0.393099687587
38	52	0.0
52	38	0.0
72	24	0.0
24	72	0.0
85	15	0.32212745153
15	85	0.32212745153
53	7	0.0
7	53	0.0
21	24	0.0
24	21	0.0
60	11	0.36797514786
11	60	0.36797514786
5	28	0.396797928448
28	5	0.396797928448
55	49	0.0
49	55	0.0
85	84	0.0
84	85	0.0
85	40	0.309464355167
40	85	0.309464355167
17	25	0.0
25	17	0.0
59	73	0.0
73	59	0.0
47	25	0.0
25	47	0.0
63	56	0.36797514786
56	63	0.36797514786
45	50	0.334700061796
50	45	0.334700061796
84	69	0.0
69	84	0.0
33	19	0.0
19	33	0.0
8	54	0.545504075387
54	8	0.545504075387
34	25	0.0
25	34	0.0
24	40	0.375754450334
40	24	0.375754450334
13	40	0.0
40	13	0.0
50	69	0.0
69	50	0.0
51	34	0.405418788259
34	51	0.405418788259
4	28	0.414216671496
28	4	0.414216671496
26	54	0.389607197826
54	26	0.389607197826
22	52	0.0
52	22	0.0
32	64	0.382179092345
64	32	0.382179092345
30	36	0.316970348326
36	30	0.316970348326
38	73	0.0
73	38	0.0
53	20	0.0
20	53	0.0
46	12	0.308729498763
12	46	0.308729498763
77	64	0.402226350514
64	77	0.402226350514
50	37	0.34380926744
37	50	0.34380926744
42	9	0.40650034671
9	42	0.40650034671
78	40	0.309464355167
40	78	0.309464355167
66	2	0.0
2	66	0.0
37	73	0.0
73	37	0.0
27	69	0.0
69	27	0.0
86	1	0.0
1	86	0.0
31	35	0.0
35	31	0.0
18	25	0.0
25	18	0.0
38	36	0.423709113725
36	38	0.423709113725
28	40	0.390182738778
40	28	0.390182738778
45	20	0.0
20	45	0.0
63	57	0.0
57	63	0.0
55	20	0.0
20	55	0.0
22	51	0.307570679037
51	22	0.307570679037
31	57	0.0
57	31	0.0
50	34	0.414707780015
34	50	0.414707780015
50	75	0.398026634387
75	50	0.398026634387
37	59	0.0
59	37	0.0
78	32	0.314162394219
32	78	0.314162394219
32	82	0.0
82	32	0.0
28	21	0.0
21	28	0.0
9	62	0.0
62	9	0.0
60	15	0.367145873944
15	60	0.367145873944
77	88	0.381181007415
88	77	0.381181007415
79	15	0.0
15	79	0.0
61	19	0.0
19	61	0.0
58	11	0.397901273616
11	58	0.397901273616
79	69	0.0
69	79	0.0
56	24	0.371670138942
24	56	0.371670138942
61	27	0.0
27	61	0.0
32	69	0.0
69	32	0.0
9	87	0.0
87	9	0.0
14	26	0.389607197826
26	14	0.389607197826
28	80	0.0
80	28	0.0
6	87	0.0
87	6	0.0
29	87	0.0
87	29	0.0
75	69	0.0
69	75	0.0
75	34	0.378836920125
34	75	0.378836920125
27	1	0.394983107738
1	27	0.394983107738
58	62	0.0
62	58	0.0
68	25	0.0
25	68	0.0
2	82	0.0
82	2	0.0
36	57	0.0
57	36	0.0
27	51	0.337455378537
51	27	0.337455378537
57	19	0.0
19	57	0.0
28	54	0.406750718705
54	28	0.406750718705
50	32	0.417846902632
32	50	0.417846902632
38	71	0.376502964507
71	38	0.376502964507
74	32	0.418136585285
32	74	0.418136585285
12	62	0.0
62	12	0.0
18	14	0.0
14	18	0.0
79	32	0.0
32	79	0.0
62	56	0.0
56	62	0.0
12	13	0.0
13	12	0.0
66	82	0.0
82	66	0.0
9	40	0.405418788259
40	9	0.405418788259
30	88	0.303728800735
88	30	0.303728800735
24	25	0.0
25	24	0.0
42	32	0.419361126284
32	42	0.419361126284
16	27	0.386634031258
27	16	0.386634031258
16	8	0.461710900017
8	16	0.461710900017
87	8	0.0
8	87	0.0
7	27	0.0
27	7	0.0
27	52	0.0
52	27	0.0
20	73	0.0
73	20	0.0
12	7	0.0
7	12	0.0
35	73	0.0
73	35	0.0
30	25	0.0
25	30	0.0
5	74	0.417053772692
74	5	0.417053772692
41	25	0.0
25	41	0.0
87	25	0.0
25	87	0.0
11	24	0.371670138942
24	11	0.371670138942
18	21	0.0
21	18	0.0
66	77	0.0
77	66	0.0
36	1	0.423709113725
1	36	0.423709113725
45	61	0.0
61	45	0.0
4	71	0.324249690766
71	4	0.324249690766
71	24	0.306459391233
24	71	0.306459391233
5	66	0.0
66	5	0.0
45	75	0.309876600488
75	45	0.309876600488
18	64	0.0
64	18	0.0
62	69	0.0
69	62	0.0
59	63	0.0
63	59	0.0
10	52	0.0
52	10	0.0
80	71	0.0
71	80	0.0
33	20	0.0
20	33	0.0
31	22	0.0
22	31	0.0
70	24	0.403322099002
24	70	0.403322099002
66	19	0.0
19	66	0.0
67	72	0.0
72	67	0.0
47	13	0.0
13	47	0.0
66	24	0.0
24	66	0.0
59	39	0.0
39	59	0.0
80	34	0.0
34	80	0.0
83	24	0.0
24	83	0.0
10	56	0.0
56	10	0.0
7	72	0.0
72	7	0.0
52	64	0.0
64	52	0.0
2	25	0.0
25	2	0.0
74	83	0.0
83	74	0.0
28	85	0.313611106814
85	28	0.313611106814
10	8	0.0
8	10	0.0
46	40	0.306528563103
40	46	0.306528563103
59	49	0.0
49	59	0.0
28	60	0.381181007415
60	28	0.381181007415
66	1	0.0
1	66	0.0
13	59	0.0
59	13	0.0
10	15	0.0
15	10	0.0
6	26	0.0
26	6	0.0
57	55	0.0
55	57	0.0
79	81	0.0
81	79	0.0
46	13	0.0
13	46	0.0
6	27	0.0
27	6	0.0
42	11	0.408406861536
11	42	0.408406861536
51	87	0.0
87	51	0.0
67	76	1.0
76	67	1.0
23	9	0.293447210175
9	23	0.293447210175
24	64	0.371670138942
64	24	0.371670138942
62	15	0.0
15	62	0.0
84	25	0.0
25	84	0.0
86	27	0.0
27	86	0.0
42	13	0.0
13	42	0.0
38	55	0.409022306058
55	38	0.409022306058
63	25	0.0
25	63	0.0
33	25	0.0
25	33	0.0
44	8	0.390927637569
8	44	0.390927637569
68	74	0.400954704294
74	68	0.400954704294
66	34	0.0
34	66	0.0
3	82	0.0
82	3	0.0
57	24	0.0
24	57	0.0
11	49	0.0
49	11	0.0
74	17	0.0
17	74	0.0
19	8	0.0
8	19	0.0
22	60	0.303728800735
60	22	0.303728800735
4	52	0.0
52	4	0.0
3	34	0.405418788259
34	3	0.405418788259
69	15	0.0
15	69	0.0
7	55	0.0
55	7	0.0
60	24	0.36797514786
24	60	0.36797514786
55	21	0.0
21	55	0.0
12	55	0.375754450334
55	12	0.375754450334
7	60	0.0
60	7	0.0
76	34	0.415892447207
34	76	0.415892447207
27	84	0.0
84	27	0.0
38	80	0.0
80	38	0.0
61	48	0.0
48	61	0.0
30	75	0.303728800735
75	30	0.303728800735
28	65	0.417053772692
65	28	0.417053772692
31	54	0.0
54	31	0.0
76	87	0.0
87	76	0.0
2	68	0.400954704294
68	2	0.400954704294
31	27	0.0
27	31	0.0
30	8	0.377788797105
8	30	0.377788797105
67	1	0.581525854013
1	67	0.581525854013
48	73	0.0
73	48	0.0
12	63	0.36797514786
63	12	0.36797514786
11	15	0.373639484921
15	11	0.373639484921
37	40	0.323289493131
40	37	0.323289493131
56	52	0.0
52	56	0.0
41	29	0.0
29	41	0.0
13	85	0.0
85	13	0.0
53	61	0.0
61	53	0.0
10	19	0.0
19	10	0.0
56	69	0.0
69	56	0.0
87	24	0.0
24	87	0.0
15	88	0.367145873944
88	15	0.367145873944
16	5	0.406750718705
5	16	0.406750718705
48	24	0.365604031852
24	48	0.365604031852
33	78	0.324342398163
78	33	0.324342398163
10	48	0.0
48	10	0.0
6	7	0.0
7	6	0.0
85	30	0.33300408329
30	85	0.33300408329
24	73	0.0
73	24	0.0
19	34	0.0
34	19	0.0
31	11	0.0
11	31	0.0
38	81	0.400954704294
81	38	0.400954704294
47	62	0.0
62	47	0.0
79	12	0.0
12	79	0.0
59	3	0.0
3	59	0.0
3	75	0.359968052522
75	3	0.359968052522
67	57	0.0
57	67	0.0
17	80	0.0
80	17	0.0
55	8	0.410143024682
8	55	0.410143024682
65	17	0.0
17	65	0.0
68	1	0.400954704294
1	68	0.400954704294
27	73	0.0
73	27	0.0
44	14	0.369647896062
14	44	0.369647896062
59	21	0.0
21	59	0.0
3	15	0.372301309873
15	3	0.372301309873
43	17	0.0
17	43	0.0
13	24	0.0
24	13	0.0
52	8	0.0
8	52	0.0
6	79	0.0
79	6	0.0
27	83	0.0
83	27	0.0
34	69	0.0
69	34	0.0
76	69	0.0
69	76	0.0
12	57	0.0
57	12	0.0
38	9	0.405418788259
9	38	0.405418788259
86	37	0.0
37	86	0.0
15	73	0.0
73	15	0.0
1	8	0.581525854013
8	1	0.581525854013
42	15	0.435630795443
15	42	0.435630795443
66	88	0.0
88	66	0.0
68	14	0.392105764649
14	68	0.392105764649
37	27	0.314422235473
27	37	0.314422235473
74	49	0.0
49	74	0.0
27	29	0.386634031258
29	27	0.386634031258
77	51	0.387192153634
51	77	0.387192153634
86	81	0.0
81	86	0.0
33	82	0.0
82	33	0.0
2	3	0.405418788259
3	2	0.405418788259
85	17	0.0
17	85	0.0
31	82	0.0
82	31	0.0
14	8	0.525660055554
8	14	0.525660055554
68	8	0.401989192066
8	68	0.401989192066
27	70	0.394983107738
70	27	0.394983107738
50	31	0.0
31	50	0.0
41	55	0.0
55	41	0.0
38	35	0.0
35	38	0.0
2	27	0.394983107738
27	2	0.394983107738
27	14	0.381389581104
14	27	0.381389581104
36	34	0.37977748253
34	36	0.37977748253
27	63	0.36797514786
63	27	0.36797514786
81	84	0.0
84	81	0.0
68	9	0.359968052522
9	68	0.359968052522
23	51	0.293447210175
51	23	0.293447210175
58	71	0.359038250431
71	58	0.359038250431
50	62	0.0
62	50	0.0
4	70	0.438629814428
70	4	0.438629814428
3	71	0.307570679037
71	3	0.307570679037
10	51	0.0
51	10	0.0
29	32	0.407729988163
32	29	0.407729988163
68	3	0.359968052522
3	68	0.359968052522
85	57	0.0
57	85	0.0
36	69	0.0
69	36	0.0
71	15	0.32212745153
15	71	0.32212745153
12	25	0.0
25	12	0.0
16	71	0.334039898987
71	16	0.334039898987
50	46	0.322792627436
46	50	0.322792627436
84	55	0.0
55	84	0.0
81	39	0.400954704294
39	81	0.400954704294
67	88	0.399231535353
88	67	0.399231535353
1	54	0.545504075387
54	1	0.545504075387
86	74	0.0
74	86	0.0
27	11	0.365604031852
11	27	0.365604031852
37	34	0.326808216372
34	37	0.326808216372
3	62	0.0
62	3	0.0
53	1	0.0
1	53	0.0
78	24	0.306459391233
24	78	0.306459391233
45	70	0.358396764286
70	45	0.358396764286
53	15	0.0
15	53	0.0
31	78	0.0
78	31	0.0
66	17	0.0
17	66	0.0
23	66	0.0
66	23	0.0
4	84	0.0
84	4	0.0
30	63	0.303728800735
63	30	0.303728800735
13	60	0.0
60	13	0.0
87	15	0.0
15	87	0.0
37	60	0.316492260013
60	37	0.316492260013
53	85	0.0
85	53	0.0
57	14	0.0
14	57	0.0
36	87	0.0
87	36	0.0
38	11	0.40730493696
11	38	0.40730493696
81	15	0.369111709488
15	81	0.369111709488
29	78	0.365673527499
78	29	0.365673527499
47	37	0.32602003197
37	47	0.32602003197
66	27	0.0
27	66	0.0
79	30	0.0
30	79	0.0
46	24	0.303634521143
24	46	0.303634521143
78	59	0.0
59	78	0.0
51	26	0.39618241548
26	51	0.39618241548
41	65	0.0
65	41	0.0
5	7	0.0
7	5	0.0
33	35	0.0
35	33	0.0
44	82	0.0
82	44	0.0
76	88	0.399231535353
88	76	0.399231535353
66	15	0.0
15	66	0.0
86	12	0.0
12	86	0.0
46	32	0.311046805299
32	46	0.311046805299
63	64	0.36797514786
64	63	0.36797514786
37	63	0.316492260013
63	37	0.316492260013
43	62	0.0
62	43	0.0
9	8	0.40650034671
8	9	0.40650034671
62	8	0.0
8	62	0.0
33	27	0.306976993994
27	33	0.306976993994
30	87	0.0
87	30	0.0
50	21	0.0
21	50	0.0
75	87	0.0
87	75	0.0
5	69	0.0
69	5	0.0
41	44	0.0
44	41	0.0
69	8	0.0
8	69	0.0
16	76	0.461710900017
76	16	0.461710900017
28	26	0.381181007415
26	28	0.381181007415
74	64	0.423709113725
64	74	0.423709113725
63	62	0.0
62	63	0.0
67	66	0.0
66	67	0.0
83	69	0.0
69	83	0.0
28	13	0.0
13	28	0.0
37	52	0.0
52	37	0.0
47	3	0.346935882773
3	47	0.346935882773
45	44	0.314045960917
44	45	0.314045960917
33	80	0.0
80	33	0.0
12	73	0.0
73	12	0.0
22	71	0.301970584843
71	22	0.301970584843
17	51	0.0
51	17	0.0
12	32	0.382179092345
32	12	0.382179092345
46	19	0.0
19	46	0.0
49	54	0.0
54	49	0.0
32	70	0.418136585285
70	32	0.418136585285
86	19	0.0
19	86	0.0
27	40	0.375754450334
40	27	0.375754450334
17	8	0.0
8	17	0.0
59	24	0.0
24	59	0.0
53	33	0.0
33	53	0.0
34	40	0.409022306058
40	34	0.409022306058
10	22	0.0
22	10	0.0
78	52	0.0
52	78	0.0
79	26	0.0
26	79	0.0
80	54	0.0
54	80	0.0
49	40	0.0
40	49	0.0
31	70	0.0
70	31	0.0
52	24	0.0
24	52	0.0
37	80	0.0
80	37	0.0
66	61	0.0
61	66	0.0
41	19	0.0
19	41	0.0
63	36	0.36797514786
36	63	0.36797514786
31	12	0.0
12	31	0.0
77	20	0.0
20	77	0.0
66	41	0.0
41	66	0.0
28	55	0.409022306058
55	28	0.409022306058
33	3	0.31296950332
3	33	0.31296950332
31	51	0.0
51	31	0.0
7	17	0.0
17	7	0.0
7	87	0.0
87	7	0.0
7	34	0.0
34	7	0.0
10	69	0.0
69	10	0.0
76	8	1.0
8	76	1.0
79	75	0.0
75	79	0.0
79	35	0.0
35	79	0.0
63	32	0.381181007415
32	63	0.381181007415
47	20	0.0
20	47	0.0
46	17	0.0
17	46	0.0
50	65	0.443210519471
65	50	0.443210519471
9	24	0.373178359037
24	9	0.373178359037
4	34	0.414707780015
34	4	0.414707780015
69	52	0.0
52	69	0.0
7	56	0.0
56	7	0.0
50	24	0.39917382975
24	50	0.39917382975
44	77	0.365542081889
77	44	0.365542081889
28	20	0.0
20	28	0.0
17	56	0.0
56	17	0.0
63	15	0.367145873944
15	63	0.367145873944
35	77	0.0
77	35	0.0
81	88	0.398225058193
88	81	0.398225058193
58	70	0.461370164387
70	58	0.461370164387
4	27	0.394983107738
27	4	0.394983107738
31	15	0.0
15	31	0.0
75	8	0.399231535353
8	75	0.399231535353
68	83	0.0
83	68	0.0
44	54	0.377129192618
54	44	0.377129192618
86	11	0.0
11	86	0.0
50	29	0.430193513252
29	50	0.430193513252
31	65	0.0
65	31	0.0
41	31	0.0
31	41	0.0
47	24	0.371670138942
24	47	0.371670138942
4	31	0.0
31	4	0.0
12	65	0.402609683356
65	12	0.402609683356
23	28	0.298425469385
28	23	0.298425469385
82	54	0.0
54	82	0.0
71	39	0.307570679037
39	71	0.307570679037
61	62	0.0
62	61	0.0
80	75	0.0
75	80	0.0
22	73	0.0
73	22	0.0
30	40	0.309464355167
40	30	0.309464355167
45	58	0.371380962235
58	45	0.371380962235
83	26	0.0
26	83	0.0
65	73	0.0
73	65	0.0
82	55	0.0
55	82	0.0
68	52	0.0
52	68	0.0
19	87	0.0
87	19	0.0
20	25	0.0
25	20	0.0
12	64	0.378876580652
64	12	0.378876580652
21	73	0.0
73	21	0.0
58	27	0.381389581104
27	58	0.381389581104
44	7	0.0
7	44	0.0
4	77	0.414216671496
77	4	0.414216671496
74	8	0.581525854013
8	74	0.581525854013
60	70	0.374685380443
70	60	0.374685380443
62	24	0.0
24	62	0.0
5	82	0.0
82	5	0.0
77	14	0.476784930235
14	77	0.476784930235
5	40	0.409022306058
40	5	0.409022306058
37	10	0.0
10	37	0.0
70	11	0.40730493696
11	70	0.40730493696
36	62	0.0
62	36	0.0
16	47	0.403466612427
47	16	0.403466612427
32	24	0.382179092345
24	32	0.382179092345
10	64	0.0
64	10	0.0
33	81	0.310425884073
81	33	0.310425884073
30	1	0.376502964507
1	30	0.376502964507
60	36	0.36797514786
36	60	0.36797514786
44	9	0.313156975757
9	44	0.313156975757
28	64	0.381422671925
64	28	0.381422671925
27	74	0.394983107738
74	27	0.394983107738
41	64	0.0
64	41	0.0
33	24	0.311778509331
24	33	0.311778509331
14	24	0.394269177455
24	14	0.394269177455
60	21	0.0
21	60	0.0
50	14	0.430193513252
14	50	0.430193513252
79	22	0.0
22	79	0.0
1	56	0.413428333584
56	1	0.413428333584
79	37	0.0
37	79	0.0
41	84	0.0
84	41	0.0
50	36	0.39917382975
36	50	0.39917382975
1	40	0.409022306058
40	1	0.409022306058
68	69	0.0
69	68	0.0
23	59	0.0
59	23	0.0
28	57	0.0
57	28	0.0
66	63	0.0
63	66	0.0
12	71	0.311751852897
71	12	0.311751852897
38	72	0.0
72	38	0.0
13	55	0.0
55	13	0.0
42	79	0.0
79	42	0.0
11	8	0.408406861536
8	11	0.408406861536
58	34	0.404626536149
34	58	0.404626536149
10	17	0.0
17	10	0.0
86	55	0.0
55	86	0.0
16	85	0.334039898987
85	16	0.334039898987
81	21	0.0
21	81	0.0
53	19	0.0
19	53	0.0
66	28	0.0
28	66	0.0
7	30	0.0
30	7	0.0
4	72	0.0
72	4	0.0
71	51	0.307570679037
51	71	0.307570679037
43	40	0.378454369114
40	43	0.378454369114
58	68	0.392105764649
68	58	0.392105764649
80	24	0.0
24	80	0.0
5	49	0.0
49	5	0.0
27	30	0.301970584843
30	27	0.301970584843
10	30	0.0
30	10	0.0
74	55	0.409022306058
55	74	0.409022306058
29	62	0.0
62	29	0.0
13	57	0.0
57	13	0.0
66	29	0.0
29	66	0.0
5	50	0.417053772692
50	5	0.417053772692
47	33	0.317458916477
33	47	0.317458916477
31	17	0.0
17	31	0.0
24	39	0.373178359037
39	24	0.373178359037
65	84	0.0
84	65	0.0
42	83	0.0
83	42	0.0
35	34	0.0
34	35	0.0
57	40	0.0
40	57	0.0
23	3	0.293447210175
3	23	0.293447210175
2	49	0.0
49	2	0.0
86	15	0.0
15	86	0.0
28	32	0.396797928448
32	28	0.396797928448
57	56	0.0
56	57	0.0
2	33	0.389006061813
33	2	0.389006061813
67	65	0.4500906929
65	67	0.4500906929
13	11	0.0
11	13	0.0
68	73	0.0
73	68	0.0
7	68	0.0
68	7	0.0
47	8	0.414598375904
8	47	0.414598375904
3	32	0.387192153634
32	3	0.387192153634
65	36	0.402609683356
36	65	0.402609683356
31	32	0.0
32	31	0.0
86	24	0.0
24	86	0.0
86	18	0.0
18	86	0.0
4	44	0.3311949641
44	4	0.3311949641
37	24	0.319719675062
24	37	0.319719675062
80	69	0.0
69	80	0.0
29	24	0.394269177455
24	29	0.394269177455
74	56	0.413428333584
56	74	0.413428333584
62	26	0.0
26	62	0.0
18	24	0.0
24	18	0.0
16	11	0.397901273616
11	16	0.397901273616
2	18	0.0
18	2	0.0
52	26	0.0
26	52	0.0
12	27	0.365604031852
27	12	0.365604031852
77	49	0.0
49	77	0.0
37	21	0.0
21	37	0.0
46	81	0.302417073513
81	46	0.302417073513
31	3	0.0
3	31	0.0
27	87	0.0
87	27	0.0
46	1	0.370162713204
1	46	0.370162713204
65	9	0.363128559415
9	65	0.363128559415
12	3	0.373178359037
3	12	0.373178359037
82	88	0.0
88	82	0.0
33	28	0.319459551394
28	33	0.319459551394
68	10	0.0
10	68	0.0
50	4	0.438629814428
4	50	0.438629814428
62	51	0.0
51	62	0.0
23	17	0.0
17	23	0.0
22	9	0.307570679037
9	22	0.307570679037
43	83	0.0
83	43	0.0
32	56	0.382179092345
56	32	0.382179092345
31	83	0.0
83	31	0.0
59	88	0.0
88	59	0.0
7	1	0.0
1	7	0.0
50	41	0.0
41	50	0.0
62	34	0.0
34	62	0.0
86	9	0.0
9	86	0.0
84	8	0.0
8	84	0.0
83	75	0.0
75	83	0.0
30	73	0.0
73	30	0.0
22	82	0.0
82	22	0.0
74	51	0.405418788259
51	74	0.405418788259
7	40	0.0
40	7	0.0
46	82	0.0
82	46	0.0
74	24	0.403322099002
24	74	0.403322099002
46	69	0.0
69	46	0.0
68	82	0.0
82	68	0.0
4	19	0.0
19	4	0.0
36	24	0.371670138942
24	36	0.371670138942
28	70	0.417053772692
70	28	0.417053772692
33	52	0.0
52	33	0.0
45	72	0.0
72	45	0.0
42	39	0.40650034671
39	42	0.40650034671
37	1	0.409264053212
1	37	0.409264053212
50	12	0.39917382975
12	50	0.39917382975
37	28	0.328247890114
28	37	0.328247890114
17	71	0.0
71	17	0.0
22	11	0.308564427831
11	22	0.308564427831
5	61	0.0
61	5	0.0
66	11	0.0
11	66	0.0
31	37	0.0
37	31	0.0
38	61	0.0
61	38	0.0
14	54	0.49835922271
54	14	0.49835922271
43	33	0.351085292833
33	43	0.351085292833
38	60	0.398225058193
60	38	0.398225058193
41	82	0.0
82	41	0.0
28	62	0.0
62	28	0.0
42	45	0.393099687587
45	42	0.393099687587
34	73	0.0
73	34	0.0
47	9	0.346935882773
9	47	0.346935882773
58	10	0.0
10	58	0.0
10	55	0.0
55	10	0.0
67	21	0.0
21	67	0.0
80	57	0.0
57	80	0.0
27	78	0.301970584843
78	27	0.301970584843
44	63	0.309033739414
63	44	0.309033739414
72	39	0.0
39	72	0.0
34	88	0.398225058193
88	34	0.398225058193
62	49	0.0
49	62	0.0
62	19	0.0
19	62	0.0
61	24	0.0
24	61	0.0
63	52	0.0
52	63	0.0
13	71	0.0
71	13	0.0
76	24	0.404381352563
24	76	0.404381352563
18	83	0.0
83	18	0.0
61	14	0.0
14	61	0.0
27	81	0.335293690698
81	27	0.335293690698
16	77	0.461710900017
77	16	0.461710900017
42	69	0.0
69	42	0.0
27	36	0.365604031852
36	27	0.365604031852
86	29	0.0
29	86	0.0
45	37	0.34467242838
37	45	0.34467242838
44	22	0.307150493429
22	44	0.307150493429
5	47	0.381422671925
47	5	0.381422671925
34	87	0.0
87	34	0.0
86	76	0.0
76	86	0.0
60	48	0.394983107738
48	60	0.394983107738
19	73	0.0
73	19	0.0
52	49	0.0
49	52	0.0
54	88	0.389607197826
88	54	0.389607197826
55	24	0.375754450334
24	55	0.375754450334
75	57	0.0
57	75	0.0
63	87	0.0
87	63	0.0
53	83	0.0
83	53	0.0
78	88	0.303728800735
88	78	0.303728800735
13	3	0.0
3	13	0.0
12	76	0.414598375904
76	12	0.414598375904
19	14	0.0
14	19	0.0
5	11	0.381422671925
11	5	0.381422671925
59	82	0.0
82	59	0.0
75	24	0.36797514786
24	75	0.36797514786
46	22	0.299305620521
22	46	0.299305620521
27	25	0.0
25	27	0.0
2	24	0.403322099002
24	2	0.403322099002
35	40	0.0
40	35	0.0
2	32	0.418136585285
32	2	0.418136585285
11	54	0.397901273616
54	11	0.397901273616
82	24	0.0
24	82	0.0
20	24	0.0
24	20	0.0
67	36	0.425000608368
36	67	0.425000608368
82	69	0.0
69	82	0.0
41	8	0.0
8	41	0.0
43	61	0.0
61	43	0.0
20	39	0.0
39	20	0.0
17	24	0.0
24	17	0.0
53	24	0.0
24	53	0.0
13	83	0.0
83	13	0.0
32	55	0.409022306058
55	32	0.409022306058
22	76	0.377788797105
76	22	0.377788797105
41	9	0.0
9	41	0.0
23	69	0.0
69	23	0.0
31	40	0.0
40	31	0.0
27	32	0.378454369114
32	27	0.378454369114
31	59	0.0
59	31	0.0
16	87	0.0
87	16	0.0
31	71	0.0
71	31	0.0
67	52	0.0
52	67	0.0
80	73	0.0
73	80	0.0
17	14	0.0
14	17	0.0
31	55	0.0
55	31	0.0
59	8	0.0
8	59	0.0
43	70	0.494617732275
70	43	0.494617732275
46	20	0.0
20	46	0.0
17	39	0.0
39	17	0.0
27	76	0.395957064455
76	27	0.395957064455
23	21	0.0
21	23	0.0
66	26	0.0
26	66	0.0
38	24	0.403322099002
24	38	0.403322099002
23	24	0.292525661677
24	23	0.292525661677
46	27	0.299305620521
27	46	0.299305620521
26	40	0.398225058193
40	26	0.398225058193
3	26	0.39618241548
26	3	0.39618241548
38	19	0.0
19	38	0.0
41	21	0.0
21	41	0.0
9	49	0.0
49	9	0.0
15	24	0.370807144119
24	15	0.370807144119
15	39	0.372301309873
39	15	0.372301309873
62	88	0.0
88	62	0.0
13	9	0.0
9	13	0.0
13	19	0.0
19	13	0.0
30	56	0.311751852897
56	30	0.311751852897
47	27	0.365604031852
27	47	0.365604031852
58	59	0.0
59	58	0.0
5	60	0.374685380443
60	5	0.374685380443
13	77	0.0
77	13	0.0
35	24	0.0
24	35	0.0
35	83	0.0
83	35	0.0
55	25	0.0
25	55	0.0
3	87	0.0
87	3	0.0
42	14	0.525660055554
14	42	0.525660055554
53	39	0.0
39	53	0.0
10	62	0.0
62	10	0.0
8	49	0.0
49	8	0.0
33	68	0.310425884073
68	33	0.310425884073
80	49	0.0
49	80	0.0
31	28	0.0
28	31	0.0
31	68	0.0
68	31	0.0
13	51	0.0
51	13	0.0
67	4	0.440114211255
4	67	0.440114211255
76	59	0.0
59	76	0.0
32	1	0.418136585285
1	32	0.418136585285
23	71	0.306342943964
71	23	0.306342943964
23	27	0.288785565771
27	23	0.288785565771
63	34	0.398225058193
34	63	0.398225058193
22	19	0.0
19	22	0.0
6	76	0.0
76	6	0.0
41	49	0.0
49	41	0.0
44	36	0.323294081446
36	44	0.323294081446
42	74	0.581525854013
74	42	0.581525854013
31	30	0.0
30	31	0.0
56	54	0.403466612427
54	56	0.403466612427
79	82	0.0
82	79	0.0
58	81	0.392105764649
81	58	0.392105764649
22	24	0.306459391233
24	22	0.306459391233
12	83	0.0
83	12	0.0
47	11	0.374529266966
11	47	0.374529266966
86	22	0.0
22	86	0.0
12	10	0.0
10	12	0.0
37	68	0.318224788754
68	37	0.318224788754
27	48	0.332338757932
48	27	0.332338757932
18	8	0.0
8	18	0.0
57	39	0.0
39	57	0.0
44	87	0.0
87	44	0.0
12	28	0.381422671925
28	12	0.381422671925
32	71	0.314162394219
71	32	0.314162394219
68	51	0.359968052522
51	68	0.359968052522
69	54	0.0
54	69	0.0
50	44	0.333554257069
44	50	0.333554257069
5	80	0.0
80	5	0.0
29	82	0.0
82	29	0.0
81	24	0.369958963124
24	81	0.369958963124
6	24	0.0
24	6	0.0
16	54	0.461710900017
54	16	0.461710900017
31	76	0.0
76	31	0.0
71	8	0.377788797105
8	71	0.377788797105
69	87	0.0
87	69	0.0
13	22	0.0
22	13	0.0
46	8	0.371363625942
8	46	0.371363625942
38	23	0.346946890132
23	38	0.346946890132
81	34	0.400954704294
34	81	0.400954704294
12	30	0.311751852897
30	12	0.311751852897
60	52	0.0
52	60	0.0
56	84	0.0
84	56	0.0
28	88	0.381181007415
88	28	0.381181007415
46	79	0.0
79	46	0.0
53	31	0.0
31	53	0.0
59	14	0.0
14	59	0.0
46	52	0.0
52	46	0.0
45	9	0.314045960917
9	45	0.314045960917
77	55	0.410143024682
55	77	0.410143024682
12	24	0.371670138942
24	12	0.371670138942
65	32	0.418136585285
32	65	0.418136585285
85	24	0.306459391233
24	85	0.306459391233
81	8	0.401989192066
8	81	0.401989192066
10	9	0.0
9	10	0.0
60	34	0.398225058193
34	60	0.398225058193
27	62	0.0
62	27	0.0
6	69	0.0
69	6	0.0
13	39	0.0
39	13	0.0
35	36	0.0
36	35	0.0
81	52	0.0
52	81	0.0
86	3	0.0
3	86	0.0
47	51	0.346935882773
51	47	0.346935882773
46	66	0.0
66	46	0.0
1	64	0.423709113725
64	1	0.423709113725
53	8	0.0
8	53	0.0
43	63	0.370455988795
63	43	0.370455988795
79	14	0.0
14	79	0.0
79	27	0.0
27	79	0.0
14	40	0.399464446162
40	14	0.399464446162
23	37	0.321037617374
37	23	0.321037617374
4	24	0.396143996317
24	4	0.396143996317
44	73	0.0
73	44	0.0
30	62	0.0
62	30	0.0
66	12	0.0
12	66	0.0
79	3	0.0
3	79	0.0
47	61	0.0
61	47	0.0
42	53	0.0
53	42	0.0
83	14	0.0
14	83	0.0
8	24	0.404381352563
24	8	0.404381352563
36	75	0.36797514786
75	36	0.36797514786
51	84	0.0
84	51	0.0
86	34	0.0
34	86	0.0
2	1	0.581525854013
1	2	0.581525854013
29	84	0.0
84	29	0.0
47	52	0.0
52	47	0.0
67	17	0.0
17	67	0.0
56	15	0.377944885164
15	56	0.377944885164
58	24	0.394269177455
24	58	0.394269177455
25	64	0.0
64	25	0.0
62	20	0.0
20	62	0.0
47	19	0.0
19	47	0.0
52	25	0.0
25	52	0.0
66	10	0.0
10	66	0.0
12	60	0.36797514786
60	12	0.36797514786
70	71	0.347621742166
71	70	0.347621742166
36	88	0.36797514786
88	36	0.36797514786
27	55	0.346935882773
55	27	0.346935882773
54	39	0.39618241548
39	54	0.39618241548
42	46	0.371363625942
46	42	0.371363625942
4	78	0.324249690766
78	4	0.324249690766
52	21	0.0
21	52	0.0
66	31	0.0
31	66	0.0
15	40	0.374853001531
40	15	0.374853001531
65	56	0.402609683356
56	65	0.402609683356
5	59	0.0
59	5	0.0
13	78	0.0
78	13	0.0
2	69	0.0
69	2	0.0
28	87	0.0
87	28	0.0
33	14	0.369284045772
14	33	0.369284045772
68	11	0.369958963124
11	68	0.369958963124
2	52	0.0
52	2	0.0
63	69	0.0
69	63	0.0
79	34	0.0
34	79	0.0
74	77	0.51253384463
77	74	0.51253384463
55	87	0.0
87	55	0.0
47	12	0.378876580652
12	47	0.378876580652
86	51	0.0
51	86	0.0
4	68	0.39503111738
68	4	0.39503111738
80	64	0.0
64	80	0.0
67	8	1.0
8	67	1.0
36	11	0.374529266966
11	36	0.374529266966
10	11	0.0
11	10	0.0
41	26	0.0
26	41	0.0
37	55	0.323289493131
55	37	0.323289493131
27	26	0.333952006022
26	27	0.333952006022
22	62	0.0
62	22	0.0
50	51	0.405418788259
51	50	0.405418788259
13	32	0.0
32	13	0.0
16	29	0.659259640938
29	16	0.659259640938
1	21	0.0
21	1	0.0
28	24	0.381422671925
24	28	0.381422671925
70	75	0.398225058193
75	70	0.398225058193
79	10	0.0
10	79	0.0
81	73	0.0
73	81	0.0
10	32	0.0
32	10	0.0
43	24	0.374253279436
24	43	0.374253279436
13	88	0.0
88	13	0.0
10	36	0.0
36	10	0.0
29	34	0.404626536149
34	29	0.404626536149
23	56	0.296898735552
56	23	0.296898735552
19	20	0.0
20	19	0.0
29	51	0.39618241548
51	29	0.39618241548
38	33	0.389006061813
33	38	0.389006061813
42	44	0.390927637569
44	42	0.390927637569
5	21	0.0
21	5	0.0
31	13	0.0
13	31	0.0
50	52	0.0
52	50	0.0
45	2	0.391593507421
2	45	0.391593507421
16	24	0.394269177455
24	16	0.394269177455
5	25	0.0
25	5	0.0
34	55	0.409022306058
55	34	0.409022306058
12	87	0.0
87	12	0.0
81	82	0.0
82	81	0.0
48	87	0.0
87	48	0.0
79	47	0.0
47	79	0.0
86	28	0.0
28	86	0.0
3	48	0.394983107738
48	3	0.394983107738
33	29	0.376735004542
29	33	0.376735004542
67	19	0.0
19	67	0.0
72	87	0.0
87	72	0.0
31	8	0.0
8	31	0.0
32	75	0.381181007415
75	32	0.381181007415
28	3	0.387192153634
3	28	0.387192153634
32	26	0.381181007415
26	32	0.381181007415
86	36	0.0
36	86	0.0
6	41	0.0
41	6	0.0
37	22	0.314422235473
22	37	0.314422235473
86	17	0.0
17	86	0.0
17	87	0.0
87	17	0.0
45	12	0.318598873589
12	45	0.318598873589
31	61	0.0
61	31	0.0
37	49	0.0
49	37	0.0
27	60	0.333952006022
60	27	0.333952006022
46	2	0.370162713204
2	46	0.370162713204
44	48	0.307150493429
48	44	0.307150493429
52	40	0.0
40	52	0.0
60	40	0.398225058193
40	60	0.398225058193
12	11	0.374529266966
11	12	0.374529266966
85	87	0.0
87	85	0.0
5	12	0.381422671925
12	5	0.381422671925
58	7	0.0
7	58	0.0
82	52	0.0
52	82	0.0
68	24	0.369958963124
24	68	0.369958963124
77	18	0.0
18	77	0.0
44	69	0.0
69	44	0.0
21	40	0.0
40	21	0.0
24	54	0.394269177455
54	24	0.394269177455
32	14	0.407729988163
14	32	0.407729988163
2	62	0.0
62	2	0.0
27	8	0.395957064455
8	27	0.395957064455
83	21	0.0
21	83	0.0
59	32	0.0
32	59	0.0
63	82	0.0
82	63	0.0
72	18	0.0
18	72	0.0
53	34	0.0
34	53	0.0
7	26	0.0
26	7	0.0
4	64	0.396143996317
64	4	0.396143996317
16	28	0.406750718705
28	16	0.406750718705
44	24	0.311963139703
24	44	0.311963139703
4	55	0.409022306058
55	4	0.409022306058
66	40	0.0
40	66	0.0
61	26	0.0
26	61	0.0
29	71	0.365673527499
71	29	0.365673527499
49	15	0.0
15	49	0.0
5	56	0.381422671925
56	5	0.381422671925
31	84	0.0
84	31	0.0
31	34	0.0
34	31	0.0
53	30	0.0
30	53	0.0
27	54	0.386634031258
54	27	0.386634031258
79	25	0.0
25	79	0.0
53	63	0.0
63	53	0.0
52	87	0.0
87	52	0.0
5	30	0.313611106814
30	5	0.313611106814
65	70	0.417403648495
70	65	0.417403648495
78	20	0.0
20	78	0.0
31	64	0.0
64	31	0.0
10	34	0.0
34	10	0.0
49	88	0.0
88	49	0.0
66	21	0.0
21	66	0.0
35	74	0.0
74	35	0.0
38	8	0.581525854013
8	38	0.581525854013
31	80	0.0
80	31	0.0
67	69	0.0
69	67	0.0
10	80	0.0
80	10	0.0
16	21	0.0
21	16	0.0
33	88	0.308855946003
88	33	0.308855946003
52	20	0.0
20	52	0.0
47	73	0.0
73	47	0.0
27	21	0.0
21	27	0.0
28	9	0.387192153634
9	28	0.387192153634
63	51	0.39618241548
51	63	0.39618241548
3	73	0.0
73	3	0.0
50	27	0.394983107738
27	50	0.394983107738
41	1	0.0
1	41	0.0
59	9	0.0
9	59	0.0
18	39	0.0
39	18	0.0
41	56	0.0
56	41	0.0
2	51	0.405418788259
51	2	0.405418788259
37	19	0.0
19	37	0.0
12	56	0.378876580652
56	12	0.378876580652
50	26	0.398225058193
26	50	0.398225058193
55	54	0.410143024682
54	55	0.410143024682
32	9	0.387192153634
9	32	0.387192153634
4	3	0.405418788259
3	4	0.405418788259
53	17	0.0
17	53	0.0
44	78	0.307570679037
78	44	0.307570679037
27	88	0.36797514786
88	27	0.36797514786
68	13	0.0
13	68	0.0
4	61	0.0
61	4	0.0
12	80	0.0
80	12	0.0
33	72	0.0
72	33	0.0
12	21	0.0
21	12	0.0
31	10	0.0
10	31	0.0
46	31	0.0
31	46	0.0
19	21	0.0
21	19	0.0
9	56	0.373178359037
56	9	0.373178359037
9	75	0.359968052522
75	9	0.359968052522
86	49	0.0
49	86	0.0
65	15	0.401422624689
15	65	0.401422624689
42	24	0.404381352563
24	42	0.404381352563
43	23	0.321603463564
23	43	0.321603463564
26	64	0.36797514786
64	26	0.36797514786
60	32	0.381181007415
32	60	0.381181007415
45	33	0.334075044221
33	45	0.334075044221
41	37	0.0
37	41	0.0
60	1	0.398225058193
1	60	0.398225058193
2	36	0.423709113725
36	2	0.423709113725
4	74	0.438629814428
74	4	0.438629814428
60	30	0.303728800735
30	60	0.303728800735
53	18	0.0
18	53	0.0
61	73	0.0
73	61	0.0
36	25	0.0
25	36	0.0
79	56	0.0
56	79	0.0
37	32	0.328909960648
32	37	0.328909960648
27	13	0.0
13	27	0.0
11	25	0.0
25	11	0.0
74	3	0.405418788259
3	74	0.405418788259
42	58	0.525660055554
58	42	0.525660055554
46	47	0.308729498763
47	46	0.308729498763
5	37	0.328247890114
37	5	0.328247890114
84	40	0.0
40	84	0.0
67	71	0.377788797105
71	67	0.377788797105
82	51	0.0
51	82	0.0
32	51	0.387192153634
51	32	0.387192153634
27	28	0.378454369114
28	27	0.378454369114
16	40	0.399464446162
40	16	0.399464446162
41	14	0.0
14	41	0.0
35	62	0.0
62	35	0.0
45	24	0.312838579135
24	45	0.312838579135
6	56	0.0
56	6	0.0
19	25	0.0
25	19	0.0
81	17	0.0
17	81	0.0
46	70	0.342982406839
70	46	0.342982406839
79	19	0.0
19	79	0.0
80	15	0.0
15	80	0.0
71	88	0.303728800735
88	71	0.303728800735
86	10	0.0
10	86	0.0
25	26	0.0
26	25	0.0
4	65	0.438629814428
65	4	0.438629814428
8	64	0.425000608368
64	8	0.425000608368
6	52	0.0
52	6	0.0
37	81	0.318224788754
81	37	0.318224788754
66	36	0.0
36	66	0.0
12	40	0.375754450334
40	12	0.375754450334
50	76	0.444758283178
76	50	0.444758283178
2	11	0.40730493696
11	2	0.40730493696
38	28	0.417053772692
28	38	0.417053772692
68	77	0.383468311968
77	68	0.383468311968
27	64	0.365604031852
64	27	0.365604031852
79	24	0.0
24	79	0.0
27	39	0.337455378537
39	27	0.337455378537
77	56	0.393820440513
56	77	0.393820440513
74	70	0.683763222268
70	74	0.683763222268
61	20	0.0
20	61	0.0
9	20	0.0
20	9	0.0
67	74	0.581525854013
74	67	0.581525854013
76	48	0.395957064455
48	76	0.395957064455
6	40	0.0
40	6	0.0
1	52	0.0
52	1	0.0
41	11	0.0
11	41	0.0
28	18	0.0
18	28	0.0
67	41	0.0
41	67	0.0
67	28	0.418265613881
28	67	0.418265613881
2	41	0.0
41	2	0.0
10	87	0.0
87	10	0.0
27	56	0.365604031852
56	27	0.365604031852
6	86	0.0
86	6	0.0
45	19	0.0
19	45	0.0
35	25	0.0
25	35	0.0
16	23	0.314864319513
23	16	0.314864319513
35	87	0.0
87	35	0.0
31	39	0.0
39	31	0.0
23	2	0.346946890132
2	23	0.346946890132
58	51	0.39618241548
51	58	0.39618241548
74	18	0.0
18	74	0.0
55	40	0.409022306058
40	55	0.409022306058
28	69	0.0
69	28	0.0
27	24	0.365604031852
24	27	0.365604031852
11	84	0.0
84	11	0.0
30	82	0.0
82	30	0.0
74	21	0.0
21	74	0.0
46	78	0.314864319513
78	46	0.314864319513
37	3	0.321037617374
3	37	0.321037617374
46	9	0.304705154255
9	46	0.304705154255
41	27	0.0
27	41	0.0
1	15	0.435630795443
15	1	0.435630795443
5	72	0.0
72	5	0.0
31	19	0.0
19	31	0.0
72	71	0.0
71	72	0.0
22	69	0.0
69	22	0.0
68	40	0.374853001531
40	68	0.374853001531
4	15	0.39503111738
15	4	0.39503111738
83	84	0.0
84	83	0.0
58	80	0.0
80	58	0.0
27	9	0.337455378537
9	27	0.337455378537
59	80	0.0
80	59	0.0
67	24	0.404381352563
24	67	0.404381352563
50	87	0.0
87	50	0.0
43	19	0.0
19	43	0.0
29	22	0.365673527499
22	29	0.365673527499
78	71	0.318138284839
71	78	0.318138284839
80	8	0.0
8	80	0.0
31	9	0.0
9	31	0.0
66	39	0.0
39	66	0.0
1	24	0.403322099002
24	1	0.403322099002
4	57	0.0
57	4	0.0
76	1	0.581525854013
1	76	0.581525854013
6	73	0.0
73	6	0.0
4	21	0.0
21	4	0.0
5	55	0.409022306058
55	5	0.409022306058
86	44	0.0
44	86	0.0
76	15	0.435630795443
15	76	0.435630795443
16	46	0.330072837344
46	16	0.330072837344
23	36	0.301171202582
36	23	0.301171202582
71	69	0.0
69	71	0.0
44	25	0.0
25	44	0.0
45	38	0.391593507421
38	45	0.391593507421
12	22	0.311751852897
22	12	0.311751852897
71	34	0.312410365247
34	71	0.312410365247
75	15	0.367145873944
15	75	0.367145873944
29	76	0.545504075387
76	29	0.545504075387
9	15	0.372301309873
15	9	0.372301309873
4	10	0.0
10	4	0.0
27	3	0.337455378537
3	27	0.337455378537
8	39	0.40650034671
39	8	0.40650034671
4	22	0.324249690766
22	4	0.324249690766
75	73	0.0
73	75	0.0
35	69	0.0
69	35	0.0
5	1	0.417053772692
1	5	0.417053772692
72	36	0.0
36	72	0.0
67	14	0.525660055554
14	67	0.525660055554
31	73	0.0
73	31	0.0
42	31	0.0
31	42	0.0
31	72	0.0
72	31	0.0
38	76	0.581525854013
76	38	0.581525854013
79	33	0.0
33	79	0.0
46	61	0.0
61	46	0.0
65	52	0.0
52	65	0.0
38	32	0.418136585285
32	38	0.418136585285
52	39	0.0
39	52	0.0
56	64	0.378876580652
64	56	0.378876580652
31	24	0.0
24	31	0.0
13	73	0.0
73	13	0.0
71	19	0.0
19	71	0.0
82	1	0.0
1	82	0.0
30	3	0.307570679037
3	30	0.307570679037
70	51	0.380287865952
51	70	0.380287865952
58	52	0.0
52	58	0.0
79	9	0.0
9	79	0.0
27	65	0.359114444556
65	27	0.359114444556
5	2	0.417053772692
2	5	0.417053772692
33	37	0.350282283732
37	33	0.350282283732
49	24	0.0
24	49	0.0
45	27	0.307972899125
27	45	0.307972899125
7	52	0.0
52	7	0.0
33	65	0.3359746241
65	33	0.3359746241
3	64	0.373178359037
64	3	0.373178359037
67	49	0.0
49	67	0.0
38	49	0.0
49	38	0.0
27	15	0.364795872256
15	27	0.364795872256
67	12	0.414598375904
12	67	0.414598375904
30	21	0.0
21	30	0.0
79	80	0.0
80	79	0.0
14	25	0.0
25	14	0.0
79	28	0.0
28	79	0.0
11	48	0.365604031852
48	11	0.365604031852
12	36	0.378876580652
36	12	0.378876580652
53	29	0.0
29	53	0.0
10	73	0.0
73	10	0.0
67	39	0.40650034671
39	67	0.40650034671
41	24	0.0
24	41	0.0
70	52	0.0
52	70	0.0
53	27	0.0
27	53	0.0
30	81	0.305196251161
81	30	0.305196251161
81	36	0.369958963124
36	81	0.369958963124
44	15	0.328886800522
15	44	0.328886800522
28	52	0.0
52	28	0.0
5	27	0.381422671925
27	5	0.381422671925
10	84	0.0
84	10	0.0
50	28	0.417053772692
28	50	0.417053772692
41	12	0.0
12	41	0.0
27	34	0.37977748253
34	27	0.37977748253
45	51	0.314045960917
51	45	0.314045960917
35	55	0.0
55	35	0.0
23	22	0.288785565771
22	23	0.288785565771
80	1	0.0
1	80	0.0
68	29	0.392105764649
29	68	0.392105764649
28	29	0.406750718705
29	28	0.406750718705
37	25	0.0
25	37	0.0
16	70	0.459914598769
70	16	0.459914598769
3	57	0.0
57	3	0.0
46	37	0.336881947617
37	46	0.336881947617
65	77	0.421983317345
77	65	0.421983317345
36	73	0.0
73	36	0.0
27	10	0.0
10	27	0.0
65	24	0.402609683356
24	65	0.402609683356
47	85	0.311751852897
85	47	0.311751852897
41	68	0.0
68	41	0.0
79	76	0.0
76	79	0.0
85	14	0.359038250431
14	85	0.359038250431
67	37	0.411063265319
37	67	0.411063265319
53	54	0.0
54	53	0.0
58	39	0.39618241548
39	58	0.39618241548
49	26	0.0
26	49	0.0
13	74	0.0
74	13	0.0
79	51	0.0
51	79	0.0
69	24	0.0
24	69	0.0
77	24	0.385445755343
24	77	0.385445755343
5	81	0.3768193107
81	5	0.3768193107
45	13	0.0
13	45	0.0
3	24	0.373178359037
24	3	0.373178359037
47	65	0.3714208219
65	47	0.3714208219
67	10	0.0
10	67	0.0
79	72	0.0
72	79	0.0
8	15	0.435630795443
15	8	0.435630795443
44	56	0.317657398327
56	44	0.317657398327
24	26	0.36797514786
26	24	0.36797514786
34	52	0.0
52	34	0.0
4	20	0.0
20	4	0.0
50	40	0.409022306058
40	50	0.409022306058
21	15	0.0
15	21	0.0
87	88	0.0
88	87	0.0
58	12	0.403466612427
12	58	0.403466612427
7	39	0.0
39	7	0.0
67	35	0.0
35	67	0.0
50	23	0.308801958683
23	50	0.308801958683
22	87	0.0
87	22	0.0
2	7	0.0
7	2	0.0
9	39	0.405418788259
39	9	0.405418788259
51	24	0.373178359037
24	51	0.373178359037
35	32	0.0
32	35	0.0
69	40	0.0
40	69	0.0
7	24	0.0
24	7	0.0
