2582	3931	0.0
3144	3067	0.0
4206	3436	0.453082501911
925	3346	0.0
1965	3479	0.0
47	677	0.0
3274	4255	0.0
3755	2420	0.0
122	900	0.0
1473	2233	0.47505518505
45	2054	0.0
4814	5172	0.0
2272	1765	0.0
3950	3779	0.0
1473	552	0.562558981855
3190	4958	0.0
4007	4979	0.0
2272	1526	0.0
47	367	0.0
3755	5258	0.0
1473	3479	0.832815181094
1048	5258	0.0
1211	2912	0.0
920	4007	0.0
2638	4621	0.0
2582	4549	0.0
4007	958	0.0
2582	3371	0.0
941	498	0.0
2100	1690	0.0
1211	2459	0.0
55	2442	0.0
3946	3204	0.0
1327	5203	0.0
2007	57	0.457306683744
525	4606	0.0
435	2539	0.0
2582	3736	0.0
525	2510	0.0
4427	4206	0.473241185747
1705	1690	0.0
2638	1109	0.0
371	4948	0.0
45	1386	0.0
2767	5036	0.0
461	5265	0.0
3268	4630	0.0
2233	3244	0.0
470	3782	0.488117085578
2100	1236	0.0
1975	1473	0.0
4284	1690	0.0
4107	2796	0.0
800	958	0.0
349	4427	0.0
4940	804	0.0
4246	925	0.0
122	925	0.0
1350	1599	0.508280539887
2054	4549	0.0
3950	731	0.0
3950	5249	0.0
2661	1789	0.44935212151
4591	3067	0.0
525	3736	0.0
941	4377	0.0
4246	461	0.0
1958	3573	0.0
4107	5036	0.0
1937	958	0.0
4591	4255	0.0
2857	1975	0.0
2007	958	0.0
4643	2446	0.0
367	4606	0.0
815	3690	0.0
3426	4940	0.0
4629	1579	0.0
122	1526	0.0
3624	1480	0.679800994808
371	2356	0.0
4643	4979	0.0
38	3782	0.441244235689
1194	461	0.0
3144	2233	0.572207227467
470	4856	0.0
4246	4958	0.0
3268	800	0.0
38	3931	0.0
532	1847	0.0
2675	4221	0.50237469399
3144	3505	0.0
47	1942	0.0
1048	1473	0.0
3624	3436	0.0
4284	3690	0.0
2582	4621	0.0
2825	1572	0.0
2446	390	0.0
525	815	0.0
1315	2356	0.0
3950	2286	0.0
3874	5081	0.0
5249	3926	0.0
3931	4630	0.0
537	3067	0.0
2637	5172	0.0
2054	1236	0.0
3950	3331	0.0
2356	2510	0.0
4007	2912	0.0
1847	1109	0.0
122	3624	0.0
4606	1526	0.0
920	5249	0.0
1350	1473	0.434493510059
525	5290	0.0
122	1236	0.0
3479	2782	0.0
122	3897	0.0
55	2796	0.0
4591	2116	0.0
4194	2637	0.0
804	1236	0.0
435	5030	0.0
4279	3828	0.0
3980	804	0.0
2007	3436	0.470727998005
2857	4328	0.536672050814
502	4345	0.0
2640	1526	0.0
4377	2669	0.0
941	1236	0.0
122	57	0.0
4427	1965	0.0
5102	4255	0.0
4284	3782	0.0
941	1386	0.0
4591	2822	0.0
38	4328	0.523406602628
941	1423	0.0
1975	2356	0.0
5081	113	0.0
2582	498	0.0
3946	349	0.543595112217
677	3505	0.0
2229	2669	0.0
941	3426	0.0
5036	5203	0.0
5172	5265	0.0
4591	2669	0.0
4245	4255	0.0
502	4630	0.0
435	4643	0.0
3980	4206	0.0
2756	5030	0.0
45	1211	0.0
815	2459	0.0
1194	2796	0.0
3274	3346	0.0
2356	2446	0.0
4276	2233	0.0
1350	2229	0.0
1937	1386	0.0
448	2100	0.0
1473	3828	0.0
57	4552	0.54176237758
371	3573	0.0
2100	5290	0.0
1975	958	0.0
3755	773	0.0
941	2420	0.0
5036	4345	0.0
2100	800	0.0
1041	4979	0.0
2582	1386	0.0
1847	4194	0.0
1942	4007	0.0
3331	3608	0.0
3144	1975	0.536326464036
4246	1236	0.0
537	925	0.0
1942	3346	0.0
3190	2870	0.0
2233	3624	0.0
5172	4552	0.0
45	4224	0.0
1937	3624	0.0
3331	2233	0.0
4629	4206	0.0
804	5265	0.0
2116	3505	0.0
2356	1789	0.0
2870	4221	0.0
815	4940	0.0
3888	3931	0.0
3926	804	0.0
1227	502	0.0
901	2756	0.0
3436	3573	0.0
2658	800	0.751625272505
1765	3782	0.0
4427	4621	0.0
2822	502	0.58294472682
3204	4552	0.0
3926	3505	0.0
3426	1285	0.0
4007	4630	0.0
2637	5290	0.0
3874	57	0.0
1975	3931	0.0
4948	3346	0.0
371	1975	0.540267454784
1041	461	0.0
448	5290	0.0
2539	2298	0.0
2007	4948	0.0
925	2912	0.0
371	3244	0.507739831371
941	1705	0.0
2582	4630	0.0
900	2442	0.0
45	3274	0.0
2007	2510	0.0
2767	3980	0.0
38	3980	0.0
3888	1572	0.0
1048	900	0.444389771476
38	3959	0.0
4194	4549	0.0
1473	4221	0.511905664292
2116	5091	0.637728575586
941	2767	0.0
1847	1285	0.0
862	5290	0.0
1722	3624	0.0
3950	3479	0.0
2661	1765	0.0
435	1227	0.0
3678	1236	0.0
1473	498	0.0
1602	804	0.0
2298	3897	0.0
941	2116	0.0
4007	3204	0.0
371	4856	0.0
1283	3479	0.550357064604
2007	3274	0.0
901	3436	0.0
2857	1690	0.0
1315	5265	0.0
1473	5102	0.545989741861
1285	1690	0.0
2857	4246	0.0
2658	1765	0.660942608594
2054	2298	0.0
3268	3897	0.0
57	3627	0.0
3836	1211	0.0
2272	1315	0.0
4246	1423	0.0
4246	2319	0.0
435	2272	0.0
3608	2442	0.0
804	2912	0.0
804	1579	0.0
4552	4948	0.0
3836	1473	0.535456820385
5027	5265	0.0
2420	4979	0.827956470383
2756	5258	0.0
371	1285	0.592419260371
1975	1194	0.0
4643	3624	0.723185042642
1898	4107	0.0
537	1705	0.0
5027	3436	0.0
4245	4643	0.0
3558	4643	0.0
2356	3573	0.0
1975	4206	0.0
1048	1975	0.0
1599	2570	0.0
2298	1690	0.0
2298	3624	0.0
367	1285	0.843780534511
3946	2822	0.572955334277
3836	2319	0.0
60	2446	0.569936940306
4284	113	0.0
4179	1975	0.0
4276	2337	0.0
941	2007	0.0
2007	2638	0.0
1048	4621	0.0
1690	4345	0.0
1194	731	0.0
2459	4958	0.0
3926	958	0.0
47	1285	0.0
47	3624	0.0
60	4606	0.0
4621	3244	0.0
2272	5203	0.0
57	3779	0.0
2582	55	0.0
2007	2570	0.0
4557	390	0.0
1423	5027	0.0
349	113	0.0
122	349	0.0
1705	390	0.0
4246	448	0.0
2116	4224	0.0
1194	5036	0.0
4276	3736	0.0
3980	113	0.0
2229	3779	0.0
1396	2912	0.0
1599	1965	0.0
731	4630	0.0
3946	4221	0.0
1765	3608	0.0
57	3573	0.0
1965	2100	0.0
448	382	1.0
2229	5258	0.0
1048	4552	0.0
4629	4397	0.0
1236	2756	0.673415186277
60	4549	0.0
3274	4630	0.0
2286	2510	0.0
920	3558	0.0
2420	2442	0.0
4007	2756	0.0
1423	461	0.0
2116	390	0.0
1765	3980	0.0
1480	2337	0.0
4224	4549	0.0
3190	3204	0.0
1602	1285	0.604311102084
1285	2233	0.574038193928
1473	4606	0.764155256231
1423	1109	0.0
1480	1572	0.526154481043
941	5036	0.0
525	4397	0.0
2857	3782	0.453295784211
974	2233	0.732137326518
2272	4958	0.0
113	390	0.0
4224	3931	0.0
3779	3897	0.0
3678	4630	0.0
1965	3782	0.0
3558	3505	0.0
3573	390	0.0
1705	3067	0.0
5102	3690	0.0
1965	5027	0.0
3959	3573	0.0
2054	4630	0.0
4643	800	0.0
435	4552	0.0
2857	5036	0.0
941	4606	0.0
4194	1315	0.0
2796	390	0.0
3274	2756	0.0
4948	2912	0.0
122	4591	0.0
4549	4557	0.0
537	1958	0.458808293856
2116	113	0.525570368855
900	958	0.0
2007	5036	0.0
4276	1386	0.0
435	4224	0.0
4007	1765	0.0
1965	1572	0.0
2582	3244	0.0
5249	57	0.0
470	4427	0.482051467668
4224	382	0.0
3950	5091	0.0
900	804	0.0
1473	5290	0.764155256231
3950	2669	0.0
2007	2912	0.0
1942	5265	0.0
2857	3436	0.46637299589
38	4007	0.0
1722	1789	0.0
1847	4940	0.0
532	3931	0.0
4591	5036	0.0
470	2459	0.0
4643	3779	0.0
2669	3931	0.0
1396	4397	0.0
3274	677	0.0
773	731	0.0
3268	2319	0.0
435	4206	0.0
1722	2446	0.0
3371	4221	0.524398336618
1048	4194	0.0
1473	1109	0.0
2229	2767	0.0
2319	900	0.584300272457
3888	3736	0.0
4279	5172	0.0
941	525	0.0
4194	3627	0.0
2582	3874	0.0
1942	3931	0.0
1473	4328	0.5308807446
4814	1789	0.0
1283	1958	0.0
122	3558	0.0
4255	4549	0.0
4279	5030	0.0
941	537	0.0
2638	1579	0.0
2007	435	0.0
2229	925	0.0
4345	5290	0.0
1194	2756	0.0
1048	2912	0.0
435	1789	0.0
5091	2233	0.62449841808
1898	5027	0.0
1041	1690	0.0
1473	2912	0.0
1473	731	0.437090033945
2796	3736	0.0
435	2298	0.0
5203	5265	0.0
2420	3331	0.0
45	2007	0.0
470	773	0.0
4224	3779	0.0
2272	2054	0.0
3627	4549	0.0
470	502	0.488117085578
2229	1958	0.0
3067	2822	0.0
4427	1789	0.0
3190	3736	0.0
3426	3244	0.0
349	2100	0.0
4007	2637	0.0
1327	2675	0.0
2007	5027	0.0
2661	4206	0.439602524015
525	1473	0.0
4814	958	0.0
470	4948	0.0
1350	2233	0.0
5203	4621	0.0
2675	470	0.471321527938
2054	3779	0.0
3505	3346	0.0
804	2286	0.0
60	1041	0.0
731	1958	0.45096206749
4427	2356	0.0
45	2637	0.0
4246	2116	0.0
4591	2298	0.0
3268	4979	0.0
1041	1473	0.0
4979	1789	0.493570153019
470	5027	0.0
3946	4629	0.572955334277
5172	958	0.0
3888	2233	0.0
1285	5258	0.0
3558	1283	0.0
3627	2446	0.0
4279	2233	0.635177496419
5203	2286	0.494827951399
941	4940	0.0
1937	1847	0.0
2100	461	0.0
1765	3244	0.0
3371	3828	0.0
1194	4621	0.0
38	2756	0.812360882976
1203	2337	0.0
448	498	0.0
1109	1789	0.0
122	3946	0.0
5203	1227	0.0
3888	2767	0.0
2582	502	0.0
1211	1473	0.0
4814	3828	0.0
2675	4621	0.0
1048	3608	0.0
2233	3980	0.0
2638	3505	0.0
1975	773	0.0
525	3436	0.0
2870	800	0.0
2669	3244	0.0
4814	1722	0.0
4557	2723	0.0
2661	4221	0.0
1386	4630	0.0
2272	5027	0.0
122	4107	0.0
5036	3093	0.474824621249
5249	5027	0.0
2459	4856	0.0
4284	3926	0.0
1283	498	0.0
122	1965	0.0
1602	1473	0.0
4194	2661	0.0
3874	3331	0.0
5081	4345	0.0
1350	4427	0.0
1386	2669	0.0
1386	4979	0.0
537	5172	0.0
470	5203	0.488117085578
3371	2446	0.714668643883
941	3371	0.0
122	4397	0.0
677	1194	0.0
122	3346	0.0
2767	3624	0.0
2825	2233	0.0
4255	1690	0.0
2582	1722	0.0
3331	3736	0.0
3765	5030	0.0
1473	2822	0.0
920	3980	0.0
4948	5030	0.0
5030	3897	0.0
1480	2100	0.0
1211	3736	0.0
4245	349	0.0
5172	2570	0.0
4246	5027	0.0
525	3067	0.0
5203	1789	0.494827951399
1327	1572	0.0
3950	804	0.0
862	2420	0.0
1942	4739	0.0
3755	2570	0.0
4246	5036	0.0
1473	2337	0.0
5027	2356	0.0
1386	3371	0.0
2337	3067	0.0
4224	2782	0.0
2661	4328	0.44085765434
4194	3931	0.0
60	435	0.0
3274	3874	0.0
1975	2661	0.0
2857	2229	0.0
5172	2229	0.0
4557	4606	0.0
2658	470	0.522146252741
4007	3624	0.0
4279	1722	0.0
2233	1109	0.0
1048	2825	0.0
371	4194	0.0
2233	4557	0.0
5203	2756	0.612205434368
4194	448	0.0
2459	901	0.0
3980	2446	0.0
2658	1109	0.0
371	3346	0.0
815	435	0.0
1599	2319	0.794770247077
1898	1958	0.0
4940	4739	0.0
1480	4621	0.0
4643	1526	0.0
3268	2661	0.0
5081	3931	0.0
2857	2912	0.0
1965	1236	0.0
2857	4345	0.0
5091	2100	0.0
525	1211	0.0
1975	4948	0.0
537	2767	0.448675714193
2756	3244	0.478351140356
3274	3093	0.0
2054	925	0.0
900	2054	0.0
941	4194	0.0
5091	3779	0.0
4591	1194	0.0
677	2229	0.0
1898	2912	0.0
3268	2446	0.0
901	2054	0.0
2658	2570	0.0
3190	3436	0.0
2272	4549	0.0
1602	1203	0.0
2298	1109	0.0
941	2658	0.0
47	5290	0.0
525	448	0.0
1396	3608	0.0
525	4194	0.0
2229	2233	0.0
38	3505	0.0
3950	3505	0.0
4221	4630	0.0
1386	2229	0.0
4284	55	0.0
2640	5102	0.0
57	2756	0.534313978203
371	4552	0.540267454784
2446	1789	0.451418608371
60	920	0.0
1765	4739	0.0
3765	3204	0.0
371	1194	0.0
2007	4328	0.519723540566
2796	4345	0.0
38	5172	0.0
537	1572	0.501865272758
4276	1315	0.0
2116	3624	0.0
2229	3436	0.0
371	974	0.664019059708
1350	5290	0.0
5172	4206	0.0
1396	3346	0.0
1579	4739	0.0
2319	2870	0.0
461	2510	0.0
2007	5203	0.503403139786
1473	1480	0.540839606356
45	5249	0.0
5036	925	0.0
4591	4284	0.0
4643	3897	0.0
3144	5249	0.0
349	3479	0.43287949865
3888	55	0.0
2658	2229	0.0
1602	3438	0.0
4958	1690	0.0
55	3331	0.0
5249	1765	0.0
3690	2756	0.0
3950	4856	0.0
3690	4621	0.0
3755	4194	0.0
941	367	0.0
2870	4739	0.0
4007	1194	0.0
38	2669	0.0
3959	1396	0.0
731	2100	0.0
2459	3897	0.0
901	5203	0.0
3836	4606	0.0
38	382	0.600981800758
1942	5036	0.0
4255	3346	0.0
2782	3779	0.0
3678	3093	0.0
5249	4224	0.0
1423	1194	0.0
448	2233	0.659037773542
4279	382	0.642511785157
2658	2054	0.0
45	1473	0.0
1722	2756	0.0
45	1942	0.0
525	3897	0.0
435	2229	0.0
45	4245	0.0
5027	1194	0.0
122	4630	0.0
525	958	0.0
1305	4591	0.0
2420	4630	0.0
1898	2116	0.0
1211	2510	0.0
2420	2233	0.627056197226
1350	1965	0.0
1690	3346	0.0
5081	2669	0.0
4221	2669	0.0
4427	5027	0.0
3755	4224	0.0
4629	3980	0.0
1599	55	0.0
525	3874	0.0
2857	1283	0.0
2857	1211	0.0
862	1572	0.0
1305	4328	0.470350416882
3426	2233	0.0
4279	2298	0.0
5172	502	0.0
1975	4427	0.0
2857	3505	0.0
1048	3779	0.0
1965	5081	0.0
1705	1473	0.0
1473	4552	0.0
2857	2756	0.543142371442
4007	1423	0.0
2007	1473	0.515453612872
1211	2319	0.0
901	4255	0.0
3144	1423	0.0
2229	4630	0.0
38	5265	0.0
3765	1898	0.0
1765	4948	0.0
4591	2233	0.0
1236	4328	0.516057730799
2459	3627	0.0
4255	4856	0.0
3438	4397	0.0
1958	3828	0.0
4427	2446	0.479055945896
1975	4739	0.0
5091	1227	0.0
498	2442	0.0
2767	552	0.631814491046
2420	974	0.689242864923
815	470	0.0
3946	5036	0.0
4194	4245	0.0
2582	2658	0.0
941	390	0.0
38	2459	0.0
4958	5036	0.0
60	1975	0.91433675393
2675	3093	0.0
371	502	0.616976367208
3505	5036	0.0
2582	800	0.0
38	2054	0.0
60	2822	0.594597856655
2640	552	0.506324601117
3505	4621	0.0
4194	3782	0.0
677	4630	0.0
470	4552	0.0
2286	2756	0.540839606356
2637	3897	0.0
1942	4194	0.0
552	958	0.0
4107	862	0.0
38	537	0.474913877663
1975	3067	0.0
3624	3573	0.0
2233	4948	0.0
4643	925	0.0
1526	5030	0.0
2658	925	0.0
815	4206	0.0
5091	2442	0.0
47	804	0.0
122	4224	0.0
5027	925	0.0
2723	5290	0.0
3627	1690	0.0
55	1109	0.0
5030	3931	0.0
2822	4739	0.0
60	4557	0.45769249596
4591	1283	0.0
3755	4948	0.0
941	2912	0.0
1942	1526	0.0
1473	390	0.0
1599	3067	0.499259264515
122	2446	0.0
2661	3627	0.0
1473	3573	0.0
1227	2822	0.0
4427	5030	0.0
3765	1203	0.0
470	2510	0.0
5091	3346	0.0
901	3244	0.0
537	2661	0.454800967634
4206	4948	0.0
2116	2510	0.0
3736	2669	0.0
1602	3950	0.0
1048	4397	0.0
1211	2286	0.0
2658	4630	0.0
4630	5290	0.0
2459	773	0.0
1350	1211	0.0
371	3624	0.0
371	470	0.500982112867
5027	5036	0.0
5172	3980	0.0
3950	1690	0.0
1236	1526	0.70854541741
3093	3828	0.0
5249	2286	0.0
1958	1572	0.453710992072
435	3736	0.0
2286	3931	0.0
2007	2661	0.0
1898	2233	0.0
3627	2756	0.0
2054	1480	0.0
47	1203	0.0
38	4377	0.0
2272	3479	0.0
122	2756	0.0
2857	2669	0.0
1705	3779	0.0
38	1203	0.454911988911
3144	1526	0.595030731679
4591	2638	0.0
2272	2510	0.0
4179	3779	0.0
122	800	0.0
537	3144	0.0
3371	2233	0.659037773542
122	2723	0.0
1236	502	0.642511785157
3274	3479	0.0
1305	4221	0.0
3268	4221	0.0
1327	4940	0.0
3436	3782	0.4673645446
3624	4630	0.0
1965	3779	0.0
4246	900	0.0
4629	1283	0.0
4255	498	0.0
4246	2054	0.0
2319	2233	0.667058018197
4007	1526	0.0
3946	4007	0.0
5036	3782	0.0
4194	5203	0.0
3624	5265	0.0
815	1211	0.0
1473	2459	0.0
3950	2442	0.0
2582	1690	0.0
1283	4552	0.0
2319	5265	0.0
5027	4948	0.0
1937	1423	0.0
974	4643	0.0
1898	4255	0.0
3888	4276	0.0
4206	3782	0.449588307098
2825	2637	0.0
3268	2510	0.0
1194	3436	0.0
1602	1315	0.0
958	5258	0.0
2661	4621	0.0
2229	2782	0.0
4377	5036	0.0
435	3950	0.0
773	2446	0.0
2229	3346	0.0
1327	900	0.0
55	5290	0.0
3926	3779	0.0
2658	773	0.0
2459	1109	0.0
5027	804	0.0
2638	3959	0.0
2459	958	0.0
3624	4552	0.0
1602	4814	0.0
470	3573	0.0
4427	502	0.0
2054	2767	0.0
2675	5172	0.0
2582	862	0.0
3959	1572	0.0
1898	2637	0.0
4276	4856	0.0
1109	3573	0.0
470	4958	0.0
2319	3779	0.0
920	4606	0.0
4427	3897	0.0
2007	5290	0.0
4591	4279	0.0
2582	4221	0.0
4814	2870	0.0
1211	461	0.0
3268	1236	0.0
45	4397	0.0
2286	4630	0.0
2054	2756	0.0
1203	3627	0.0
38	773	0.0
5203	3436	0.691095321675
677	4397	0.0
2233	3505	0.0
941	4427	0.0
1327	731	0.0
1705	1203	0.0
3274	4427	0.0
3946	3244	0.0
4221	5290	0.0
2356	4739	0.0
4194	2298	0.0
2857	4427	0.477805940514
3144	2637	0.0
1283	390	0.0
1305	5036	0.0
4814	4621	0.0
3426	5036	0.0
45	5265	0.0
941	3874	0.0
5027	2100	0.0
4629	5030	0.0
1898	4427	0.0
4643	5036	0.0
4276	2782	0.0
2638	2756	0.0
4279	3897	0.61971463779
3274	3608	0.0
2582	3779	0.0
4591	677	0.0
2007	1048	0.0
815	3438	0.0
461	804	0.0
4591	2446	0.0
3274	3204	0.0
4279	4224	0.0
2658	3828	0.0
1599	5027	0.0
122	804	0.0
3897	4739	0.0
1473	3627	0.0
1203	1396	0.46593935082
2582	1705	0.0
2007	4606	0.0
349	2319	0.583030633195
1211	3624	0.0
2582	3426	0.0
2459	3331	0.0
4194	3436	0.0
4007	3558	0.0
2857	382	0.497729264333
4194	4246	0.0
4377	2782	0.0
3624	5203	0.0
525	1048	0.0
38	5027	0.0
1041	1386	0.0
4179	349	0.0
1315	4606	1.0
2298	2286	0.0
435	1958	0.0
1473	4206	0.535456820385
941	3479	0.0
2640	2767	0.431289222879
3558	5030	0.0
2570	3779	0.0
552	4328	0.566642570557
2007	2857	0.53671320512
941	2446	0.0
2661	974	0.0
1386	4948	0.0
3950	1765	0.0
4948	2510	0.0
2116	1690	0.0
2767	4621	0.0
3608	1526	0.0
3479	4958	0.0
2298	4621	0.0
1599	2637	0.0
2233	1690	0.0
525	5036	0.0
5203	3244	0.546333754107
4591	2100	0.0
2007	390	0.0
5172	804	0.0
498	382	0.0
2640	2229	0.0
3874	1765	0.0
2675	958	0.0
47	2229	0.0
1315	390	0.0
2233	4345	0.0
5036	5030	0.0
1041	3268	0.0
1327	4591	0.0
2658	1526	0.70854541741
1048	3690	0.0
3888	2870	0.0
2459	3573	0.0
2233	4621	0.0
537	498	0.0
4284	2570	0.0
470	3436	0.458914477252
1194	2100	0.0
537	1236	0.0
1599	5203	0.765898271717
1526	4856	0.0
55	1526	0.0
3190	4397	0.0
4427	4549	0.0
1705	2286	0.0
1965	1958	0.0
4276	4606	0.0
5027	3204	0.0
1847	1898	0.0
38	5036	0.0
815	2272	0.0
371	1315	0.0
2857	3426	0.0
1975	113	0.0
4255	2286	0.0
2658	2233	0.635177496419
3190	3959	0.0
2658	4606	0.0
371	1041	0.0
4255	958	0.0
470	2912	0.0
5249	1423	0.0
1396	2767	0.574038193928
3144	4979	0.575532616497
1350	1765	0.0
3346	5265	0.0
3144	925	0.0
3950	5265	0.0
3190	2442	0.0
367	4107	0.0
3874	5030	0.0
815	1473	0.0
1937	1722	0.0
1203	4630	0.0
3190	448	0.0
3608	3678	0.0
4621	502	0.0
1423	3959	0.0
371	2912	0.0
1203	4739	0.0
1236	5258	0.0
2420	3736	0.484345135568
4246	4630	0.0
349	5265	0.0
4276	4397	0.0
3755	2669	0.0
4427	1526	0.0
1599	4591	0.0
5027	2570	0.0
1236	1690	0.0
1473	1965	0.0
1211	2756	0.529407561835
920	3436	0.0
4621	925	0.0
2582	901	0.0
122	3874	0.0
532	2100	0.0
1705	2420	0.0
371	3067	0.449646586312
1203	57	0.469758025999
4948	461	0.0
4591	1579	0.0
537	4591	0.0
2272	3204	0.0
2007	3573	0.0
2442	3828	0.0
4621	2669	0.0
4814	4958	0.0
1722	5172	0.0
3959	4224	0.0
3926	3093	0.0
1473	2767	0.43287949865
525	2661	0.0
1602	4552	0.908759916391
4179	3627	0.0
2459	382	0.0
122	2637	0.0
2675	5265	0.0
2233	1789	0.0
5172	3371	0.0
920	2675	0.0
38	920	0.0
3736	958	0.0
2319	1194	0.0
3736	461	0.0
3755	5265	0.0
815	1898	0.0
3505	4739	0.0
1473	862	0.0
4948	5036	0.0
2658	3093	0.517797088368
3505	4630	0.0
2233	57	0.586533775966
532	4377	0.0
1937	4206	0.527422248652
1211	3067	0.0
2459	3690	0.0
1473	5027	0.0
4549	2100	0.0
804	925	0.0
1315	2822	0.0
4276	5091	0.0
3959	4549	0.0
941	1473	0.0
1898	498	0.0
2658	901	0.0
4284	4739	0.0
4276	4255	0.0
371	4739	0.0
4194	677	0.0
3371	3244	0.546333754107
1937	1480	0.585672217559
1048	4107	0.0
1283	5030	0.0
4194	3678	0.0
1227	1579	0.0
1194	4630	0.0
532	974	0.0
4629	2298	0.0
3190	1690	0.0
122	1203	0.0
3736	1958	0.0
525	2723	0.0
2229	3573	0.0
2857	3946	0.0
3274	2912	0.0
3888	2272	0.0
2442	2669	0.0
1722	552	0.0
5091	5203	0.642511785157
901	2298	1.0
3624	3779	0.0
2640	731	0.43543728584
4206	3897	0.469150606115
38	2233	0.598475024957
5102	5290	0.0
1211	3244	0.0
3950	3346	0.0
1965	677	0.0
1958	4630	0.0
2675	1473	0.463058241143
1965	2767	0.0
4948	4630	0.0
4194	1211	0.0
4206	4552	0.0
5081	3678	0.0
4179	5290	0.0
815	461	0.0
1473	5265	0.0
941	4007	0.0
2857	2233	0.493536946639
1722	2767	0.0
1599	862	0.0
1975	1315	0.0
2796	113	0.0
1975	382	0.757191466022
2007	2637	0.0
1965	4549	0.0
4591	470	0.0
4007	3573	0.0
4591	5030	0.0
941	3505	0.0
1386	4549	0.0
2582	3755	0.0
2054	3678	0.0
45	920	0.0
4194	3779	0.0
1473	2510	0.0
4591	3779	0.0
1958	5030	0.0
900	4552	0.593127650148
1898	4276	0.0
2054	1789	0.0
1473	4958	0.0
4814	2233	0.0
2116	2796	0.0
815	958	0.0
1203	1194	0.0
435	1315	0.0
470	1211	0.0
1211	2229	0.0
3946	2272	0.0
349	3558	0.516939092134
3690	1227	0.0
1722	4621	0.0
804	4630	0.0
5027	3067	0.0
3980	5290	0.0
2640	4630	0.0
2229	3828	0.0
3736	4345	0.0
2796	5265	0.0
3765	382	0.0
2767	3608	0.0
4643	773	0.0
1975	2229	0.0
1690	2756	0.0
532	2233	0.0
4427	4345	0.0
4328	3931	0.0
537	804	0.0
2054	3244	0.0
122	4328	0.0
38	2116	0.657754854147
4276	925	0.0
1350	3931	0.0
2796	3678	0.0
1942	2420	0.0
2420	1690	0.0
2756	4345	0.0
3755	4940	0.0
3926	5258	0.0
4621	1789	0.0
3093	4630	0.0
3690	4328	0.0
1705	3950	0.0
4276	5027	0.0
941	3274	0.0
941	4549	0.0
1722	4206	0.0
2116	2337	0.0
1327	3624	0.0
4007	2272	0.0
5027	958	0.0
4940	4206	0.0
470	1315	0.0
2272	3067	0.0
920	2298	0.0
1211	3436	0.453082501911
2054	4557	0.0
1211	1315	0.0
2233	2782	0.0
4276	5265	0.0
1211	2669	0.0
2675	4549	0.0
2582	4245	0.0
2582	1473	0.0
4246	3371	0.0
815	1975	0.0
4427	5203	0.0
4940	5036	0.0
1109	4328	0.0
4007	3479	0.0
941	4245	0.0
1327	461	0.0
2298	3573	0.0
1975	4643	0.0
3755	1236	0.0
4284	4557	0.0
2007	2319	0.0
367	435	0.0
1965	2756	0.0
974	2782	0.0
1765	4345	0.0
5081	3624	0.0
1473	2539	0.0
941	2229	0.0
3268	974	0.0
3736	5036	0.0
60	2539	0.469375715002
2233	1227	0.0
4621	3931	0.0
4427	2756	0.471321527938
2570	3573	0.0
2870	3782	0.438340600554
3950	4630	0.0
60	1958	0.479796632518
5030	5265	0.0
1396	3624	0.0
1203	4345	0.0
3755	4552	0.0
773	958	0.0
2582	2356	0.0
435	461	0.0
4427	1211	0.0
3888	677	0.0
4557	3244	0.43093634877
3627	4948	0.0
2007	1526	0.0
1211	3573	0.0
2912	4345	0.0
3888	3274	0.0
2272	2767	0.0
5102	1572	0.0
3144	800	0.615402567284
2912	3782	0.0
1942	2229	0.0
1386	3897	0.0
461	2756	0.570187182784
1386	57	0.0
532	3244	0.0
3204	1227	0.0
2570	5290	0.0
435	1211	0.0
45	4643	0.0
5102	3093	0.483570276753
4107	1722	0.0
920	2510	0.0
4427	3426	0.0
3558	901	0.0
47	1350	0.0
4279	4557	0.0
3946	3331	0.0
4591	2658	0.0
3268	3690	0.0
3627	3093	0.0
941	3779	0.0
2100	3573	0.0
3946	3438	0.0
3736	4630	0.0
920	5091	0.0
371	4427	0.0
3331	3678	0.0
1386	2420	0.0
925	4630	0.0
4427	4629	0.0
1937	5249	0.0
3438	3608	0.0
941	5027	0.0
38	4194	0.0
1386	1423	0.0
349	4206	0.434242550538
1327	2286	0.0
5091	2570	0.0
2825	1283	0.0
2356	3779	0.0
5027	2756	0.0
532	1283	0.0
122	4179	0.0
862	3624	0.0
5036	1109	0.0
3755	5036	0.0
5036	1236	0.0
2272	4345	0.0
4557	3436	0.447329498673
3331	1396	0.0
5265	5290	0.0
4194	3346	0.0
5036	1789	0.0
60	1942	0.0
4591	2442	0.0
2582	974	0.0
4279	1975	0.574224383368
2661	5036	0.0
2582	925	0.0
1236	4739	0.0
5030	2822	0.0
1898	3678	0.0
3438	1283	0.0
815	2570	0.0
5102	5036	0.0
5249	3244	0.0
2782	502	0.0
901	3505	0.0
4279	4284	0.0
1898	2286	0.0
925	5290	0.0
1722	1315	0.0
5036	2756	0.0
3190	1473	0.0
3505	2446	0.0
4107	448	0.0
4549	5265	0.0
371	3608	0.0
2661	502	0.476203151286
3268	3558	0.0
804	3093	0.0
5036	4630	0.0
382	2669	0.0
1722	925	0.0
371	525	0.0
941	3755	0.0
1194	2446	0.0
958	4630	0.0
5027	4606	0.0
941	4221	0.0
4549	4856	0.0
2870	5258	0.0
2007	1722	0.0
3268	3931	0.0
2233	2756	0.79880064914
4552	3436	0.623207998871
677	1315	0.0
2459	5027	0.0
4591	1480	0.0
38	3736	0.444483210383
925	502	0.0
2116	5102	0.0
941	2510	0.0
1599	5036	0.0
4179	4552	0.0
941	3836	0.0
1236	1789	0.0
3980	1236	0.0
2661	1211	0.0
435	5081	0.0
3204	3931	0.0
1937	1526	0.0
122	3950	0.0
815	1965	0.0
525	1602	0.0
1975	3436	0.623207998871
2420	4549	0.0
3836	3436	0.0
773	2286	0.0
3946	5081	0.651633655252
2007	1211	0.0
5102	4328	0.0
862	958	0.0
4427	677	0.0
3755	5249	0.0
941	349	0.0
55	2539	0.0
122	4629	0.0
974	3782	0.0
815	5036	0.0
3950	1203	0.0
2638	5102	0.0
4591	4427	0.0
2233	804	0.0
1847	3946	0.0
5249	5258	0.0
1473	2272	0.0
113	925	0.0
1386	5036	0.0
1211	2298	0.0
3426	2100	0.0
1473	2356	0.0
1722	2229	0.0
3268	4549	0.0
1350	1285	0.434242550538
1473	55	0.0
122	2007	0.0
4276	1396	0.0
5091	3627	0.0
4007	349	0.0
4007	3897	0.0
4591	2782	0.0
5249	925	0.0
2116	4557	0.471198682642
4643	4621	0.0
2319	2054	0.0
4007	1203	0.0
1965	3931	0.0
1305	1423	0.0
1599	4856	0.0
3624	113	0.0
1048	552	0.584712406112
1975	4345	0.0
5172	4224	0.0
3426	3624	0.0
3897	4630	0.0
5027	3505	0.0
920	1285	0.0
4621	5265	0.0
1722	1194	0.0
3755	3608	0.0
3888	1211	0.0
525	3573	0.0
1473	3438	0.435877118406
1898	4552	0.0
2510	958	0.0
3959	3678	0.0
3836	57	0.0
4591	2870	0.0
4958	390	0.0
2640	925	0.0
2796	925	0.0
815	3950	0.0
3931	3346	0.0
3331	2229	0.0
1386	3346	0.0
2272	4739	0.0
677	2054	0.0
920	382	0.0
1898	958	0.0
4549	3346	0.0
1048	4276	0.0
2582	2767	0.0
3836	1315	0.0
5172	3897	0.0
4276	1480	0.0
2007	3624	0.0
5027	3573	0.0
1599	5030	0.0
3268	4179	0.0
1473	5172	0.0
2272	5081	0.0
4549	1227	0.0
4606	3346	0.0
4194	2638	0.0
2661	4552	0.0
3190	1526	0.0
1048	3755	0.0
537	2298	0.0
3067	5290	0.0
941	3931	0.0
3959	2796	0.0
4194	1386	0.0
2459	5102	0.0
5027	5102	0.0
3765	1789	0.0
4194	2286	0.0
3274	2459	0.0
3678	3573	0.0
1898	3736	0.0
122	3779	0.0
4377	4606	0.0
349	3980	0.0
2459	4979	0.0
38	3779	0.0
4606	4958	0.0
1041	1958	0.0
901	498	0.0
4255	461	0.0
5203	3346	0.0
525	5027	0.0
920	1227	0.0
4549	804	0.0
2229	4621	0.0
920	2233	0.0
5172	974	0.0
532	1473	0.438171201743
122	5036	0.0
60	122	0.0
4255	4630	0.0
122	448	0.0
3505	1236	0.0
3950	4948	0.0
2661	901	0.0
4246	4221	0.0
1473	5081	0.0
371	1473	0.490505123467
5027	4328	0.0
448	461	0.633889346499
537	2796	0.0
1315	5290	1.0
122	2638	0.0
2100	5030	0.0
1705	901	0.0
1965	2539	0.0
941	4552	0.0
3244	5030	0.0
3204	3479	0.440038165309
3204	3093	0.0
941	2756	0.0
1283	1315	0.0
1305	3980	0.0
1423	2319	0.0
3950	55	0.0
1705	3897	0.0
1285	3678	0.0
1473	382	0.478646875034
525	3624	0.0
2658	1722	0.0
45	3331	0.0
2570	4739	0.0
958	5265	0.0
1473	2640	0.0
3573	4739	0.0
1203	1480	0.476615477476
941	1602	0.0
2857	958	0.0
5102	5265	0.0
4377	2286	0.0
55	4557	0.0
45	448	0.0
1211	4621	0.0
2638	3346	0.0
122	2459	0.0
60	3204	0.0
3874	1898	0.0
941	2857	0.0
1211	4221	0.0
974	1194	0.0
1942	2054	0.0
2054	3980	0.0
2272	2796	0.0
2661	470	0.444758736296
1305	532	0.0
4621	5290	0.0
1942	4940	0.0
2658	5091	0.634602411001
4276	4630	0.0
4284	3931	0.0
1473	1227	0.0
815	2007	0.0
461	4621	0.0
4284	804	0.0
5102	4557	0.0
45	958	0.0
45	804	0.0
2007	1898	0.0
4427	4552	0.0
5172	3346	0.0
461	4328	0.0
4591	502	0.0
2459	3438	0.0
1942	1327	0.0
2857	3755	0.0
1473	3093	0.719262687166
4107	4643	0.0
815	3573	0.0
901	2233	0.0
60	677	0.727930228862
1847	958	0.0
4255	925	0.0
525	2582	0.0
4279	3479	0.511905664292
1975	470	0.0
1203	5027	0.0
2229	1526	0.0
435	3931	0.0
122	2054	0.0
677	3931	0.0
470	4328	0.538801315667
122	2570	0.0
3950	3931	0.0
900	5265	0.0
3144	1236	0.579273659053
2857	5027	0.0
4643	3244	0.0
1602	4221	0.0
1722	1396	0.0
925	2756	0.0
3874	1315	0.0
1473	3608	0.439147472864
4591	1386	0.0
3438	2298	0.0
1937	470	0.578307740735
3678	804	0.0
815	2912	0.0
2796	1789	0.0
38	815	0.0
3558	5091	0.579273659053
3274	4345	0.0
4621	3897	0.0
1203	2570	0.0
1473	4856	0.0
1722	2640	0.0
677	2100	0.0
60	57	0.569936940306
2669	4345	0.0
941	800	0.0
532	3950	0.0
2582	390	0.0
3736	1526	0.0
60	1203	0.499262676775
2582	2337	0.0
3426	2767	0.0
4194	3959	0.0
2459	3505	0.0
1480	3346	0.0
45	5091	0.0
2459	4206	0.0
448	862	0.0
2233	5265	0.0
4245	4224	0.0
1236	5030	0.0
1975	5203	0.757191466022
677	2669	0.0
2582	2446	0.0
38	3874	0.0
2661	3573	0.0
2420	4739	0.0
2356	2782	0.0
900	3779	0.0
4007	4377	0.0
1423	2233	0.0
5249	800	0.0
4246	1211	0.0
1898	502	0.0
862	3204	0.0
3371	4328	0.4824875723
122	4739	0.0
5027	57	0.0
2658	3438	0.0
2857	3274	0.0
525	5030	0.0
1473	3736	0.0
815	925	0.0
920	5036	0.0
2661	461	0.0
1473	5203	0.478646875034
4221	804	0.0
4007	5265	0.0
4397	3931	0.0
773	5265	0.0
1705	3828	0.0
1599	1579	0.0
3690	2233	0.0
1203	5081	0.0
525	4552	0.0
2459	2912	0.0
4255	5036	0.0
4979	2756	0.579856792644
2420	2669	0.0
1048	773	0.0
1203	1572	0.477279888515
3268	4940	0.0
4007	4328	0.0
2661	3678	0.0
2675	4427	0.0
382	4621	0.0
1937	2669	0.0
38	3244	0.469597146122
1942	3624	0.0
3624	2912	0.0
4940	5203	0.0
1965	925	0.0
1386	4255	0.0
3946	2637	0.0
2637	4630	0.0
4279	773	0.0
4007	925	0.0
435	3627	0.0
3765	4979	0.0
5091	4221	0.0
1285	1958	0.446199544169
1965	3608	0.0
2675	2229	0.0
1203	4606	0.0
1211	4377	0.0
45	470	0.0
1386	4621	0.0
57	1572	0.451952962023
1041	4557	0.0
3627	4552	0.0
4179	2822	0.0
3144	3573	0.0
1599	3755	0.0
2675	1572	0.477805940514
1194	2286	0.0
3438	3959	0.0
3438	498	0.0
3836	3980	0.0
1305	3946	0.0
1327	552	0.0
4206	2446	0.536229930985
552	1789	0.477266491278
3436	2912	0.0
4276	804	0.0
1041	390	0.0
1350	4246	0.0
3950	4606	0.0
3274	2570	0.0
3190	731	0.0
57	2723	0.0
3950	2229	0.0
3946	2298	0.0
122	3931	0.0
3946	4630	0.0
371	4206	0.492759534409
1386	800	0.0
1599	2233	0.716562356381
4629	5102	0.0
2229	1480	0.0
2007	4552	0.0
1705	3093	0.0
1937	2233	0.472753332269
4276	3678	0.0
3874	3436	0.0
1423	3627	0.0
2796	2446	0.0
3204	925	0.0
367	2582	0.0
4621	3779	0.0
113	3931	0.0
1898	2356	0.0
3371	2756	0.612205434368
1480	4856	0.0
2007	4206	0.517724050778
1305	1350	0.0
2767	4549	0.0
2582	677	0.0
1975	3627	0.0
4591	3959	0.0
38	2782	0.0
3558	2796	0.0
2640	4979	0.475195108111
122	4557	0.0
1958	3346	0.0
941	5265	0.0
4591	1722	0.0
4224	2442	0.0
4246	2796	0.0
4194	4630	0.0
45	4814	0.0
2229	804	0.0
2669	3346	0.0
941	1211	0.0
941	45	0.0
2272	4643	0.0
5249	4206	0.0
3736	3980	0.0
3608	4557	0.0
3627	1480	0.0
920	2638	0.0
4591	2272	0.0
1765	2233	0.574038193928
1305	2669	0.0
900	5258	0.0
45	773	0.0
5030	4630	0.0
3624	461	0.0
1315	5203	0.0
2658	5172	0.0
3836	4427	0.0
920	1847	0.0
1975	3608	0.0
4245	1203	0.0
677	3346	0.0
1975	4552	1.0
552	5265	0.0
1937	4246	0.0
3268	3755	0.0
4255	5265	0.0
4221	4739	0.0
4591	4552	0.0
4246	4940	0.0
3438	925	0.0
55	2298	0.0
1602	3690	0.0
3874	731	0.0
2233	1572	0.491478354237
5081	3959	0.0
3755	1285	0.0
5172	4940	0.0
2054	2782	0.0
941	901	0.0
4940	4630	0.0
47	448	0.0
2298	1236	0.0
2007	4427	0.0
5081	3346	0.0
371	5036	0.0
2539	5290	0.0
5172	2796	0.0
5081	4549	0.0
2857	1285	0.540944021914
2272	1285	0.0
4549	2782	0.0
3950	1572	0.0
4630	4856	0.0
2229	552	0.0
4629	2796	0.0
4591	1396	0.0
920	4552	0.0
2233	2796	0.0
525	2007	0.0
2582	2272	0.0
815	5027	0.0
1194	1958	0.0
1847	1473	0.0
5030	3828	0.0
2675	502	0.478646875034
2661	3736	0.0
1048	3624	0.0
1722	1236	0.0
537	5102	0.0
3558	3624	0.0
3946	2638	0.0
3959	461	0.0
38	4255	0.0
1194	5030	0.0
1211	3093	0.0
2582	2782	0.0
435	2658	0.0
1958	2822	0.0
3331	552	0.0
2116	2446	0.701025056669
4279	1203	0.0
4643	3505	0.0
122	5249	0.0
38	3755	0.0
2637	1109	0.0
1236	958	0.0
3371	113	0.529045955601
3608	2510	0.0
4979	498	0.0
4814	3765	0.0
4948	2100	0.0
3874	2229	0.0
1041	2442	0.0
2756	1526	0.591996196075
1194	2822	0.0
2229	4552	0.0
3836	1975	0.0
4007	3244	0.0
1722	2100	0.0
3678	1526	0.0
2658	2272	0.0
3505	2912	0.0
5102	3346	0.0
4552	1958	0.0
1722	731	0.0
862	3479	0.0
1283	4549	0.0
5249	470	0.0
2675	2570	0.0
38	3436	0.625101728299
525	2870	0.0
2116	5265	0.0
2229	4255	0.0
38	2298	0.0
2857	974	0.0
2298	4345	0.0
3573	3782	0.0
1315	3204	0.0
2116	4255	0.0
371	3371	0.616976367208
3926	3736	0.0
941	2272	0.0
5203	113	0.529045955601
371	2007	0.518034635325
2582	3268	0.0
1327	5081	0.0
4194	4255	0.0
2661	1473	0.438171201743
3067	3782	0.0
2767	3897	0.749438176473
3874	470	0.0
4591	3926	0.0
1211	5027	0.0
532	1526	0.0
1942	4276	0.0
1579	4328	0.0
2582	5036	0.0
4397	3346	0.0
60	3190	0.0
3204	2756	0.0
1109	3067	0.0
1898	1211	0.0
1602	1975	0.908759916391
2870	1285	0.438340600554
2582	4643	0.0
60	1937	0.460169963563
3765	4284	0.0
1473	3782	0.448023037877
60	3779	0.0
3371	4224	0.0
525	5265	0.0
60	3274	0.0
1211	5036	0.0
2007	3779	0.0
371	901	0.0
4279	2870	0.0
1898	5265	0.0
1975	804	0.0
1937	1473	0.525766713303
1722	113	0.0
2007	1975	0.0
2825	3479	0.0
4276	502	0.0
3888	862	0.0
2233	4377	0.0
1386	1285	0.0
502	5265	0.0
773	804	0.0
1847	382	0.0
3897	5265	0.0
537	2756	0.484083326782
1423	862	0.0
2539	57	0.445877371432
677	5265	0.0
4194	2796	0.0
3190	4255	0.0
2857	3573	0.0
1211	1194	0.0
4621	3346	0.0
4007	2054	0.0
4276	1958	0.0
3274	2638	0.0
1602	773	0.0
4279	461	0.579273659053
1937	448	0.476275086309
1327	2233	0.0
1211	958	0.0
1975	2459	0.0
901	5030	0.0
2796	1236	0.0
1211	2822	0.0
1048	4940	0.0
2658	2756	0.673415186277
1285	4629	0.545717466486
4107	2319	0.0
525	435	0.0
3690	3782	0.0
1211	1526	0.0
1473	1315	0.764155256231
1942	2825	0.0
920	57	0.0
3736	4328	0.0
349	773	0.0
552	502	0.688117216128
1211	4206	0.0
3874	1283	0.0
55	958	0.0
3765	2233	0.0
525	1041	0.0
2675	2356	0.0
4629	3608	0.0
3479	552	0.562558981855
4246	55	0.0
2319	4940	0.0
1480	3779	0.0
3438	2822	0.0
958	5290	0.0
3926	4621	0.0
3505	3624	0.0
1203	2356	0.0
3946	4549	0.0
4276	2272	0.0
2007	3782	0.0
122	2286	0.0
815	1386	0.0
2582	3436	0.0
435	1386	0.0
2007	5172	0.0
2870	3426	0.0
1480	5265	0.0
4179	4621	0.0
3268	4591	0.0
5027	3627	0.0
2582	4206	0.0
2459	2756	0.0
435	4948	0.0
2420	3931	0.0
2637	1236	0.0
3331	2767	0.0
1765	4552	0.526696248516
3479	3779	0.566321686366
2420	3897	0.773348046417
4643	2337	0.0
862	3505	0.0
4606	5265	0.0
2658	1473	0.511905664292
3755	4107	0.0
2298	3627	0.0
4979	5036	0.0
45	2582	0.0
941	4630	0.0
2638	5203	0.0
2640	5258	0.0
3690	3779	0.0
1041	3331	0.0
2356	3093	0.0
4279	3608	0.0
1602	2229	0.0
1473	4643	0.0
4221	1579	0.0
5036	3436	0.0
532	925	0.0
815	3624	0.0
3926	4221	0.0
4552	4739	0.0
2825	4206	0.0
1109	1526	0.0
2822	4630	0.0
3779	3782	0.0
4194	1473	0.0
2658	3204	0.0
122	113	0.0
1898	1722	0.0
3946	2539	0.0
371	1211	0.492759534409
920	5203	0.0
815	4194	0.0
2767	2446	0.634384850086
4194	5030	0.0
3959	2669	0.0
371	958	0.0
4246	5265	0.0
941	1965	0.0
2272	5265	0.0
2582	3505	0.0
470	1473	0.535456820385
1975	4377	0.0
677	382	0.775364627068
4276	2286	0.0
3950	1396	0.0
1109	3897	0.0
122	4979	0.0
537	4606	0.0
47	1211	0.0
941	470	0.0
1898	5203	0.0
3505	4948	0.0
1599	2007	0.537196776539
1211	3782	0.0
4284	2446	0.0
4007	390	0.0
2825	2356	0.0
349	552	0.559876458786
4397	3627	0.0
4007	3782	0.0
3608	4345	0.0
371	1898	0.0
2870	55	0.0
2582	2510	0.0
941	435	0.0
122	2675	0.0
2582	4552	0.0
3888	4856	0.0
3874	3926	0.0
47	3479	0.0
1602	3268	0.0
4007	4958	0.0
731	4557	0.433448083606
122	5265	0.0
1211	2570	0.0
57	800	0.626046589508
4206	3346	0.0
4194	2233	0.0
367	3926	0.607930726432
2582	2756	0.0
3274	5091	0.0
5249	3371	0.0
55	1690	0.0
525	3690	0.0
5091	461	0.579273659053
2582	1958	0.0
731	2782	0.0
2229	5265	0.0
2723	3779	0.0
1526	958	0.0
3624	3782	0.0
461	3067	0.0
4552	5265	0.0
4107	2054	0.0
2582	2116	0.0
1194	1526	0.0
3926	5030	0.0
2675	3346	0.0
4552	3573	0.0
38	371	0.620385942685
1423	3897	0.0
3268	2233	0.0
3268	5258	0.0
4427	4377	0.0
461	3897	0.617286252339
1305	2767	0.464729694617
2272	3678	0.0
1942	3627	0.0
2637	2912	0.0
2272	804	0.0
2582	4606	0.0
2007	2582	0.0
4194	4958	0.0
1722	3371	0.0
1041	1236	0.0
1211	4397	0.0
4591	2356	0.0
2658	2510	0.0
4007	677	0.0
2637	2442	0.0
3779	3931	0.0
3268	1572	0.0
3836	1572	0.0
2510	2570	0.0
1236	2912	0.0
1847	4007	0.0
38	3897	0.6459460181
2459	3980	0.0
349	448	0.578314464851
4194	925	0.0
47	5258	0.0
5081	1285	0.607930726432
3274	5258	0.0
2767	2286	0.443509837032
2298	2756	0.0
5203	1526	0.873303245412
2782	3897	0.0
941	3268	0.0
2767	5265	0.0
920	2007	0.0
2675	1236	0.511905664292
3331	2054	0.0
4328	502	0.4824875723
4194	4276	0.0
4007	1473	0.0
4591	5249	0.0
3755	2233	0.0
1283	2100	0.0
1975	3782	0.0
3690	5030	0.0
2459	2446	0.0
4427	3573	0.0
3268	2420	0.0
4284	925	0.0
1203	1386	0.0
1211	5290	0.0
2272	2298	0.0
47	4591	0.0
4549	4979	0.0
2912	5265	0.0
974	498	0.0
901	1236	0.0
5081	677	0.632037665385
1942	4279	0.0
1579	4630	0.0
3190	1579	0.0
2582	470	0.0
1194	925	0.0
3874	5027	0.0
941	862	0.0
1283	2233	0.0
4606	4621	0.0
800	2782	0.0
5102	55	0.0
2286	2446	0.548283942269
1526	3779	0.0
941	2582	0.0
1599	3144	0.617176914915
941	1526	0.0
3624	4206	0.0
38	2638	0.0
1473	4621	0.0
4621	3782	0.0
3897	502	0.725877157775
4427	5102	0.0
3426	4224	0.0
3678	5036	0.0
3204	552	0.0
122	4621	0.0
1705	2640	0.0
5027	3779	0.0
925	5265	0.0
1327	2272	0.0
3274	5081	0.0
3755	4630	0.0
677	4621	0.0
2723	4328	0.0
4007	1958	0.0
3268	55	0.0
4940	2233	0.0
367	1473	0.525766713303
3624	2446	0.0
448	3573	0.0
3190	1975	0.0
901	2796	0.0
2825	3959	0.0
1423	1396	0.0
3627	3573	0.0
5172	390	0.0
1473	958	0.0
448	4224	0.0
4246	3346	0.0
4629	5290	0.0
1283	3931	0.0
1898	4279	0.0
537	3346	0.0
1705	4621	0.0
525	3782	0.0
3888	5258	0.0
3874	3244	0.0
2459	3624	0.0
3888	4591	0.0
815	1041	0.0
941	3736	0.0
4179	4856	0.0
2658	3558	0.579273659053
45	2767	0.0
1937	3627	0.0
371	3268	0.0
2661	1283	0.0
1305	4557	0.0
3479	1480	0.540839606356
1473	4948	0.0
1203	3608	0.0
3888	1194	0.0
122	461	0.0
1396	2796	0.0
941	2356	0.0
60	4246	0.0
1526	3782	0.0
55	4856	0.0
2638	677	0.0
3946	4856	0.0
5081	4255	0.0
57	2446	0.780147287853
2054	4958	0.0
1423	2286	0.0
1473	3436	0.451468227873
1227	3782	0.0
537	349	0.0
60	448	0.803617886732
4397	2756	0.0
2638	2796	0.0
4007	4194	0.0
55	3897	0.0
122	2539	0.0
1599	5258	0.0
4552	5203	0.757191466022
4591	2054	0.0
122	5258	0.0
4194	731	0.0
1473	3678	0.0
4246	731	0.0
60	3624	0.0
382	5265	0.0
2420	5290	0.0
4397	2446	0.0
5027	3346	0.0
2796	3505	0.0
1327	1722	0.0
1048	2661	0.0
4194	5172	0.0
4246	2286	0.0
2229	4224	0.0
4246	4276	0.0
349	390	0.0
1847	731	0.0
941	38	0.0
3755	3505	0.0
2459	4552	0.0
4245	4591	0.0
1847	5265	0.0
3755	2756	0.0
3190	4279	0.0
1975	2420	0.639127759067
4179	5102	0.0
2661	2912	0.0
4007	2420	0.0
2007	4739	0.0
4276	2912	0.0
1690	2446	0.0
2582	3479	0.0
2007	5030	0.0
1236	4630	0.0
435	3946	0.0
1048	3573	0.0
3690	3436	0.0
537	2233	0.0
4606	5036	0.0
974	2446	0.626046589508
941	4621	0.0
815	1958	0.0
4007	2638	0.0
3950	4979	0.0
4245	3897	0.0
537	4621	0.0
5172	3624	0.0
1473	773	0.0
3274	1705	0.0
3268	113	0.0
4814	3782	0.0
