5027	470	1.0
470	5027	1.0
1203	1602	0.01
1602	1203	0.01
5249	57	0.01
57	5249	0.01
1236	537	1.0
537	1236	1.0
4630	3736	0.01
3736	4630	0.01
1975	958	1.0
958	1975	1.0
800	2658	1.0
2658	800	1.0
1705	4621	0.01
4621	1705	0.01
1722	3371	1.0
3371	1722	1.0
3204	1315	1.0
1315	3204	1.0
3608	4629	0.01
4629	3608	0.01
1109	5036	0.01
5036	1109	0.01
2767	3426	0.01
3426	2767	0.01
1236	122	1.0
122	1236	1.0
1975	2857	1.0
2857	1975	1.0
435	4948	1.0
4948	435	1.0
4948	2233	0.01
2233	4948	0.01
3093	2658	0.01
2658	3093	0.01
3836	57	0.01
57	3836	0.01
5027	2756	1.0
2756	5027	1.0
2420	941	1.0
941	2420	1.0
5081	677	1.0
677	5081	1.0
2116	4255	0.01
4255	2116	0.01
2796	4345	1.0
4345	2796	1.0
5203	113	0.01
113	5203	0.01
1211	2570	0.01
2570	1211	0.01
3244	2582	0.01
2582	3244	0.01
122	900	1.0
900	122	1.0
4206	5249	0.01
5249	4206	0.01
3926	4284	0.01
4284	3926	0.01
4221	1579	0.01
1579	4221	0.01
4194	4246	1.0
4246	4194	1.0
1285	3678	0.01
3678	1285	0.01
5036	4591	1.0
4591	5036	1.0
3274	941	0.01
941	3274	0.01
5036	4377	0.01
4377	5036	0.01
435	3950	1.0
3950	435	1.0
2446	3627	1.0
3627	2446	1.0
525	4397	0.01
4397	525	0.01
3346	2669	1.0
2669	3346	1.0
1473	525	1.0
525	1473	1.0
470	5203	1.0
5203	470	1.0
1789	552	0.01
552	1789	0.01
5036	525	1.0
525	5036	1.0
5036	122	1.0
122	5036	1.0
371	1898	1.0
1898	371	1.0
1789	2233	1.0
2233	1789	1.0
1722	1898	0.01
1898	1722	0.01
2640	2767	0.01
2767	2640	0.01
4739	2870	0.01
2870	4739	0.01
435	941	1.0
941	435	1.0
3779	38	0.01
38	3779	0.01
448	525	0.01
525	448	0.01
5027	1211	1.0
1211	5027	1.0
448	4194	0.01
4194	448	0.01
461	4246	0.01
4246	461	0.01
38	2054	0.01
2054	38	0.01
4630	1194	1.0
1194	4630	1.0
2356	2782	0.01
2782	2356	0.01
461	4328	0.01
4328	461	0.01
525	2870	0.01
2870	525	0.01
2233	2782	0.01
2782	2233	0.01
498	941	1.0
941	498	1.0
3268	2510	0.01
2510	3268	0.01
5030	3874	1.0
3874	5030	1.0
470	1315	1.0
1315	470	1.0
804	5265	1.0
5265	804	1.0
1109	1423	0.01
1423	1109	0.01
1765	4552	0.01
4552	1765	0.01
4630	4948	1.0
4948	4630	1.0
2767	2272	1.0
2272	2767	1.0
5036	1599	1.0
1599	5036	1.0
4630	1203	1.0
1203	4630	1.0
5290	2723	0.01
2723	5290	0.01
1965	677	1.0
677	1965	1.0
5249	5027	0.01
5027	5249	0.01
2510	2582	1.0
2582	2510	1.0
2796	2272	1.0
2272	2796	1.0
4606	4377	0.01
4377	4606	0.01
4345	1203	0.01
1203	4345	0.01
5102	55	0.01
55	5102	0.01
4856	1599	0.01
1599	4856	0.01
5036	2661	1.0
2661	5036	1.0
4814	5172	0.01
5172	4814	0.01
2857	3782	1.0
3782	2857	1.0
4979	3765	0.01
3765	4979	0.01
3888	5258	0.01
5258	3888	0.01
2007	1599	0.01
1599	2007	0.01
1386	1041	1.0
1041	1386	1.0
3931	3779	0.01
3779	3931	0.01
461	4255	0.01
4255	461	0.01
4107	862	1.0
862	4107	1.0
2756	4397	1.0
4397	2756	1.0
1041	4557	0.01
4557	1041	0.01
815	1473	1.0
1473	815	1.0
1227	5091	0.01
5091	1227	0.01
2007	3573	1.0
3573	2007	1.0
3505	901	1.0
901	3505	1.0
3959	3190	0.01
3190	3959	0.01
38	3980	1.0
3980	38	1.0
3755	941	1.0
941	3755	1.0
2007	5290	1.0
5290	2007	1.0
2796	901	1.0
901	2796	1.0
5027	1473	1.0
1473	5027	1.0
4591	1599	0.01
1599	4591	0.01
47	448	1.0
448	47	1.0
448	4224	0.01
4224	448	0.01
4814	4958	0.01
4958	4814	0.01
2337	4643	0.01
4643	2337	0.01
3479	2825	0.01
2825	3479	0.01
1194	3888	1.0
3888	1194	1.0
4630	3950	1.0
3950	4630	1.0
2756	1526	1.0
1526	2756	1.0
2582	1690	0.01
1690	2582	0.01
448	4107	0.01
4107	448	0.01
2459	4979	0.01
4979	2459	0.01
2459	815	1.0
815	2459	1.0
3093	1705	0.01
1705	3093	0.01
5091	3627	1.0
3627	5091	1.0
1211	2857	1.0
2857	1211	1.0
2796	537	1.0
537	2796	1.0
731	1473	1.0
1473	731	1.0
1473	4958	1.0
4958	1473	1.0
3505	3144	0.01
3144	3505	0.01
1236	502	0.01
502	1236	0.01
435	1789	0.01
1789	435	0.01
5036	4940	1.0
4940	5036	1.0
371	4206	1.0
4206	371	1.0
532	3950	0.01
3950	532	0.01
4427	5203	1.0
5203	4427	1.0
3828	3093	0.01
3093	3828	0.01
4206	2661	1.0
2661	4206	1.0
2857	974	0.01
974	2857	0.01
3274	5258	0.01
5258	3274	0.01
1965	1572	1.0
1572	1965	1.0
5203	1789	1.0
1789	5203	1.0
2446	1789	0.01
1789	2446	0.01
3897	461	0.01
461	3897	0.01
349	3558	1.0
3558	349	1.0
731	3950	1.0
3950	731	1.0
3627	1423	0.01
1423	3627	0.01
38	3959	1.0
3959	38	1.0
38	371	1.0
371	38	1.0
2442	5091	0.01
5091	2442	0.01
113	5081	0.01
5081	113	0.01
3888	3931	1.0
3931	3888	1.0
349	448	1.0
448	349	1.0
552	1722	0.01
1722	552	0.01
2675	5172	0.01
5172	2675	0.01
5030	3931	0.01
3931	5030	0.01
3888	4276	1.0
4276	3888	1.0
804	4940	1.0
4940	804	1.0
3331	2420	0.01
2420	3331	0.01
1722	1327	0.01
1327	1722	0.01
60	435	1.0
435	60	1.0
4328	502	0.01
502	4328	0.01
1473	1315	1.0
1315	1473	1.0
1526	4856	0.01
4856	1526	0.01
1211	47	0.01
47	1211	0.01
4643	800	0.01
800	4643	0.01
1579	4739	0.01
4739	1579	0.01
45	920	1.0
920	45	1.0
2857	1283	0.01
1283	2857	0.01
5036	2007	1.0
2007	5036	1.0
4279	4591	0.01
4591	4279	0.01
4630	2658	1.0
2658	4630	1.0
1048	2912	1.0
2912	1048	1.0
4206	3897	0.01
3897	4206	0.01
1423	3959	0.01
3959	1423	0.01
1211	2661	1.0
2661	1211	1.0
2446	3371	0.01
3371	2446	0.01
435	4206	1.0
4206	435	1.0
2420	1942	0.01
1942	2420	0.01
122	4591	1.0
4591	122	1.0
3624	47	0.01
47	3624	0.01
1327	2233	1.0
2233	1327	1.0
3755	1236	1.0
1236	3755	1.0
4206	4940	0.01
4940	4206	0.01
3436	4194	1.0
4194	3436	1.0
4948	3346	0.01
3346	4948	0.01
2857	4246	1.0
4246	2857	1.0
470	2582	1.0
2582	470	1.0
2286	773	0.01
773	2286	0.01
382	1847	0.01
1847	382	0.01
1847	1898	1.0
1898	1847	1.0
470	2661	1.0
2661	470	1.0
3346	1386	1.0
1386	3346	1.0
901	2582	1.0
2582	901	1.0
349	3479	0.01
3479	349	0.01
2007	45	1.0
45	2007	1.0
3346	4194	1.0
4194	3346	1.0
525	5265	1.0
5265	525	1.0
3926	5249	0.01
5249	3926	0.01
461	5265	0.01
5265	461	0.01
731	4246	0.01
4246	731	0.01
4345	1975	0.01
1975	4345	0.01
2459	958	1.0
958	2459	1.0
4630	2229	1.0
2229	4630	1.0
1480	3627	1.0
3627	1480	1.0
5030	2100	1.0
2100	5030	1.0
2796	5172	1.0
5172	2796	1.0
1765	2272	0.01
2272	1765	0.01
3438	1473	1.0
1473	3438	1.0
2767	2286	0.01
2286	2767	0.01
122	2570	1.0
2570	122	1.0
3755	5265	1.0
5265	3755	1.0
4739	2570	0.01
2570	4739	0.01
4621	1480	0.01
1480	4621	0.01
3736	958	1.0
958	3736	1.0
5203	2286	0.01
2286	5203	0.01
3755	5258	1.0
5258	3755	1.0
1473	2640	1.0
2640	1473	1.0
4007	3573	0.01
3573	4007	0.01
1315	4606	0.01
4606	1315	0.01
1285	1847	1.0
1847	1285	1.0
2539	2298	1.0
2298	2539	1.0
1211	5290	1.0
5290	1211	1.0
2658	4591	0.01
4591	2658	0.01
1386	1423	1.0
1423	1386	1.0
2442	55	0.01
55	2442	0.01
525	2510	0.01
2510	525	0.01
2446	2582	1.0
2582	2446	1.0
3436	901	1.0
901	3436	1.0
2756	3204	1.0
3204	2756	1.0
1473	5265	1.0
5265	1473	1.0
470	5249	0.01
5249	470	0.01
920	3436	0.01
3436	920	0.01
4427	470	1.0
470	4427	1.0
2420	2669	1.0
2669	2420	1.0
5249	2286	0.01
2286	5249	0.01
1305	1423	0.01
1423	1305	0.01
3897	4621	0.01
4621	3897	0.01
941	1965	0.01
1965	941	0.01
371	4552	1.0
4552	371	1.0
5027	2857	1.0
2857	5027	1.0
2007	2510	1.0
2510	2007	1.0
4606	525	0.01
525	4606	0.01
1975	2356	1.0
2356	1975	1.0
2007	57	1.0
57	2007	1.0
3436	2857	1.0
2857	3436	1.0
3828	1958	0.01
1958	3828	0.01
4206	4629	0.01
4629	4206	0.01
2796	3505	0.01
3505	2796	0.01
3946	4629	0.01
4629	3946	0.01
3959	461	0.01
461	3959	0.01
3755	4630	1.0
4630	3755	1.0
2796	925	1.0
925	2796	1.0
1975	3627	1.0
3627	1975	1.0
2229	2640	0.01
2640	2229	0.01
2007	2570	0.01
2570	2007	0.01
3144	4979	0.01
4979	3144	0.01
1048	3690	0.01
3690	1048	0.01
4630	3274	1.0
3274	4630	1.0
1203	1386	0.01
1386	1203	0.01
2582	677	0.01
677	2582	0.01
470	502	0.01
502	470	0.01
2054	2658	1.0
2658	2054	1.0
2420	3931	0.01
3931	2420	0.01
435	1315	1.0
1315	435	1.0
2912	1236	0.01
1236	2912	0.01
5172	974	0.01
974	5172	0.01
2054	3331	0.01
3331	2054	0.01
5030	1958	1.0
1958	5030	1.0
3190	4255	1.0
4255	3190	1.0
1705	3828	0.01
3828	1705	0.01
2442	4224	1.0
4224	2442	1.0
1722	925	1.0
925	1722	1.0
804	1975	0.01
1975	804	0.01
2100	3426	1.0
3426	2100	1.0
349	773	1.0
773	349	1.0
502	5265	1.0
5265	502	1.0
502	2675	0.01
2675	502	0.01
773	4279	1.0
4279	773	1.0
4948	2510	0.01
2510	4948	0.01
122	1965	1.0
1965	122	1.0
38	5027	1.0
5027	38	1.0
3479	2272	1.0
2272	3479	1.0
3346	4255	1.0
4255	3346	1.0
2007	1048	1.0
1048	2007	1.0
804	925	0.01
925	804	0.01
2054	4007	1.0
4007	2054	1.0
1396	3608	0.01
3608	1396	0.01
537	925	1.0
925	537	1.0
382	4621	0.01
4621	382	0.01
122	4397	1.0
4397	122	1.0
1203	4606	1.0
4606	1203	1.0
3897	1109	0.01
1109	3897	0.01
3346	1690	0.01
1690	3346	0.01
3678	5081	0.01
5081	3678	0.01
2637	2442	0.01
2442	2637	0.01
1473	1847	1.0
1847	1473	1.0
1473	3678	1.0
3678	1473	1.0
435	1227	0.01
1227	435	0.01
435	1958	1.0
1958	435	1.0
2054	1236	1.0
1236	2054	1.0
2669	4377	0.01
4377	2669	0.01
1847	1937	0.01
1937	1847	0.01
2459	3573	1.0
3573	2459	1.0
1386	5036	0.01
5036	1386	0.01
1473	552	1.0
552	1473	1.0
461	1211	0.01
1211	461	0.01
3346	677	1.0
677	3346	1.0
371	1473	1.0
1473	371	1.0
3897	4245	1.0
4245	3897	1.0
804	122	1.0
122	804	1.0
525	3690	0.01
3690	525	0.01
435	4552	1.0
4552	435	1.0
3346	4606	1.0
4606	3346	1.0
2669	1211	0.01
1211	2669	0.01
4591	2638	0.01
2638	4591	0.01
2767	1722	0.01
1722	2767	0.01
349	122	1.0
122	349	1.0
2446	3505	1.0
3505	2446	1.0
2286	2446	0.01
2446	2286	0.01
974	2446	0.01
2446	974	0.01
525	2582	1.0
2582	525	1.0
815	1958	0.01
1958	815	0.01
2857	4345	0.01
4345	2857	0.01
4958	5036	0.01
5036	4958	0.01
3755	4194	1.0
4194	3755	1.0
122	4621	0.01
4621	122	0.01
2912	941	0.01
941	2912	0.01
4557	1305	0.01
1305	4557	0.01
1473	958	1.0
958	1473	1.0
2116	1898	1.0
1898	2116	1.0
113	1975	0.01
1975	113	0.01
3836	4606	0.01
4606	3836	0.01
3888	2870	1.0
2870	3888	1.0
958	4814	0.01
4814	958	0.01
3897	502	0.01
502	3897	0.01
1041	815	0.01
815	1041	0.01
2116	941	1.0
941	2116	1.0
2767	4621	1.0
4621	2767	1.0
3479	862	0.01
862	3479	0.01
38	815	1.0
815	38	1.0
113	4284	0.01
4284	113	0.01
2100	4948	0.01
4948	2100	0.01
122	5249	1.0
5249	122	1.0
2570	3274	0.01
3274	2570	0.01
470	1211	1.0
1211	470	1.0
1227	5203	1.0
5203	1227	1.0
3874	731	0.01
731	3874	0.01
435	367	0.01
367	435	0.01
3438	1602	0.01
1602	3438	0.01
2675	4621	1.0
4621	2675	1.0
3950	1690	0.01
1690	3950	0.01
800	2782	0.01
2782	800	0.01
4206	4552	1.0
4552	4206	1.0
5036	2756	1.0
2756	5036	1.0
900	5265	1.0
5265	900	1.0
2658	1526	0.01
1526	2658	0.01
2796	4246	1.0
4246	2796	1.0
4007	941	0.01
941	4007	0.01
3204	3190	0.01
3190	3204	0.01
2054	4549	1.0
4549	2054	1.0
4194	4958	1.0
4958	4194	1.0
941	537	0.01
537	941	0.01
3980	3736	0.01
3736	3980	0.01
4284	4591	1.0
4591	4284	1.0
552	1048	0.01
1048	552	0.01
2007	435	1.0
435	2007	1.0
3204	552	1.0
552	3204	1.0
2100	4549	1.0
4549	2100	1.0
1211	1526	0.01
1526	1211	0.01
4107	122	1.0
122	4107	1.0
2822	3438	0.01
3438	2822	0.01
1396	1203	0.01
1203	1396	0.01
2007	2319	1.0
2319	2007	1.0
1722	2582	1.0
2582	1722	1.0
3204	2658	1.0
2658	3204	1.0
4630	2582	1.0
2582	4630	1.0
3755	3505	1.0
3505	3755	1.0
815	4206	1.0
4206	815	1.0
2007	815	1.0
815	2007	1.0
1227	2822	0.01
2822	1227	0.01
382	920	1.0
920	382	1.0
1048	4621	1.0
4621	1048	1.0
349	5265	0.01
5265	349	0.01
1327	2272	0.01
2272	1327	0.01
2857	2669	1.0
2669	2857	1.0
461	4621	1.0
4621	461	1.0
3959	3678	1.0
3678	3959	1.0
1211	4221	0.01
4221	1211	0.01
1705	3779	1.0
3779	1705	1.0
3505	4948	1.0
4948	3505	1.0
1705	901	0.01
901	1705	0.01
122	4739	1.0
4739	122	1.0
3782	1227	0.01
1227	3782	0.01
3736	2420	0.01
2420	3736	0.01
3268	2319	0.01
2319	3268	0.01
4179	5102	0.01
5102	4179	0.01
1396	3950	0.01
3950	1396	0.01
3190	1579	0.01
1579	3190	0.01
1048	3755	0.01
3755	1048	0.01
5203	3244	1.0
3244	5203	1.0
1526	4643	1.0
4643	1526	1.0
1480	2229	1.0
2229	1480	1.0
5102	1473	1.0
1473	5102	1.0
2054	925	1.0
925	2054	1.0
4549	804	0.01
804	4549	0.01
3828	5030	0.01
5030	3828	0.01
4377	532	0.01
532	4377	0.01
2675	4221	1.0
4221	2675	1.0
3268	3690	0.01
3690	3268	0.01
3144	2233	1.0
2233	3144	1.0
3436	525	1.0
525	3436	1.0
3558	3624	0.01
3624	3558	0.01
2420	1975	0.01
1975	2420	0.01
2420	4007	0.01
4007	2420	0.01
113	3371	0.01
3371	113	0.01
4427	1898	1.0
1898	4427	1.0
815	2912	1.0
2912	815	1.0
38	3436	1.0
3436	38	1.0
1975	4206	1.0
4206	1975	1.0
804	4284	1.0
4284	804	1.0
3782	4814	0.01
4814	3782	0.01
900	4246	1.0
4246	900	1.0
1236	1965	1.0
1965	1236	1.0
390	4007	1.0
4007	390	1.0
5249	45	0.01
45	5249	0.01
4427	3274	1.0
3274	4427	1.0
371	1211	1.0
1211	371	1.0
5036	4630	1.0
4630	5036	1.0
3874	1315	0.01
1315	3874	0.01
1386	57	1.0
57	1386	1.0
3505	2459	0.01
2459	3505	0.01
470	3573	0.01
3573	470	0.01
60	57	1.0
57	60	1.0
3931	5081	0.01
5081	3931	0.01
1765	4345	1.0
4345	1765	1.0
3573	4739	0.01
4739	3573	0.01
525	3573	1.0
3573	525	1.0
3505	941	1.0
941	3505	1.0
122	800	1.0
800	122	1.0
2756	1236	0.01
1236	2756	0.01
1236	901	0.01
901	1236	0.01
1327	3624	0.01
3624	1327	0.01
5036	4255	0.01
4255	5036	0.01
1283	2825	0.01
2825	1283	0.01
3959	2669	0.01
2669	3959	0.01
5081	3959	1.0
3959	5081	1.0
4591	2446	0.01
2446	4591	0.01
4591	677	0.01
677	4591	0.01
502	2782	0.01
2782	502	0.01
122	4979	1.0
4979	122	1.0
1765	3950	0.01
3950	1765	0.01
1579	2638	0.01
2638	1579	0.01
1722	2658	1.0
2658	1722	1.0
974	3268	0.01
3268	974	0.01
1041	1958	0.01
1958	1041	0.01
5081	2272	1.0
2272	5081	1.0
1350	1211	0.01
1211	1350	0.01
2782	3779	1.0
3779	2782	1.0
2420	974	0.01
974	2420	0.01
3755	4948	1.0
4948	3755	1.0
349	4007	1.0
4007	349	1.0
3736	1898	1.0
1898	3736	1.0
3959	2825	0.01
2825	3959	0.01
800	57	1.0
57	800	1.0
60	4549	1.0
4549	60	1.0
525	3067	0.01
3067	525	0.01
3736	3331	0.01
3331	3736	0.01
60	3204	1.0
3204	60	1.0
2675	2570	1.0
2570	2675	1.0
3897	4007	1.0
4007	3897	1.0
1975	4377	0.01
4377	1975	0.01
2446	390	1.0
390	2446	1.0
1847	4194	1.0
4194	1847	1.0
4557	2233	0.01
2233	4557	0.01
435	525	1.0
525	435	1.0
5027	3346	0.01
3346	5027	0.01
3736	525	1.0
525	3736	1.0
470	4948	1.0
4948	470	1.0
3204	3931	0.01
3931	3204	0.01
4621	3505	0.01
3505	4621	0.01
1211	4194	1.0
4194	1211	1.0
2054	3980	1.0
3980	2054	1.0
1599	3067	0.01
3067	1599	0.01
4206	2825	0.01
2825	4206	0.01
5258	3268	0.01
3268	5258	0.01
4328	38	0.01
38	4328	0.01
498	4979	0.01
4979	498	0.01
2857	2229	1.0
2229	2857	1.0
4814	1722	0.01
1722	4814	0.01
3608	4345	0.01
4345	3608	0.01
3897	4739	1.0
4739	3897	1.0
815	4940	0.01
4940	815	0.01
4948	2007	0.01
2007	4948	0.01
804	3950	1.0
3950	804	1.0
1211	3244	0.01
3244	1211	0.01
1526	3678	1.0
3678	1526	1.0
2675	2229	1.0
2229	2675	1.0
122	3624	1.0
3624	122	1.0
60	1958	1.0
1958	60	1.0
5036	1211	1.0
1211	5036	1.0
390	3573	1.0
3573	390	1.0
4739	4552	0.01
4552	4739	0.01
1965	925	0.01
925	1965	0.01
1396	1423	1.0
1423	1396	1.0
122	3897	1.0
3897	122	1.0
1211	2822	0.01
2822	1211	0.01
2510	920	1.0
920	2510	1.0
4591	4552	0.01
4552	4591	0.01
4107	367	0.01
367	4107	0.01
3438	815	0.01
815	3438	0.01
1423	4007	1.0
4007	1423	1.0
2756	925	1.0
925	2756	1.0
2675	1473	1.0
1473	2675	1.0
4549	4557	0.01
4557	4549	0.01
3505	3346	0.01
3346	3505	0.01
1194	925	1.0
925	1194	1.0
3244	1765	0.01
1765	3244	0.01
1423	2233	1.0
2233	1423	1.0
3765	1203	0.01
1203	3765	0.01
537	1572	1.0
1572	537	1.0
3505	677	0.01
677	3505	0.01
920	57	0.01
57	920	0.01
3505	862	1.0
862	3505	1.0
2007	371	1.0
371	2007	1.0
4007	3479	0.01
3479	4007	0.01
1965	5027	0.01
5027	1965	0.01
4630	3678	1.0
3678	4630	1.0
2782	4224	1.0
4224	2782	1.0
390	4958	0.01
4958	390	0.01
5258	47	0.01
47	5258	0.01
5290	3980	0.01
3980	5290	0.01
5091	2570	0.01
2570	5091	0.01
5249	3371	0.01
3371	5249	0.01
1285	2272	0.01
2272	1285	0.01
2298	1211	0.01
1211	2298	0.01
800	958	1.0
958	800	1.0
3204	2272	1.0
2272	3204	1.0
1473	3782	1.0
3782	1473	1.0
470	4552	1.0
4552	470	1.0
1958	3736	0.01
3736	1958	0.01
435	3931	1.0
3931	435	1.0
502	4345	0.01
4345	502	0.01
537	4621	1.0
4621	537	1.0
390	941	1.0
941	390	1.0
773	2459	1.0
2459	773	1.0
1722	5172	1.0
5172	1722	1.0
5027	1898	1.0
1898	5027	1.0
2675	920	1.0
920	2675	1.0
901	941	1.0
941	901	1.0
2767	4549	1.0
4549	2767	1.0
5258	2870	0.01
2870	5258	0.01
525	2007	0.01
2007	525	0.01
1283	3438	0.01
3438	1283	0.01
5081	1965	1.0
1965	5081	1.0
4255	5102	0.01
5102	4255	0.01
1350	1965	0.01
1965	1350	0.01
3144	5249	0.01
5249	3144	0.01
4643	4979	0.01
4979	4643	0.01
435	2658	0.01
2658	435	0.01
3067	1109	0.01
1109	3067	0.01
4224	382	0.01
382	4224	0.01
3690	4328	0.01
4328	3690	0.01
1473	4206	1.0
4206	1473	1.0
4630	941	1.0
941	4630	1.0
4630	925	1.0
925	4630	1.0
2756	2286	1.0
2286	2756	1.0
2007	5172	1.0
5172	2007	1.0
60	3190	0.01
3190	60	0.01
1958	4552	0.01
4552	1958	0.01
5030	5036	1.0
5036	5030	1.0
371	1194	1.0
1194	371	1.0
4245	4224	0.01
4224	4245	0.01
862	1599	0.01
1599	862	0.01
1765	2233	1.0
2233	1765	1.0
5081	3346	0.01
3346	5081	0.01
2459	2756	0.01
2756	2459	0.01
525	4552	0.01
4552	525	0.01
4279	4224	0.01
4224	4279	0.01
4621	941	0.01
941	4621	0.01
5203	1898	1.0
1898	5203	1.0
3779	2007	0.01
2007	3779	0.01
38	3736	0.01
3736	38	0.01
4279	3828	0.01
3828	4279	0.01
57	3874	0.01
3874	57	0.01
1473	1937	1.0
1937	1473	1.0
2446	941	1.0
941	2446	1.0
3436	2229	1.0
2229	3436	1.0
3346	2229	1.0
2229	3346	1.0
1211	3624	1.0
3624	1211	1.0
1526	532	0.01
532	1526	0.01
1211	1898	1.0
1898	1211	1.0
1473	3836	1.0
3836	1473	1.0
2233	4194	0.01
4194	2233	0.01
1473	4552	1.0
4552	1473	1.0
900	5258	0.01
5258	900	0.01
4279	3190	0.01
3190	4279	0.01
122	461	1.0
461	122	1.0
2054	4630	1.0
4630	2054	1.0
1847	5265	1.0
5265	1847	1.0
4643	435	0.01
435	4643	0.01
1480	4276	1.0
4276	1480	1.0
1211	3782	1.0
3782	1211	1.0
2870	4221	1.0
4221	2870	1.0
5027	815	1.0
815	5027	1.0
537	3144	0.01
3144	537	0.01
1789	4427	0.01
4427	1789	0.01
3436	4206	1.0
4206	3436	1.0
5036	3946	1.0
3946	5036	1.0
552	3331	0.01
3331	552	0.01
1965	3779	1.0
3779	1965	1.0
2459	4206	1.0
4206	2459	1.0
3346	1396	0.01
1396	3346	0.01
1350	1765	0.01
1765	1350	0.01
1690	4958	0.01
4958	1690	0.01
5036	3755	1.0
3755	5036	1.0
1203	5027	0.01
5027	1203	0.01
1722	4621	1.0
4621	1722	1.0
1194	2756	0.01
2756	1194	0.01
4629	5102	0.01
5102	4629	0.01
2420	2233	1.0
2233	2420	1.0
4427	4591	1.0
4591	4427	1.0
1211	525	1.0
525	1211	1.0
4179	3779	0.01
3779	4179	0.01
4194	2637	1.0
2637	4194	1.0
122	4629	1.0
4629	122	1.0
3755	2756	1.0
2756	3755	1.0
4206	5172	1.0
5172	4206	1.0
3874	38	0.01
38	3874	0.01
901	2459	0.01
2459	901	0.01
974	498	0.01
498	974	0.01
60	677	1.0
677	60	1.0
4630	2822	0.01
2822	4630	0.01
38	2298	1.0
2298	38	1.0
3897	2637	0.01
2637	3897	0.01
349	552	1.0
552	349	1.0
1975	2661	1.0
2661	1975	1.0
2446	1194	1.0
1194	2446	1.0
3627	2459	0.01
2459	3627	0.01
4255	1386	0.01
1386	4255	0.01
1602	773	0.01
773	1602	0.01
4427	371	0.01
371	4427	0.01
1386	1285	1.0
1285	1386	1.0
2459	3980	0.01
3980	2459	0.01
3268	3931	0.01
3931	3268	0.01
349	3946	1.0
3946	349	1.0
5102	4557	0.01
4557	5102	0.01
2912	5265	0.01
5265	2912	0.01
3836	1572	0.01
1572	3836	0.01
5027	3067	1.0
3067	5027	1.0
5249	4224	0.01
4224	5249	0.01
5091	3274	1.0
3274	5091	1.0
532	925	1.0
925	532	1.0
2007	4552	1.0
4552	2007	1.0
45	1211	1.0
1211	45	1.0
4557	4284	0.01
4284	4557	0.01
5091	3950	1.0
3950	5091	1.0
3436	1211	1.0
1211	3436	1.0
4557	4279	0.01
4279	4557	0.01
3627	1690	0.01
1690	3627	0.01
38	537	1.0
537	38	1.0
1473	4948	1.0
4948	1473	1.0
1283	3558	0.01
3558	1283	0.01
2446	4643	1.0
4643	2446	1.0
3204	3093	0.01
3093	3204	0.01
1386	2669	1.0
2669	1386	1.0
3268	113	0.01
113	3268	0.01
3765	2233	1.0
2233	3765	1.0
2420	3755	1.0
3755	2420	1.0
5091	2233	1.0
2233	5091	1.0
552	2767	0.01
2767	552	0.01
4194	4276	1.0
4276	4194	1.0
1975	4643	0.01
4643	1975	0.01
4630	4194	1.0
4194	4630	1.0
3346	5172	1.0
5172	3346	1.0
3946	2857	0.01
2857	3946	0.01
2857	4427	0.01
4427	2857	0.01
2661	3627	0.01
3627	2661	0.01
2007	1211	1.0
1211	2007	1.0
2100	1480	0.01
1480	2100	0.01
1236	5258	0.01
5258	1236	0.01
5027	57	0.01
57	5027	0.01
5081	2669	1.0
2669	5081	1.0
3346	5265	1.0
5265	3346	1.0
1473	3479	1.0
3479	1473	1.0
5203	5265	1.0
5265	5203	1.0
5091	3779	1.0
3779	5091	1.0
45	3274	0.01
3274	45	0.01
1975	3782	1.0
3782	1975	1.0
3438	3608	0.01
3608	3438	0.01
1473	5290	1.0
5290	1473	1.0
4629	1285	0.01
1285	4629	0.01
5030	1283	1.0
1283	5030	1.0
1958	731	0.01
731	1958	0.01
461	804	0.01
804	461	0.01
470	815	1.0
815	470	1.0
435	2298	1.0
2298	435	1.0
4397	677	0.01
677	4397	0.01
4397	3190	0.01
3190	4397	0.01
38	5172	1.0
5172	38	1.0
60	3274	1.0
3274	60	1.0
5030	4194	1.0
4194	5030	1.0
390	1705	0.01
1705	390	0.01
1211	4246	0.01
4246	1211	0.01
3608	3678	0.01
3678	3608	0.01
122	4179	1.0
4179	122	1.0
2658	470	0.01
470	2658	0.01
45	448	1.0
448	45	1.0
5102	2116	0.01
2116	5102	0.01
5027	2356	1.0
2356	5027	1.0
4621	2582	0.01
2582	4621	0.01
3426	2870	1.0
2870	3426	1.0
3959	4591	1.0
4591	3959	1.0
502	4276	0.01
4276	502	0.01
901	2233	1.0
2233	901	1.0
2756	2582	1.0
2582	2756	1.0
2007	3274	1.0
3274	2007	1.0
804	2229	1.0
2229	804	1.0
1227	3690	0.01
3690	1227	0.01
4194	2661	1.0
2661	4194	1.0
1942	1526	0.01
1526	1942	0.01
3782	3690	0.01
3690	3782	0.01
4940	4739	0.01
4739	4940	0.01
2638	2007	0.01
2007	2638	0.01
2100	731	0.01
731	2100	0.01
3931	4328	0.01
4328	3931	0.01
2796	3736	0.01
3736	2796	0.01
3436	4557	0.01
4557	3436	0.01
4194	3678	0.01
3678	4194	0.01
3959	2796	0.01
2796	3959	0.01
1048	4397	0.01
4397	1048	0.01
5265	2319	0.01
2319	5265	0.01
2054	4246	1.0
4246	2054	1.0
349	941	1.0
941	349	1.0
371	901	1.0
901	371	1.0
1203	3627	1.0
3627	1203	1.0
2054	2756	1.0
2756	2054	1.0
5027	4606	0.01
4606	5027	0.01
2337	4276	0.01
4276	2337	0.01
1690	2298	1.0
2298	1690	1.0
3479	552	1.0
552	3479	1.0
1705	537	0.01
537	1705	0.01
925	113	0.01
113	925	0.01
4345	4427	0.01
4427	4345	0.01
1473	1480	1.0
1480	1473	1.0
55	3268	1.0
3268	55	1.0
1975	815	1.0
815	1975	1.0
804	1602	0.01
1602	804	0.01
1285	1690	0.01
1690	1285	0.01
60	4557	0.01
4557	60	0.01
5036	1194	1.0
1194	5036	1.0
371	1315	1.0
1315	371	1.0
1722	113	1.0
113	1722	1.0
1194	1203	1.0
1203	1194	1.0
1690	1705	0.01
1705	1690	0.01
4856	55	0.01
55	4856	0.01
3897	4279	1.0
4279	3897	1.0
55	2870	0.01
2870	55	0.01
2570	1203	0.01
1203	2570	0.01
2675	3346	1.0
3346	2675	1.0
3736	941	1.0
941	3736	1.0
2756	4345	1.0
4345	2756	1.0
5036	941	1.0
941	5036	1.0
5027	3874	0.01
3874	5027	0.01
3608	2442	0.01
2442	3608	0.01
5027	2570	0.01
2570	5027	0.01
2767	1473	1.0
1473	2767	1.0
470	1473	1.0
1473	470	1.0
2100	448	1.0
448	2100	1.0
862	1423	0.01
1423	862	0.01
3828	2658	0.01
2658	3828	0.01
925	2640	0.01
2640	925	0.01
38	4007	1.0
4007	38	1.0
461	815	1.0
815	461	1.0
2054	2272	1.0
2272	2054	1.0
3959	4224	1.0
4224	3959	1.0
1041	461	0.01
461	1041	0.01
5036	4107	1.0
4107	5036	1.0
2007	122	0.01
122	2007	0.01
1526	4606	1.0
4606	1526	1.0
3268	1041	0.01
1041	3268	0.01
4427	1975	1.0
1975	4427	1.0
4276	4397	0.01
4397	4276	0.01
1473	3573	1.0
3573	1473	1.0
1473	5172	1.0
5172	1473	1.0
448	3190	0.01
3190	448	0.01
1473	1041	1.0
1041	1473	1.0
4107	2054	0.01
2054	4107	0.01
2661	4221	0.01
4221	2661	0.01
2100	5091	1.0
5091	2100	1.0
3950	3479	0.01
3479	3950	0.01
1722	4206	0.01
4206	1722	0.01
3627	4948	0.01
4948	3627	0.01
1473	2233	1.0
2233	1473	1.0
2007	1898	1.0
1898	2007	1.0
2272	4591	0.01
4591	2272	0.01
349	390	1.0
390	349	1.0
3204	925	1.0
925	3204	1.0
974	532	0.01
532	974	0.01
925	2582	0.01
2582	925	0.01
4107	2319	0.01
2319	4107	0.01
5036	4643	1.0
4643	5036	1.0
5290	55	0.01
55	5290	0.01
4284	3690	0.01
3690	4284	0.01
3950	3331	0.01
3331	3950	0.01
122	4557	1.0
4557	122	1.0
1048	3779	1.0
3779	1048	1.0
3874	941	1.0
941	3874	1.0
4377	2782	0.01
2782	4377	0.01
2675	1572	1.0
1572	2675	1.0
1937	5249	0.01
5249	1937	0.01
1847	1109	0.01
1109	1847	0.01
958	773	0.01
773	958	0.01
5036	3436	1.0
3436	5036	1.0
1473	1211	1.0
1211	1473	1.0
2233	1937	0.01
1937	2233	0.01
2007	1975	1.0
1975	2007	1.0
3888	4856	0.01
4856	3888	0.01
3505	4643	1.0
4643	3505	1.0
4194	3779	1.0
3779	4194	1.0
3874	1898	1.0
1898	3874	1.0
1386	2582	1.0
2582	1386	1.0
3346	4549	1.0
4549	3346	1.0
920	5249	0.01
5249	920	0.01
47	1203	1.0
1203	47	1.0
3204	3765	0.01
3765	3204	0.01
1722	2229	1.0
2229	1722	1.0
941	4194	0.01
4194	941	0.01
3573	2570	0.01
2570	3573	0.01
3608	1526	1.0
1526	3608	1.0
3624	5081	0.01
5081	3624	0.01
1975	1315	1.0
1315	1975	1.0
498	448	0.01
448	498	0.01
2459	3274	1.0
3274	2459	1.0
677	47	0.01
47	677	0.01
1765	2658	1.0
2658	1765	1.0
60	122	1.0
122	60	1.0
1211	4377	0.01
4377	1211	0.01
1602	4814	0.01
4814	1602	0.01
3736	1473	1.0
1473	3736	1.0
3426	2857	1.0
2857	3426	1.0
4630	2640	0.01
2640	4630	0.01
45	2582	1.0
2582	45	1.0
3479	941	1.0
941	3479	1.0
2822	4179	0.01
4179	2822	0.01
3782	2870	0.01
2870	3782	0.01
2510	2286	0.01
2286	2510	0.01
2822	502	1.0
502	2822	1.0
5203	2638	1.0
2638	5203	1.0
5027	3204	0.01
3204	5027	0.01
3874	2582	0.01
2582	3874	0.01
5027	3505	1.0
3505	5027	1.0
2767	3888	0.01
3888	2767	0.01
804	4276	1.0
4276	804	1.0
1473	4856	1.0
4856	1473	1.0
804	5172	1.0
5172	804	1.0
2756	1965	1.0
1965	2756	1.0
5091	5203	0.01
5203	5091	0.01
1898	498	0.01
498	1898	0.01
1690	55	0.01
55	1690	0.01
2116	113	0.01
113	2116	0.01
2675	2356	1.0
2356	2675	1.0
3736	2582	1.0
2582	3736	1.0
2756	3274	1.0
3274	2756	1.0
532	1283	0.01
1283	532	0.01
5172	502	0.01
502	5172	0.01
1423	4246	1.0
4246	1423	1.0
122	448	1.0
448	122	1.0
5036	3678	1.0
3678	5036	1.0
1602	525	0.01
525	1602	0.01
55	2298	1.0
2298	55	1.0
2582	4206	0.01
4206	2582	0.01
1722	2446	1.0
2446	1722	1.0
920	2638	0.01
2638	920	0.01
435	461	1.0
461	435	1.0
4194	925	1.0
925	4194	1.0
5027	1194	1.0
1194	5027	1.0
4221	2669	0.01
2669	4221	0.01
3736	1211	1.0
1211	3736	1.0
2007	1473	1.0
1473	2007	1.0
122	1203	1.0
1203	122	1.0
773	1473	1.0
1473	773	1.0
3678	1236	0.01
1236	3678	0.01
4194	677	1.0
677	4194	1.0
3897	2420	0.01
2420	3897	0.01
3436	2912	1.0
2912	3436	1.0
435	3946	1.0
3946	435	1.0
122	3779	0.01
3779	122	0.01
113	349	0.01
349	113	0.01
2116	2337	0.01
2337	2116	0.01
38	773	1.0
773	38	1.0
2054	2298	0.01
2298	2054	0.01
3438	2658	0.01
2658	3438	0.01
2007	3624	1.0
3624	2007	1.0
3755	3608	1.0
3608	3755	1.0
122	3874	1.0
3874	122	1.0
1386	2420	1.0
2420	1386	1.0
1041	390	0.01
390	1041	0.01
3190	1473	1.0
1473	3190	1.0
4606	4958	0.01
4958	4606	0.01
4948	5030	0.01
5030	4948	0.01
1789	2356	1.0
2356	1789	1.0
1975	470	1.0
470	1975	1.0
525	3897	1.0
3897	525	1.0
1975	3836	0.01
3836	1975	0.01
815	1211	1.0
1211	815	1.0
2782	4549	0.01
4549	2782	0.01
2420	1705	1.0
1705	2420	1.0
1203	4245	1.0
4245	1203	1.0
2669	2442	0.01
2442	2669	0.01
1898	3678	0.01
3678	1898	0.01
3190	2870	1.0
2870	3190	1.0
1285	3426	0.01
3426	1285	0.01
1048	3608	1.0
3608	1048	1.0
815	4194	1.0
4194	815	1.0
2582	974	0.01
974	2582	0.01
3755	2582	1.0
2582	3755	1.0
5249	3755	0.01
3755	5249	0.01
470	3782	1.0
3782	470	1.0
4328	552	0.01
552	4328	0.01
3573	1109	0.01
1109	3573	0.01
2442	3828	0.01
3828	2442	0.01
5027	1423	1.0
1423	5027	1.0
3874	5081	0.01
5081	3874	0.01
525	2723	0.01
2723	525	0.01
2796	4107	0.01
4107	2796	0.01
1211	4621	0.01
4621	1211	0.01
5102	537	0.01
537	5102	0.01
122	4630	1.0
4630	122	1.0
1937	3624	0.01
3624	1937	0.01
2007	4206	1.0
4206	2007	1.0
3946	1847	0.01
1847	3946	0.01
4007	1765	0.01
1765	4007	0.01
3204	4007	1.0
4007	3204	1.0
4621	4179	0.01
4179	4621	0.01
3897	5172	0.01
5172	3897	0.01
5027	5265	1.0
5265	5027	1.0
5027	4276	0.01
4276	5027	0.01
3479	3204	0.01
3204	3479	0.01
773	2658	0.01
2658	773	0.01
1473	4194	1.0
4194	1473	1.0
502	925	0.01
925	502	0.01
2756	4007	1.0
4007	2756	1.0
1975	1194	1.0
1194	1975	1.0
1048	4194	0.01
4194	1048	0.01
2446	2356	1.0
2356	2446	1.0
4284	3782	0.01
3782	4284	0.01
4630	3505	1.0
3505	4630	1.0
1599	3755	0.01
3755	1599	0.01
4630	1579	1.0
1579	4630	1.0
3244	3371	0.01
3371	3244	0.01
371	3624	1.0
3624	371	1.0
3950	4856	0.01
4856	3950	0.01
1473	2272	1.0
2272	1473	1.0
537	4591	0.01
4591	537	0.01
1965	3782	0.01
3782	1965	0.01
2658	2570	0.01
2570	2658	0.01
2857	3274	1.0
3274	2857	1.0
5036	2767	1.0
2767	5036	1.0
731	4557	0.01
4557	731	0.01
5036	371	1.0
371	5036	1.0
1705	2286	0.01
2286	1705	0.01
1283	1958	0.01
1958	1283	0.01
2767	537	1.0
537	2767	1.0
4630	3946	1.0
3946	4630	1.0
2319	900	0.01
900	2319	0.01
367	941	1.0
941	367	1.0
3779	5027	0.01
5027	3779	0.01
349	4206	0.01
4206	349	0.01
2756	3244	1.0
3244	2756	1.0
731	1847	1.0
1847	731	1.0
804	773	1.0
773	804	1.0
2459	3897	0.01
3897	2459	0.01
4621	3244	0.01
3244	4621	0.01
1396	4591	1.0
4591	1396	1.0
1473	1705	1.0
1705	1473	1.0
2100	3573	1.0
3573	2100	1.0
2857	941	1.0
941	2857	1.0
4814	4621	1.0
4621	4814	1.0
4276	2912	0.01
2912	4276	0.01
45	5265	1.0
5265	45	1.0
3426	941	1.0
941	3426	1.0
3573	3959	0.01
3959	3573	0.01
1211	2286	1.0
2286	1211	1.0
1975	5203	1.0
5203	1975	1.0
1236	2637	1.0
2637	1236	1.0
2510	2272	0.01
2272	2510	0.01
1473	2661	1.0
2661	1473	1.0
3874	3274	1.0
3274	3874	1.0
3897	3779	1.0
3779	3897	1.0
2054	2782	0.01
2782	2054	0.01
1473	2582	1.0
2582	1473	1.0
525	958	1.0
958	525	1.0
47	1942	0.01
1942	47	0.01
2661	1765	0.01
1765	2661	0.01
3897	4643	1.0
4643	3897	1.0
4279	4284	0.01
4284	4279	0.01
1937	958	0.01
958	1937	0.01
1203	3608	0.01
3608	1203	0.01
2229	4224	0.01
4224	2229	0.01
3093	2675	0.01
2675	3093	0.01
4940	1048	0.01
1048	4940	0.01
3736	1526	1.0
1526	3736	1.0
2825	1572	0.01
1572	2825	0.01
4630	3897	0.01
3897	4630	0.01
1211	2229	1.0
2229	1211	1.0
2054	4958	1.0
4958	2054	1.0
2510	958	1.0
958	2510	1.0
1847	4007	0.01
4007	1847	0.01
5027	2007	1.0
2007	5027	1.0
5027	3436	1.0
3436	5027	1.0
435	815	0.01
815	435	0.01
4557	390	0.01
390	4557	0.01
3479	4279	1.0
4279	3479	1.0
2756	2233	1.0
2233	2756	1.0
4814	2233	1.0
2233	4814	1.0
4630	4940	1.0
4940	4630	1.0
2054	3779	1.0
3779	2054	1.0
5036	920	1.0
920	5036	1.0
1526	941	1.0
941	1526	1.0
532	1305	0.01
1305	532	0.01
4328	1109	0.01
1109	4328	0.01
5030	3926	1.0
3926	5030	1.0
3779	3479	0.01
3479	3779	0.01
5030	2756	1.0
2756	5030	1.0
371	1975	1.0
1975	371	1.0
3897	3268	1.0
3268	3897	1.0
2100	4591	1.0
4591	2100	1.0
4276	2272	0.01
2272	4276	0.01
4194	2286	1.0
2286	4194	1.0
5027	5036	1.0
5036	5027	1.0
2510	1211	1.0
1211	2510	1.0
2054	901	0.01
901	2054	0.01
901	5030	0.01
5030	901	0.01
1473	390	1.0
390	1473	1.0
4377	2286	0.01
2286	4377	0.01
2356	4591	0.01
4591	2356	0.01
2782	4591	1.0
4591	2782	1.0
45	941	1.0
941	45	1.0
1690	4284	0.01
4284	1690	0.01
1396	2912	0.01
2912	1396	0.01
5102	2640	0.01
2640	5102	0.01
804	4221	1.0
4221	804	1.0
1203	4279	1.0
4279	1203	1.0
1526	1236	0.01
1236	1526	0.01
3346	5102	0.01
5102	3346	0.01
901	2298	1.0
2298	901	1.0
3608	4557	0.01
4557	3608	0.01
2796	1396	0.01
1396	2796	0.01
4591	5249	0.01
5249	4591	0.01
2675	1236	0.01
1236	2675	0.01
2510	941	1.0
941	2510	1.0
3779	2319	0.01
2319	3779	0.01
1480	3624	1.0
3624	1480	1.0
2796	2638	1.0
2638	2796	1.0
804	1236	1.0
1236	804	1.0
532	2233	0.01
2233	532	0.01
60	3779	0.01
3779	60	0.01
1526	1109	0.01
1109	1526	0.01
3888	677	1.0
677	3888	1.0
5036	2582	1.0
2582	5036	1.0
1423	3897	0.01
3897	1423	0.01
1305	2767	0.01
2767	1305	0.01
4549	3268	0.01
3268	4549	0.01
5036	5203	1.0
5203	5036	1.0
2782	3479	1.0
3479	2782	1.0
1315	2822	0.01
2822	1315	0.01
390	1315	0.01
1315	390	0.01
1315	677	0.01
677	1315	0.01
45	470	1.0
470	45	1.0
2675	5265	1.0
5265	2675	1.0
3874	3926	1.0
3926	3874	1.0
5091	3558	1.0
3558	5091	1.0
1473	532	1.0
532	1473	1.0
2007	4427	1.0
4427	2007	1.0
5027	804	0.01
804	5027	0.01
2100	1722	0.01
1722	2100	0.01
4552	3624	0.01
3624	4552	0.01
4328	470	0.01
470	4328	0.01
5258	1599	0.01
1599	5258	0.01
3608	3274	1.0
3274	3608	1.0
4427	4206	1.0
4206	4427	1.0
1315	4194	0.01
4194	1315	0.01
804	2286	1.0
2286	804	1.0
3371	941	1.0
941	3371	1.0
4630	3931	1.0
3931	4630	1.0
2229	5258	0.01
5258	2229	0.01
2539	122	1.0
122	2539	1.0
1690	2857	1.0
2857	1690	1.0
5203	3624	0.01
3624	5203	0.01
5030	4427	1.0
4427	5030	1.0
349	4427	1.0
4427	349	1.0
2007	390	1.0
390	2007	1.0
5030	3244	1.0
3244	5030	1.0
1236	4739	1.0
4739	1236	1.0
5030	2007	1.0
2007	5030	1.0
800	5249	0.01
5249	800	0.01
1789	1109	0.01
1109	1789	0.01
4630	4856	1.0
4856	4630	1.0
5172	4224	0.01
4224	5172	0.01
3926	3093	0.01
3093	3926	0.01
2796	4194	1.0
4194	2796	1.0
1722	3624	1.0
3624	1722	1.0
3426	2582	1.0
2582	3426	1.0
1473	4643	1.0
4643	1473	1.0
5027	1599	0.01
1599	5027	0.01
3897	2298	1.0
2298	3897	1.0
3558	901	0.01
901	3558	0.01
4427	4377	0.01
4377	4427	0.01
2796	5265	1.0
5265	2796	1.0
1048	1975	1.0
1975	1048	1.0
5290	47	0.01
47	5290	0.01
804	3678	1.0
3678	804	1.0
1975	4948	1.0
4948	1975	1.0
3144	925	1.0
925	3144	1.0
3980	349	0.01
349	3980	0.01
941	4377	0.01
4377	941	0.01
2767	2582	1.0
2582	2767	1.0
4621	2298	0.01
2298	4621	0.01
122	3950	1.0
3950	122	1.0
2756	2298	1.0
2298	2756	1.0
38	4255	0.01
4255	38	0.01
2459	2912	1.0
2912	2459	1.0
4194	3782	1.0
3782	4194	1.0
113	3931	0.01
3931	113	0.01
1350	1599	0.01
1599	1350	0.01
2007	2857	1.0
2857	2007	1.0
1386	4621	1.0
4621	1386	1.0
470	4958	0.01
4958	470	0.01
773	1975	1.0
1975	773	1.0
5027	2272	1.0
2272	5027	1.0
5091	3346	0.01
3346	5091	0.01
3426	2233	1.0
2233	3426	1.0
4552	4179	0.01
4179	4552	0.01
2356	2825	0.01
2825	2356	0.01
38	1203	0.01
1203	38	0.01
5027	2100	1.0
2100	5027	1.0
1236	2298	1.0
2298	1236	1.0
3959	4194	1.0
4194	3959	1.0
1194	2319	0.01
2319	1194	0.01
1423	1937	0.01
1937	1423	0.01
1423	2286	0.01
2286	1423	0.01
113	2796	1.0
2796	113	1.0
2116	4591	1.0
4591	2116	1.0
3765	382	0.01
382	3765	0.01
1480	1203	1.0
1203	1480	1.0
4621	1473	0.01
1473	4621	0.01
3204	4552	0.01
4552	3204	0.01
4856	4179	0.01
4179	4856	0.01
4606	367	0.01
367	4606	0.01
2582	2782	0.01
2782	2582	0.01
1315	1602	0.01
1602	1315	0.01
5030	3897	1.0
3897	5030	1.0
382	448	0.01
448	382	0.01
5030	1526	0.01
1526	5030	0.01
1423	461	1.0
461	1423	1.0
1305	5036	0.01
5036	1305	0.01
532	3931	0.01
3931	532	0.01
3690	1602	0.01
1602	3690	0.01
5265	2272	0.01
2272	5265	0.01
3505	4739	1.0
4739	3505	1.0
2661	1789	0.01
1789	2661	0.01
2459	4958	1.0
4958	2459	1.0
2767	3331	1.0
3331	2767	1.0
1236	3268	1.0
3268	1236	1.0
3505	2857	1.0
2857	3505	1.0
2459	3624	1.0
3624	2459	1.0
677	2638	0.01
2638	677	0.01
920	1847	0.01
1847	920	0.01
2420	4630	1.0
4630	2420	1.0
5102	4328	0.01
4328	5102	0.01
4194	1942	1.0
1942	4194	1.0
1722	2756	0.01
2756	1722	0.01
3678	3093	0.01
3093	3678	0.01
3436	3573	1.0
3573	3436	1.0
537	5172	1.0
5172	537	1.0
4606	4276	0.01
4276	4606	0.01
498	1283	0.01
1283	498	0.01
773	1048	0.01
1048	773	0.01
5081	3274	0.01
3274	5081	0.01
4276	1315	0.01
1315	4276	0.01
55	1599	0.01
1599	55	0.01
2459	1473	1.0
1473	2459	1.0
941	1602	0.01
1602	941	0.01
3888	2233	1.0
2233	3888	1.0
3624	1942	0.01
1942	3624	0.01
1423	3144	1.0
3144	1423	1.0
731	2640	0.01
2640	731	0.01
3371	4246	1.0
4246	3371	1.0
4194	5203	1.0
5203	4194	1.0
5030	1194	1.0
1194	5030	1.0
2116	1690	0.01
1690	2116	0.01
1386	4276	1.0
4276	1386	1.0
4630	4221	1.0
4221	4630	1.0
2446	3624	0.01
3624	2446	0.01
5290	862	0.01
862	5290	0.01
552	2640	0.01
2640	552	0.01
2442	1041	0.01
1041	2442	0.01
2782	38	0.01
38	2782	0.01
4606	5036	0.01
5036	4606	0.01
2675	958	1.0
958	2675	1.0
4814	2870	1.0
2870	4814	1.0
3608	3331	1.0
3331	3608	1.0
525	3874	0.01
3874	525	0.01
773	3755	1.0
3755	773	1.0
2796	4629	0.01
4629	2796	0.01
3624	4007	0.01
4007	3624	0.01
3624	2116	0.01
2116	3624	0.01
2007	2582	1.0
2582	2007	1.0
4328	4007	0.01
4007	4328	0.01
5027	4948	1.0
4948	5027	1.0
2459	4856	1.0
4856	2459	1.0
1423	2319	1.0
2319	1423	1.0
1526	3190	0.01
3190	1526	0.01
4284	4739	0.01
4739	4284	0.01
470	941	1.0
941	470	1.0
2116	2582	1.0
2582	2116	1.0
1473	4328	1.0
4328	1473	1.0
2756	3371	0.01
3371	2756	0.01
3836	1211	0.01
1211	3836	0.01
3888	55	0.01
55	3888	0.01
2007	4328	0.01
4328	2007	0.01
113	3980	1.0
3980	113	1.0
2007	5203	1.0
5203	2007	1.0
2356	1203	0.01
1203	2356	0.01
3067	461	0.01
461	3067	0.01
4007	677	0.01
677	4007	0.01
2233	3268	0.01
3268	2233	0.01
941	1236	0.01
1236	941	0.01
731	1194	1.0
1194	731	1.0
122	5258	1.0
5258	122	1.0
3505	3624	0.01
3624	3505	0.01
498	4255	0.01
4255	498	0.01
2459	1975	1.0
1975	2459	1.0
1765	5249	0.01
5249	1765	0.01
901	2658	1.0
2658	901	1.0
1722	4591	1.0
4591	1722	1.0
5091	2658	0.01
2658	5091	0.01
2822	3946	0.01
3946	2822	0.01
958	3926	0.01
3926	958	0.01
4206	3980	0.01
3980	4206	0.01
55	1473	1.0
1473	55	1.0
5036	2857	1.0
2857	5036	1.0
3331	55	0.01
55	3331	0.01
3897	5265	1.0
5265	3897	1.0
3950	1602	0.01
1602	3950	0.01
5258	2640	0.01
2640	5258	0.01
47	2229	0.01
2229	47	0.01
498	901	0.01
901	498	0.01
1975	60	0.01
60	1975	0.01
3690	5030	0.01
5030	3690	0.01
3755	2233	1.0
2233	3755	1.0
461	2100	0.01
2100	461	0.01
1975	1473	1.0
1473	1975	1.0
1327	1942	1.0
1942	1327	1.0
1789	1722	0.01
1722	1789	0.01
2446	2796	0.01
2796	2446	0.01
1965	3479	1.0
3479	1965	1.0
537	2233	1.0
2233	537	1.0
1526	2640	0.01
2640	1526	0.01
1048	4552	1.0
4552	1048	1.0
498	2582	1.0
2582	498	1.0
1705	941	1.0
941	1705	1.0
1109	2637	0.01
2637	1109	0.01
3888	862	1.0
862	3888	1.0
4630	5030	0.01
5030	4630	0.01
3346	5203	0.01
5203	3346	0.01
4427	4549	1.0
4549	4427	1.0
532	3244	0.01
3244	532	0.01
1847	4940	1.0
4940	1847	1.0
3874	3331	0.01
3331	3874	0.01
1579	804	0.01
804	1579	0.01
4427	2756	1.0
2756	4427	1.0
57	122	0.01
122	57	0.01
3436	5203	0.01
5203	3436	0.01
470	1937	0.01
1937	470	0.01
4224	3931	0.01
3931	4224	0.01
2756	901	1.0
901	2756	1.0
1203	2337	0.01
2337	1203	0.01
38	2756	1.0
2756	38	1.0
371	525	1.0
525	371	1.0
815	1898	1.0
1898	815	1.0
1227	2233	0.01
2233	1227	0.01
2459	470	1.0
470	2459	1.0
2442	4591	1.0
4591	2442	1.0
552	1327	0.01
1327	552	0.01
958	4630	0.01
4630	958	0.01
2756	2857	1.0
2857	2756	1.0
2767	941	1.0
941	2767	1.0
5203	2272	1.0
2272	5203	1.0
2054	900	0.01
900	2054	0.01
371	4194	1.0
4194	371	1.0
5102	4427	0.01
4427	5102	0.01
2007	1526	1.0
1526	2007	1.0
3144	2637	0.01
2637	3144	0.01
2116	4557	1.0
4557	2116	1.0
3736	4345	1.0
4345	3736	1.0
1285	47	0.01
47	1285	0.01
4284	3931	0.01
3931	4284	0.01
3950	2442	0.01
2442	3950	0.01
2446	60	0.01
60	2446	0.01
731	4630	1.0
4630	731	1.0
3346	925	1.0
925	3346	1.0
4591	1480	0.01
1480	4591	0.01
1847	532	0.01
532	1847	0.01
4630	5290	0.01
5290	4630	0.01
55	4284	0.01
4284	55	0.01
974	2782	0.01
2782	974	0.01
4856	371	0.01
371	4856	0.01
38	2459	1.0
2459	38	1.0
371	2912	1.0
2912	371	1.0
3346	537	1.0
537	3346	1.0
2459	4552	1.0
4552	2459	1.0
1789	2796	0.01
2796	1789	0.01
5290	1350	0.01
1350	5290	0.01
3479	1480	1.0
1480	3479	1.0
1386	4194	1.0
4194	1386	1.0
2116	5265	1.0
5265	2116	1.0
5027	5102	0.01
5102	5027	0.01
461	3624	1.0
3624	461	1.0
2857	2233	1.0
2233	2857	1.0
3346	122	1.0
122	3346	1.0
773	5265	1.0
5265	773	1.0
2272	1315	0.01
1315	2272	0.01
1386	4979	1.0
4979	1386	1.0
1048	3573	1.0
3573	1048	1.0
1048	1473	1.0
1473	1048	1.0
2661	3678	0.01
3678	2661	0.01
4427	2356	0.01
2356	4427	0.01
2459	1211	1.0
1211	2459	1.0
122	3558	1.0
3558	122	1.0
2661	1283	0.01
1283	2661	0.01
1526	4427	0.01
4427	1526	0.01
4630	4246	1.0
4246	4630	1.0
461	1194	0.01
1194	461	0.01
1473	4221	1.0
4221	1473	1.0
1789	4979	1.0
4979	1789	1.0
55	1109	0.01
1109	55	0.01
47	4591	1.0
4591	47	1.0
1211	941	1.0
941	1211	1.0
1236	3144	1.0
3144	1236	1.0
4427	3897	1.0
3897	4427	1.0
5258	958	0.01
958	5258	0.01
2229	1526	0.01
1526	2229	0.01
525	941	1.0
941	525	1.0
1722	4279	1.0
4279	1722	1.0
2796	390	1.0
390	2796	1.0
3438	4397	0.01
4397	3438	0.01
3505	2638	1.0
2638	3505	1.0
1203	5081	0.01
5081	1203	0.01
901	4255	0.01
4255	901	0.01
4377	38	0.01
38	4377	0.01
390	1283	1.0
1283	390	1.0
4630	2637	1.0
2637	4630	1.0
1396	3959	0.01
3959	1396	0.01
367	1285	1.0
1285	367	1.0
1473	4007	1.0
4007	1473	1.0
1194	1958	1.0
1958	1194	1.0
2582	4643	0.01
4643	2582	0.01
371	3573	1.0
3573	371	1.0
122	2637	1.0
2637	122	1.0
1572	1327	0.01
1327	1572	0.01
815	3573	1.0
3573	815	1.0
122	2459	0.01
2459	122	0.01
1285	1350	0.01
1350	1285	0.01
4630	4255	1.0
4255	4630	1.0
1975	3608	0.01
3608	1975	0.01
3346	1942	1.0
1942	3346	1.0
5081	4345	0.01
4345	5081	0.01
3950	4606	0.01
4606	3950	0.01
3627	1942	0.01
1942	3627	0.01
4221	1305	0.01
1305	4221	0.01
57	2723	0.01
2723	57	0.01
2510	2116	0.01
2116	2510	0.01
3268	3558	0.01
3558	3268	0.01
2446	4397	0.01
4397	2446	0.01
1109	2298	0.01
2298	1109	0.01
1473	3627	1.0
3627	1473	1.0
367	1473	1.0
1473	367	1.0
2870	800	0.01
800	2870	0.01
3505	2912	0.01
2912	3505	0.01
3505	3558	0.01
3558	3505	0.01
2116	2796	0.01
2796	2116	0.01
3093	804	0.01
804	3093	0.01
1705	2582	1.0
2582	1705	1.0
2870	4591	1.0
4591	2870	1.0
1705	3897	0.01
3897	1705	0.01
2857	3573	0.01
3573	2857	0.01
2054	4591	1.0
4591	2054	1.0
2446	122	1.0
122	2446	1.0
1473	5203	1.0
5203	1473	1.0
3755	2570	0.01
2570	3755	0.01
390	5172	0.01
5172	390	0.01
3931	4397	0.01
4397	3931	0.01
38	3244	0.01
3244	38	0.01
677	2100	0.01
2100	677	0.01
2539	57	0.01
57	2539	0.01
2661	537	0.01
537	2661	0.01
5203	4940	1.0
4940	5203	1.0
5027	4427	1.0
4427	5027	1.0
122	1526	1.0
1526	122	1.0
2116	4246	1.0
4246	2116	1.0
3268	4179	0.01
4179	3268	0.01
4630	1958	1.0
1958	4630	1.0
1211	1315	1.0
1315	1211	1.0
1473	862	1.0
862	1473	1.0
2658	1473	0.01
1473	2658	0.01
3244	4643	0.01
4643	3244	0.01
677	2054	0.01
2054	677	0.01
1236	3980	1.0
3980	1236	1.0
4856	470	0.01
470	4856	0.01
4245	349	0.01
349	4245	0.01
3690	2459	0.01
2459	3690	0.01
2796	3678	1.0
3678	2796	1.0
3505	2233	1.0
2233	3505	1.0
4397	3627	0.01
3627	4397	0.01
1789	4621	0.01
4621	1789	0.01
2007	2912	1.0
2912	2007	1.0
3346	3950	1.0
3950	3346	1.0
1473	498	1.0
498	1473	1.0
2767	2229	0.01
2229	2767	0.01
5203	1315	0.01
1315	5203	0.01
3346	3274	0.01
3274	3346	0.01
2638	1109	0.01
1109	2638	0.01
3204	3274	1.0
3274	3204	1.0
5081	1285	1.0
1285	5081	1.0
4629	2298	0.01
2298	4629	0.01
5091	45	0.01
45	5091	0.01
804	900	1.0
900	804	1.0
1473	3608	1.0
3608	1473	1.0
4345	2669	0.01
2669	4345	0.01
4814	45	0.01
45	4814	0.01
3558	2796	0.01
2796	3558	0.01
45	1473	1.0
1473	45	1.0
55	3950	0.01
3950	55	0.01
2675	1327	0.01
1327	2675	0.01
3438	3959	0.01
3959	3438	0.01
3426	4224	1.0
4224	3426	1.0
2420	1690	0.01
1690	2420	0.01
502	552	0.01
552	502	0.01
3426	3244	0.01
3244	3426	0.01
4629	1579	0.01
1579	4629	0.01
3926	3505	0.01
3505	3926	0.01
3436	3690	0.01
3690	3436	0.01
1305	3946	0.01
3946	1305	0.01
5203	4621	1.0
4621	5203	1.0
525	3624	1.0
3624	525	1.0
3931	1975	0.01
1975	3931	0.01
1473	2356	1.0
2356	1473	1.0
1602	1285	0.01
1285	1602	0.01
1526	3782	1.0
3782	1526	1.0
2298	4345	0.01
4345	2298	0.01
800	3268	0.01
3268	800	0.01
1572	5102	0.01
5102	1572	0.01
4427	4621	0.01
4621	4427	0.01
3331	2459	0.01
2459	3331	0.01
1599	1579	0.01
1579	1599	0.01
2782	3897	1.0
3897	2782	1.0
3479	4958	0.01
4958	3479	0.01
2100	1236	0.01
1236	2100	0.01
5027	3627	1.0
3627	5027	1.0
2007	4739	0.01
4739	2007	0.01
4179	349	0.01
349	4179	0.01
4427	2446	1.0
2446	4427	1.0
1526	2272	1.0
2272	1526	1.0
1386	4591	1.0
4591	1386	1.0
4246	5027	0.01
5027	4246	0.01
1722	731	1.0
731	1722	1.0
1211	2756	0.01
2756	1211	0.01
448	461	0.01
461	448	0.01
958	1526	0.01
1526	958	0.01
3505	2582	1.0
2582	3505	1.0
122	3931	1.0
3931	122	1.0
3627	4179	0.01
4179	3627	0.01
3346	3931	1.0
3931	3346	1.0
5081	3946	1.0
3946	5081	1.0
371	3067	1.0
3067	371	1.0
920	60	0.01
60	920	0.01
1765	4948	0.01
4948	1765	0.01
2912	925	0.01
925	2912	0.01
382	38	0.01
38	382	0.01
1041	1236	0.01
1236	1041	0.01
1473	3828	1.0
3828	1473	1.0
677	382	0.01
382	677	0.01
1765	3874	0.01
3874	1765	0.01
38	3755	1.0
3755	38	1.0
2796	2233	1.0
2233	2796	1.0
1975	3144	1.0
3144	1975	1.0
804	4630	1.0
4630	804	1.0
2007	2661	1.0
2661	2007	1.0
1423	941	1.0
941	1423	1.0
974	2661	0.01
2661	974	0.01
3755	4940	1.0
4940	3755	1.0
2286	4246	0.01
4246	2286	0.01
461	2661	0.01
2661	461	0.01
3836	2319	0.01
2319	3836	0.01
2007	3436	1.0
3436	2007	1.0
3950	1705	0.01
1705	3950	0.01
3690	3779	0.01
3779	3690	0.01
1526	4007	0.01
4007	1526	0.01
2767	1965	1.0
1965	2767	1.0
3627	3093	0.01
3093	3627	0.01
5203	4552	1.0
4552	5203	1.0
3765	1898	0.01
1898	3765	0.01
3244	901	0.01
901	3244	0.01
4328	2857	0.01
2857	4328	0.01
3067	4591	1.0
4591	3067	1.0
1722	4107	1.0
4107	1722	1.0
45	4643	1.0
4643	45	1.0
1194	1526	1.0
1526	1194	1.0
3426	3624	0.01
3624	3426	0.01
4427	4552	1.0
4552	4427	1.0
2539	5290	1.0
5290	2539	1.0
862	3204	0.01
3204	862	0.01
2870	4279	0.01
4279	2870	0.01
5030	4591	1.0
4591	5030	1.0
2054	2767	1.0
2767	2054	1.0
5027	958	1.0
958	5027	1.0
1765	3782	1.0
3782	1765	1.0
2539	3946	1.0
3946	2539	1.0
2857	2912	1.0
2912	2857	1.0
1315	1722	0.01
1722	1315	0.01
2638	4194	0.01
4194	2638	0.01
1526	5203	1.0
5203	1526	1.0
5036	4246	1.0
4246	5036	1.0
3836	941	1.0
941	3836	1.0
435	2539	0.01
2539	435	0.01
1285	1958	1.0
1958	1285	1.0
5036	3736	1.0
3736	5036	1.0
1203	3950	1.0
3950	1203	1.0
1386	435	1.0
435	1386	1.0
4246	55	0.01
55	4246	0.01
1048	525	1.0
525	1048	1.0
5081	1473	1.0
1473	5081	1.0
1396	3331	1.0
3331	1396	1.0
3067	3782	0.01
3782	3067	0.01
3190	1690	0.01
1690	3190	0.01
2510	1473	1.0
1473	2510	1.0
502	4621	1.0
4621	502	1.0
4549	1965	0.01
1965	4549	0.01
920	2007	0.01
2007	920	0.01
122	925	1.0
925	122	1.0
382	1473	1.0
1473	382	1.0
2100	5290	0.01
5290	2100	0.01
5102	2638	0.01
2638	5102	0.01
2100	800	0.01
800	2100	0.01
5036	1236	1.0
1236	5036	1.0
3888	2272	1.0
2272	3888	1.0
525	4194	1.0
4194	525	1.0
5036	4345	1.0
4345	5036	1.0
1236	4246	1.0
4246	1236	1.0
4630	4276	1.0
4276	4630	1.0
38	920	0.01
920	38	0.01
1236	4328	0.01
4328	1236	0.01
4552	920	0.01
920	4552	0.01
122	2286	1.0
2286	122	1.0
1690	1236	0.01
1236	1690	0.01
4427	3426	1.0
3426	4427	1.0
1765	4739	0.01
4739	1765	0.01
3436	1473	1.0
1473	3436	1.0
113	3624	0.01
3624	113	0.01
4629	5290	0.01
5290	4629	0.01
3274	2638	0.01
2638	3274	0.01
5036	4948	1.0
4948	5036	1.0
1722	1236	1.0
1236	1722	1.0
3980	4629	0.01
4629	3980	0.01
1285	2870	1.0
2870	1285	1.0
1327	4591	0.01
4591	1327	0.01
800	941	1.0
941	800	1.0
2767	3980	1.0
3980	2767	1.0
3479	1283	1.0
1283	3479	1.0
5036	815	1.0
815	5036	1.0
1975	2229	0.01
2229	1975	0.01
2510	2356	0.01
2356	2510	0.01
1965	1958	1.0
1958	1965	1.0
537	4606	1.0
4606	537	1.0
371	3371	0.01
3371	371	0.01
502	4591	1.0
4591	502	1.0
1236	4630	1.0
4630	1236	1.0
3765	1789	0.01
1789	3765	0.01
4630	3624	0.01
3624	4630	0.01
38	3505	1.0
3505	38	1.0
2100	532	1.0
532	2100	1.0
2054	3244	1.0
3244	2054	1.0
3438	925	0.01
925	3438	0.01
1602	4221	0.01
4221	1602	0.01
1473	1350	1.0
1350	1473	1.0
525	3782	1.0
3782	525	1.0
3755	1285	1.0
1285	3755	1.0
4630	3268	1.0
3268	4630	1.0
2007	1722	0.01
1722	2007	0.01
1965	815	0.01
815	1965	0.01
435	3627	1.0
3627	435	1.0
4814	3765	0.01
3765	4814	0.01
525	2661	1.0
2661	525	1.0
1975	1602	1.0
1602	1975	1.0
4224	45	0.01
45	4224	0.01
4007	4377	0.01
4377	4007	0.01
4194	4255	1.0
4255	4194	1.0
1975	3190	0.01
3190	1975	0.01
38	3782	1.0
3782	38	1.0
2442	2420	0.01
2420	2442	0.01
60	4246	1.0
4246	60	1.0
3874	3244	1.0
3244	3874	1.0
122	2638	1.0
2638	122	1.0
1227	1473	1.0
1473	1227	1.0
4206	4948	1.0
4948	4206	1.0
5036	925	1.0
925	5036	1.0
4621	3926	0.01
3926	4621	0.01
3505	3950	0.01
3950	3505	0.01
4194	3931	1.0
3931	4194	1.0
2756	2638	1.0
2638	2756	1.0
2054	122	0.01
122	2054	0.01
2116	4224	1.0
4224	2116	1.0
815	3950	0.01
3950	815	0.01
3371	2233	1.0
2233	3371	1.0
3755	2669	1.0
2669	3755	1.0
3959	1572	1.0
1572	3959	1.0
3690	2756	0.01
2756	3690	0.01
5027	3573	1.0
3573	5027	1.0
2822	3067	0.01
3067	2822	0.01
3479	2582	1.0
2582	3479	1.0
1327	731	0.01
731	1327	0.01
2337	1473	1.0
1473	2337	1.0
1473	2912	1.0
2912	1473	1.0
4630	4007	1.0
4007	4630	1.0
2420	4739	1.0
4739	2420	1.0
2640	1722	0.01
1722	2640	0.01
3436	1194	1.0
1194	3436	1.0
1386	4630	1.0
4630	1386	1.0
2796	1194	1.0
1194	2796	1.0
920	1227	0.01
1227	920	0.01
525	5290	0.01
5290	525	0.01
113	122	1.0
122	113	1.0
3779	2356	0.01
2356	3779	0.01
1480	5265	1.0
5265	1480	1.0
1048	900	0.01
900	1048	0.01
3371	1386	0.01
1386	3371	0.01
1480	1572	1.0
1572	1480	1.0
3736	3926	0.01
3926	3736	0.01
3268	371	0.01
371	3268	0.01
804	2272	1.0
2272	804	1.0
4427	677	1.0
677	4427	1.0
4007	2637	0.01
2637	4007	0.01
5036	4979	1.0
4979	5036	1.0
1722	1194	1.0
1194	1722	1.0
2319	2870	0.01
2870	2319	0.01
1327	5203	0.01
5203	1327	0.01
5030	4279	0.01
4279	5030	0.01
4194	4245	1.0
4245	4194	1.0
3874	470	0.01
470	3874	0.01
2756	537	1.0
537	2756	1.0
1526	3779	1.0
3779	1526	1.0
3690	2233	1.0
2233	3690	1.0
3959	4549	1.0
4549	3959	1.0
2007	2637	1.0
2637	2007	1.0
3980	920	0.01
920	3980	0.01
3346	1480	1.0
1480	3346	1.0
2007	3782	1.0
3782	2007	1.0
1722	1396	1.0
1396	1722	1.0
2782	2229	0.01
2229	2782	0.01
4194	4549	1.0
4549	4194	1.0
4107	4643	1.0
4643	4107	1.0
900	2442	0.01
2442	900	0.01
4979	1041	0.01
1041	4979	0.01
4427	502	1.0
502	4427	1.0
974	1194	0.01
1194	974	0.01
773	2446	1.0
2446	773	1.0
5027	925	1.0
925	5027	1.0
371	470	1.0
470	371	1.0
2661	502	0.01
502	2661	0.01
5027	2459	1.0
2459	5027	1.0
5036	3782	1.0
3782	5036	1.0
815	925	1.0
925	815	1.0
900	3779	1.0
3779	900	1.0
1965	1599	1.0
1599	1965	1.0
4007	3782	0.01
3782	4007	0.01
367	2582	1.0
2582	367	1.0
1211	958	1.0
958	1211	1.0
4194	3627	1.0
3627	4194	1.0
461	2510	0.01
2510	461	0.01
1937	3627	0.01
3627	1937	0.01
2233	1283	0.01
1283	2233	0.01
1965	2100	0.01
2100	1965	0.01
382	2669	1.0
2669	382	1.0
3346	4246	1.0
4246	3346	1.0
1423	1194	1.0
1194	1423	1.0
5290	4179	0.01
4179	5290	0.01
4630	2286	1.0
2286	4630	1.0
1789	2054	0.01
2054	1789	0.01
4279	382	0.01
382	4279	0.01
2756	941	1.0
941	2756	1.0
4630	677	1.0
677	4630	1.0
804	2912	1.0
2912	804	1.0
800	2582	1.0
2582	800	1.0
3874	3436	0.01
3436	3874	0.01
1705	1203	0.01
1203	1705	0.01
5249	3244	0.01
3244	5249	0.01
45	1386	0.01
1386	45	0.01
2822	1473	1.0
1473	2822	1.0
4276	1048	0.01
1048	4276	0.01
38	2233	1.0
2233	38	1.0
1705	3274	0.01
3274	1705	0.01
3836	1315	1.0
1315	3836	1.0
461	1327	0.01
1327	461	0.01
3946	2638	0.01
2638	3946	0.01
5172	2570	0.01
2570	5172	0.01
4284	925	1.0
925	4284	1.0
60	3624	0.01
3624	60	0.01
3436	3782	0.01
3782	3436	0.01
5030	435	1.0
435	5030	1.0
60	2539	0.01
2539	60	0.01
1965	1473	0.01
1473	1965	0.01
2723	122	1.0
122	2723	1.0
2007	941	1.0
941	2007	1.0
1194	4621	1.0
4621	1194	1.0
1572	1203	0.01
1203	1572	0.01
4427	4629	1.0
4629	4427	1.0
2319	349	0.01
349	2319	0.01
1473	3093	1.0
3093	1473	1.0
55	958	0.01
958	55	0.01
4427	3573	1.0
3573	4427	1.0
3505	2116	0.01
2116	3505	0.01
2675	4427	1.0
4427	2675	1.0
1048	3624	1.0
3624	1048	1.0
3436	3624	1.0
3624	3436	1.0
1473	4606	1.0
4606	1473	1.0
1937	4206	0.01
4206	1937	0.01
57	1203	0.01
1203	57	0.01
5091	461	0.01
461	5091	0.01
1722	1937	0.01
1937	1722	0.01
2446	4284	0.01
4284	2446	0.01
3926	367	0.01
367	3926	0.01
1396	4397	1.0
4397	1396	1.0
1480	1937	0.01
1937	1480	0.01
4427	1211	1.0
1211	4427	1.0
349	2100	1.0
2100	349	1.0
525	1041	0.01
1041	525	0.01
1236	2796	1.0
2796	1236	1.0
1203	4007	1.0
4007	1203	1.0
4739	2822	0.01
2822	4739	0.01
2510	3608	1.0
3608	2510	1.0
122	4224	1.0
4224	122	1.0
3438	2298	1.0
2298	3438	1.0
2767	5265	1.0
5265	2767	1.0
2054	45	1.0
45	2054	1.0
2825	1048	0.01
1048	2825	0.01
122	3946	1.0
3946	122	1.0
4552	1898	0.01
1898	4552	0.01
4552	3755	0.01
3755	4552	0.01
1285	2233	1.0
2233	1285	1.0
4194	4007	1.0
4007	4194	1.0
4255	4856	0.01
4856	4255	0.01
1386	2229	1.0
2229	1386	1.0
113	390	1.0
390	113	1.0
2446	57	1.0
57	2446	1.0
1109	1473	1.0
1473	1109	1.0
448	1937	0.01
1937	448	0.01
371	3608	1.0
3608	371	1.0
3436	4552	1.0
4552	3436	1.0
4007	1194	0.01
1194	4007	0.01
1975	4552	1.0
4552	1975	1.0
2857	958	1.0
958	2857	1.0
3067	1211	1.0
1211	3067	1.0
4328	3371	0.01
3371	4328	0.01
3608	2767	0.01
2767	3608	0.01
815	3624	1.0
3624	815	1.0
2446	2116	0.01
2116	2446	0.01
3331	2229	0.01
2229	3331	0.01
2272	815	0.01
815	2272	0.01
2420	4549	0.01
4549	2420	0.01
2637	5290	0.01
5290	2637	0.01
3624	4206	0.01
4206	3624	0.01
2054	3678	1.0
3678	2054	1.0
4345	1690	0.01
1690	4345	0.01
901	2661	1.0
2661	901	1.0
2459	1109	1.0
1109	2459	1.0
4427	941	1.0
941	4427	1.0
3678	4276	0.01
4276	3678	0.01
38	2638	1.0
2638	38	1.0
3736	3190	0.01
3190	3736	0.01
3946	3244	0.01
3244	3946	0.01
2637	3946	0.01
3946	2637	0.01
1211	3093	1.0
3093	1211	1.0
3346	371	1.0
371	3346	1.0
3331	3946	0.01
3946	3331	0.01
5258	3926	0.01
3926	5258	0.01
57	2756	0.01
2756	57	0.01
2446	4206	0.01
4206	2446	0.01
2286	1194	0.01
1194	2286	0.01
3067	537	0.01
537	3067	0.01
38	3931	1.0
3931	38	1.0
804	2233	1.0
2233	804	1.0
5036	3505	0.01
3505	5036	0.01
2007	4606	0.01
4606	2007	0.01
390	2582	1.0
2582	390	1.0
4549	2675	0.01
2675	4549	0.01
3436	1975	1.0
1975	3436	1.0
2767	2446	0.01
2446	2767	0.01
2420	862	1.0
862	2420	1.0
5203	1599	1.0
1599	5203	1.0
502	1227	0.01
1227	502	0.01
3346	1958	1.0
1958	3346	1.0
1690	2233	1.0
2233	1690	1.0
5027	525	1.0
525	5027	1.0
1236	3505	1.0
3505	1236	1.0
2857	382	0.01
382	2857	0.01
3888	3274	1.0
3274	3888	1.0
5203	920	1.0
920	5203	1.0
5102	2459	0.01
2459	5102	0.01
5030	525	1.0
525	5030	1.0
5030	5265	1.0
5265	5030	1.0
3371	2582	1.0
2582	3371	1.0
1579	1227	0.01
1227	1579	0.01
435	2229	1.0
2229	435	1.0
38	2116	0.01
2116	38	0.01
470	773	0.01
773	470	0.01
1602	2229	0.01
2229	1602	0.01
4206	3782	1.0
3782	4206	1.0
4276	2782	0.01
2782	4276	0.01
4549	4856	0.01
4856	4549	0.01
1194	2100	0.01
2100	1194	0.01
3736	4328	0.01
4328	3736	0.01
2446	3980	0.01
3980	2446	0.01
3426	4940	0.01
4940	3426	0.01
1283	1315	0.01
1315	1283	0.01
5081	4549	0.01
4549	5081	0.01
1690	2446	0.01
2446	1690	0.01
1386	941	1.0
941	1386	1.0
1898	4107	0.01
4107	1898	0.01
2756	5203	1.0
5203	2756	1.0
974	371	0.01
371	974	0.01
1211	1194	1.0
1194	1211	1.0
4552	3627	0.01
3627	4552	0.01
55	2796	0.01
2796	55	0.01
5030	1599	1.0
1599	5030	1.0
1211	3888	0.01
3888	1211	0.01
3836	3980	1.0
3980	3836	1.0
2459	3438	0.01
3438	2459	0.01
1386	4948	1.0
4948	1386	1.0
38	5265	1.0
5265	38	1.0
55	2539	0.01
2539	55	0.01
5036	3426	1.0
3426	5036	1.0
4814	1789	0.01
1789	4814	0.01
38	5036	1.0
5036	38	1.0
3144	1526	1.0
1526	3144	1.0
3244	4557	0.01
4557	3244	0.01
2007	958	1.0
958	2007	1.0
2756	461	1.0
461	2756	1.0
1194	4591	1.0
4591	1194	1.0
2054	1942	0.01
1942	2054	0.01
60	1942	1.0
1942	60	1.0
5036	1942	1.0
1942	5036	1.0
773	4643	1.0
4643	773	1.0
38	941	1.0
941	38	1.0
4856	4276	0.01
4276	4856	0.01
773	731	0.01
731	773	0.01
45	4397	0.01
4397	45	0.01
1473	941	1.0
941	1473	1.0
382	498	0.01
498	382	0.01
55	1526	1.0
1526	55	1.0
3346	4621	1.0
4621	3346	1.0
5290	5102	0.01
5102	5290	0.01
1386	4549	1.0
4549	1386	1.0
815	958	1.0
958	815	1.0
371	958	0.01
958	371	0.01
3959	2638	0.01
2638	3959	0.01
1396	4276	0.01
4276	1396	0.01
2825	2233	1.0
2233	2825	1.0
1211	3573	1.0
3573	1211	1.0
2100	1690	0.01
1690	2100	0.01
4739	2356	0.01
2356	4739	0.01
3755	2857	1.0
2857	3755	1.0
1690	2756	1.0
2756	1690	1.0
1602	3268	0.01
3268	1602	0.01
804	537	1.0
537	804	1.0
2054	2319	1.0
2319	2054	1.0
3331	45	0.01
45	3331	0.01
815	525	1.0
525	815	1.0
1473	1602	1.0
1602	1473	1.0
941	5027	0.01
5027	941	0.01
3779	3926	0.01
3926	3779	0.01
1599	2570	0.01
2570	1599	0.01
1396	3624	0.01
3624	1396	0.01
5265	382	0.01
382	5265	0.01
3608	4279	0.01
4279	3608	0.01
55	2582	0.01
2582	55	0.01
3190	731	0.01
731	3190	0.01
1194	677	1.0
677	1194	1.0
1305	2669	0.01
2669	1305	0.01
47	3479	1.0
3479	47	1.0
4621	3690	0.01
3690	4621	0.01
1396	2767	1.0
2767	1396	1.0
5081	4255	1.0
4255	5081	1.0
4179	1975	0.01
1975	4179	0.01
804	45	1.0
45	804	1.0
1480	3779	1.0
3779	1480	1.0
3436	470	1.0
470	3436	1.0
4107	1048	0.01
1048	4107	0.01
