53	206
206	53
231	32
32	231
126	11
11	126
83	173
173	83
16	158
158	16
173	243
243	173
67	140
140	67
226	206
206	226
217	45
45	217
36	211
211	36
64	130
130	64
56	67
67	56
98	123
123	98
100	144
144	100
67	176
176	67
164	23
23	164
44	143
143	44
58	204
204	58
70	136
136	70
35	172
172	35
17	47
47	17
117	232
232	117
16	194
194	16
25	144
144	25
139	193
193	139
105	226
226	105
67	185
185	67
24	188
188	24
100	199
199	100
173	77
77	173
58	100
100	58
200	139
139	200
53	198
198	53
35	208
208	35
133	142
142	133
205	77
77	205
60	189
189	60
70	158
158	70
67	175
175	67
53	239
239	53
64	79
79	64
56	199
199	56
93	238
238	93
34	248
248	34
78	79
79	78
91	102
102	91
72	144
144	72
15	1
1	15
92	136
136	92
67	117
117	67
95	117
117	95
230	163
163	230
106	104
104	106
59	223
223	59
111	164
164	111
62	78
78	62
22	31
31	22
179	80
80	179
1	102
102	1
21	18
18	21
29	187
187	29
52	233
233	52
22	189
189	22
6	163
163	6
55	14
14	55
11	48
48	11
109	42
42	109
42	98
98	42
165	143
143	165
31	7
7	31
87	149
149	87
8	128
128	8
91	120
120	91
184	179
179	184
83	100
100	83
135	35
35	135
42	93
93	42
93	235
235	93
136	239
239	136
2	173
173	2
67	103
103	67
12	145
145	12
225	240
240	225
136	132
132	136
238	211
211	238
184	7
7	184
61	228
228	61
21	167
167	21
55	60
60	55
145	141
141	145
90	232
232	90
51	202
202	51
26	243
243	26
79	90
90	79
166	247
247	166
88	1
1	88
6	243
243	6
109	178
178	109
175	96
96	175
72	192
192	72
174	36
36	174
52	84
84	52
100	115
115	100
25	113
113	25
81	208
208	81
89	157
157	89
87	250
250	87
26	35
35	26
22	47
47	22
169	203
203	169
103	126
126	103
37	217
217	37
6	25
25	6
75	79
79	75
110	163
163	110
20	243
243	20
62	130
130	62
135	124
124	135
70	67
67	70
142	108
108	142
33	98
98	33
43	216
216	43
196	37
37	196
247	185
185	247
67	69
69	67
50	183
183	50
67	82
82	67
90	9
9	90
172	95
95	172
38	6
6	38
67	90
90	67
67	99
99	67
109	6
6	109
217	54
54	217
56	89
89	56
48	83
83	48
155	213
213	155
89	26
26	89
10	100
100	10
68	204
204	68
103	104
104	103
87	244
244	87
67	235
235	67
11	183
183	11
159	91
91	159
22	128
128	22
13	120
120	13
97	234
234	97
198	126
126	198
118	136
136	118
26	67
67	26
52	198
198	52
128	155
155	128
2	113
113	2
9	134
134	9
60	247
247	60
91	134
134	91
134	196
196	134
50	250
250	50
192	180
180	192
208	98
98	208
110	210
210	110
3	198
198	3
42	194
194	42
25	69
69	25
38	160
160	38
22	56
56	22
67	133
133	67
59	107
107	59
96	2
2	96
38	198
198	38
4	227
227	4
72	211
211	72
50	98
98	50
59	235
235	59
126	91
91	126
67	155
155	67
57	144
144	57
40	53
53	40
19	3
3	19
81	94
94	81
91	192
192	91
47	1
1	47
32	241
241	32
200	217
217	200
6	36
36	6
91	155
155	91
88	90
90	88
3	80
80	3
33	59
59	33
8	21
21	8
10	208
208	10
123	146
146	123
20	135
135	20
42	244
244	42
61	250
250	61
202	221
221	202
112	51
51	112
165	167
167	165
39	171
171	39
11	36
36	11
15	136
136	15
84	150
150	84
35	32
32	35
26	162
162	26
88	227
227	88
114	41
41	114
87	167
167	87
119	36
36	119
227	199
199	227
196	231
231	196
88	245
245	88
171	157
157	171
81	93
93	81
236	15
15	236
78	245
245	78
121	240
240	121
194	134
134	194
87	178
178	87
172	203
203	172
47	68
68	47
17	190
190	17
171	223
223	171
95	248
248	95
6	247
247	6
95	245
245	95
44	78
78	44
249	162
162	249
83	246
246	83
138	162
162	138
42	131
131	42
164	227
227	164
38	1
1	38
78	219
219	78
115	92
92	115
67	193
193	67
137	1
1	137
44	84
84	44
251	122
122	251
136	173
173	136
91	153
153	91
45	245
245	45
92	138
138	92
64	112
112	64
13	84
84	13
47	198
198	47
55	200
200	55
45	227
227	45
9	83
83	9
1	164
164	1
54	89
89	54
202	71
71	202
67	91
91	67
211	111
111	211
174	218
218	174
54	227
227	54
67	139
139	67
46	131
131	46
242	96
96	242
198	229
229	198
67	233
233	67
86	167
167	86
135	86
86	135
41	131
131	41
136	153
153	136
49	206
206	49
72	207
207	72
9	107
107	9
246	9
9	246
107	149
149	107
52	168
168	52
187	171
171	187
35	251
251	35
121	33
33	121
158	216
216	158
142	49
49	142
13	132
132	13
138	12
12	138
207	139
139	207
60	104
104	60
52	32
32	52
46	237
237	46
200	176
176	200
87	227
227	87
34	95
95	34
209	133
133	209
8	7
7	8
86	128
128	86
55	127
127	55
235	144
144	235
163	45
45	163
137	207
207	137
206	55
55	206
143	105
105	143
26	115
115	26
67	170
170	67
52	79
79	52
21	149
149	21
16	47
47	16
17	33
33	17
158	212
212	158
6	35
35	6
83	105
105	83
16	116
116	16
180	164
164	180
206	205
205	206
160	240
240	160
250	65
65	250
26	78
78	26
20	100
100	20
98	170
170	98
56	211
211	56
34	32
32	34
236	8
8	236
205	98
98	205
34	67
67	34
213	81
81	213
151	242
242	151
195	223
223	195
36	186
186	36
67	63
63	67
14	211
211	14
93	176
176	93
135	243
243	135
74	170
170	74
37	180
180	37
21	243
243	21
56	227
227	56
67	177
177	67
16	244
244	16
35	86
86	35
60	188
188	60
150	47
47	150
90	61
61	90
46	88
88	46
189	150
150	189
26	74
74	26
183	73
73	183
9	72
72	9
26	81
81	26
183	146
146	183
14	98
98	14
21	217
217	21
35	96
96	35
8	188
188	8
89	95
95	89
67	128
128	67
103	93
93	103
241	192
192	241
67	213
213	67
42	69
69	42
47	168
168	47
35	42
42	35
242	83
83	242
33	185
185	33
201	216
216	201
32	192
192	32
130	246
246	130
47	227
227	47
136	86
86	136
159	204
204	159
147	183
183	147
136	237
237	136
21	172
172	21
63	1
1	63
67	244
244	67
28	1
1	28
81	172
172	81
64	117
117	64
67	159
159	67
10	183
183	10
22	170
170	22
89	208
208	89
111	49
49	111
126	183
183	126
243	54
54	243
133	117
117	133
246	217
217	246
13	119
119	13
39	144
144	39
46	172
172	46
24	82
82	24
52	143
143	52
242	47
47	242
26	86
86	26
35	158
158	35
220	214
214	220
22	88
88	22
214	159
159	214
135	193
193	135
135	206
206	135
38	91
91	38
74	153
153	74
67	76
76	67
67	197
197	67
147	115
115	147
91	191
191	91
211	137
137	211
159	122
122	159
63	156
156	63
145	101
101	145
72	105
105	72
2	219
219	2
90	211
211	90
47	120
120	47
49	51
51	49
75	214
214	75
36	106
106	36
86	238
238	86
22	72
72	22
24	47
47	24
191	135
135	191
24	117
117	24
52	51
51	52
8	50
50	8
81	15
15	81
134	135
135	134
24	95
95	24
17	139
139	17
80	84
84	80
87	204
204	87
218	94
94	218
75	183
183	75
158	20
20	158
126	242
242	126
93	204
204	93
67	93
93	67
70	127
127	70
67	114
114	67
61	25
25	61
98	165
165	98
67	142
142	67
5	54
54	5
91	188
188	91
104	47
47	104
38	140
140	38
23	5
5	23
50	119
119	50
67	205
205	67
136	97
97	136
126	94
94	126
24	176
176	24
23	230
230	23
228	83
83	228
35	59
59	35
218	111
111	218
45	139
139	45
67	122
122	67
86	170
170	86
96	114
114	96
33	67
67	33
163	48
48	163
36	223
223	36
36	104
104	36
11	20
20	11
185	96
96	185
36	136
136	36
34	211
211	34
23	217
217	23
78	144
144	78
194	221
221	194
154	80
80	154
57	106
106	57
175	43
43	175
121	211
211	121
173	247
247	173
139	196
196	139
87	203
203	87
90	150
150	90
60	152
152	60
26	239
239	26
135	235
235	135
61	67
67	61
3	179
179	3
175	182
182	175
67	228
228	67
13	22
22	13
158	199
199	158
16	167
167	16
241	64
64	241
6	86
86	6
67	137
137	67
47	106
106	47
123	144
144	123
105	243
243	105
67	115
115	67
4	49
49	4
136	228
228	136
6	157
157	6
67	125
125	67
67	204
204	67
2	237
237	2
56	201
201	56
2	126
126	2
36	100
100	36
90	199
199	90
182	192
192	182
188	251
251	188
52	167
167	52
67	78
78	67
227	154
154	227
86	195
195	86
201	44
44	201
80	36
36	80
7	222
222	7
67	161
161	67
47	131
131	47
21	212
212	21
79	199
199	79
109	176
176	109
136	81
81	136
46	235
235	46
145	244
244	145
88	20
20	88
81	120
120	81
163	87
87	163
67	97
97	67
157	9
9	157
67	74
74	67
20	91
91	20
103	188
188	103
67	180
180	67
19	144
144	19
39	105
105	39
170	206
206	170
67	206
206	67
10	89
89	10
193	216
216	193
4	173
173	4
106	236
236	106
95	120
120	95
14	29
29	14
72	14
14	72
189	250
250	189
136	58
58	136
230	210
210	230
50	78
78	50
136	31
31	136
36	217
217	36
89	148
148	89
93	139
139	93
91	208
208	91
57	100
100	57
189	5
5	189
104	221
221	104
67	186
186	67
78	167
167	78
21	88
88	21
10	127
127	10
90	185
185	90
44	194
194	44
91	221
221	91
228	47
47	228
72	168
168	72
47	175
175	47
76	122
122	76
212	14
14	212
48	1
1	48
113	109
109	113
8	134
134	8
18	123
123	18
44	204
204	44
34	245
245	34
24	199
199	24
20	74
74	20
124	23
23	124
118	167
167	118
145	186
186	145
38	182
182	38
78	173
173	78
126	181
181	126
143	41
41	143
11	235
235	11
35	181
181	35
114	235
235	114
143	244
244	143
219	103
103	219
87	210
210	87
207	227
227	207
50	161
161	50
103	152
152	103
33	248
248	33
47	144
144	47
89	227
227	89
87	248
248	87
141	169
169	141
100	116
116	100
68	251
251	68
69	73
73	69
97	100
100	97
103	71
71	103
15	251
251	15
22	167
167	22
98	168
168	98
78	116
116	78
199	31
31	199
67	141
141	67
81	148
148	81
153	250
250	153
70	60
60	70
36	235
235	36
249	141
141	249
215	78
78	215
210	228
228	210
174	21
21	174
19	161
161	19
220	96
96	220
88	241
241	88
211	241
241	211
6	124
124	6
113	99
99	113
145	147
147	145
121	65
65	121
117	113
113	117
6	119
119	6
93	145
145	93
195	144
144	195
187	85
85	187
93	167
167	93
191	197
197	191
235	160
160	235
242	209
209	242
191	64
64	191
81	132
132	81
102	92
92	102
169	109
109	169
83	115
115	83
100	183
183	100
72	173
173	72
16	40
40	16
34	72
72	34
48	247
247	48
98	176
176	98
234	41
41	234
89	87
87	89
5	25
25	5
121	239
239	121
63	202
202	63
112	169
169	112
3	208
208	3
50	151
151	50
223	178
178	223
28	31
31	28
150	96
96	150
235	171
171	235
51	91
91	51
54	124
124	54
87	120
120	87
181	207
207	181
22	115
115	22
161	38
38	161
96	100
100	96
43	91
91	43
47	90
90	47
8	174
174	8
45	124
124	45
82	167
167	82
66	100
100	66
98	227
227	98
52	248
248	52
21	244
244	21
51	12
12	51
88	156
156	88
87	117
117	87
60	127
127	60
28	132
132	28
26	120
120	26
72	139
139	72
143	227
227	143
6	52
52	6
67	75
75	67
15	170
170	15
13	249
249	13
52	144
144	52
230	22
22	230
121	209
209	121
223	67
67	223
165	7
7	165
170	14
14	170
21	168
168	21
78	176
176	78
53	75
75	53
240	138
138	240
64	240
240	64
34	136
136	34
59	127
127	59
45	199
199	45
124	98
98	124
199	94
94	199
78	107
107	78
71	179
179	71
141	149
149	141
142	50
50	142
178	240
240	178
242	153
153	242
180	197
197	180
136	178
178	136
70	200
200	70
57	161
161	57
154	118
118	154
150	14
14	150
67	146
146	67
97	64
64	97
102	217
217	102
3	185
185	3
159	99
99	159
100	127
127	100
177	230
230	177
217	235
235	217
87	151
151	87
60	100
100	60
159	196
196	159
91	146
146	91
38	124
124	38
75	91
91	75
39	67
67	39
22	114
114	22
24	36
36	24
50	129
129	50
78	172
172	78
4	194
194	4
29	198
198	29
132	138
138	132
67	237
237	67
88	139
139	88
200	107
107	200
223	140
140	223
85	177
177	85
232	164
164	232
58	187
187	58
171	119
119	171
21	157
157	21
36	152
152	36
203	219
219	203
35	157
157	35
223	151
151	223
52	244
244	52
70	40
40	70
15	218
218	15
232	125
125	232
95	139
139	95
115	137
137	115
230	213
213	230
239	204
204	239
35	121
121	35
59	1
1	59
126	246
246	126
147	26
26	147
22	133
133	22
95	217
217	95
188	215
215	188
35	72
72	35
36	78
78	36
2	183
183	2
21	2
2	21
67	79
79	67
54	178
178	54
64	82
82	64
35	115
115	35
72	209
209	72
138	13
13	138
42	1
1	42
141	101
101	141
20	139
139	20
22	172
172	22
136	104
104	136
178	105
105	178
210	131
131	210
116	164
164	116
67	245
245	67
98	23
23	98
20	154
154	20
224	143
143	224
176	96
96	176
88	194
194	88
126	124
124	126
2	148
148	2
47	100
100	47
68	170
170	68
98	167
167	98
36	134
134	36
237	3
3	237
25	57
57	25
67	181
181	67
30	215
215	30
229	199
199	229
2	91
91	2
45	248
248	45
161	14
14	161
41	67
67	41
17	148
148	17
222	68
68	222
92	197
197	92
52	220
220	52
25	233
233	25
160	182
182	160
192	65
65	192
44	92
92	44
32	44
44	32
56	100
100	56
48	251
251	48
10	91
91	10
21	47
47	21
159	211
211	159
87	199
199	87
89	1
1	89
57	203
203	57
18	67
67	18
143	144
144	143
176	118
118	176
112	26
26	112
216	239
239	216
197	12
12	197
16	42
42	16
58	67
67	58
67	158
158	67
6	187
187	6
136	99
99	136
80	204
204	80
46	211
211	46
238	7
7	238
21	83
83	21
34	40
40	34
67	107
107	67
231	72
72	231
187	196
196	187
59	211
211	59
16	236
236	16
200	34
34	200
72	124
124	72
91	132
132	91
47	39
39	47
56	104
104	56
33	211
211	33
64	164
164	64
70	190
190	70
62	157
157	62
251	153
153	251
14	63
63	14
171	199
199	171
236	217
217	236
55	178
178	55
47	199
199	47
135	119
119	135
126	192
192	126
61	4
4	61
203	213
213	203
147	59
59	147
187	100
100	187
10	74
74	10
26	128
128	26
66	80
80	66
83	194
194	83
58	101
101	58
43	133
133	43
62	194
194	62
67	131
131	67
174	55
55	174
136	67
67	136
10	40
40	10
20	42
42	20
46	124
124	46
5	238
238	5
24	72
72	24
31	142
142	31
64	34
34	64
100	106
106	100
48	40
40	48
218	34
34	218
2	72
72	2
78	105
105	78
22	25
25	22
112	29
29	112
9	144
144	9
185	183
183	185
36	167
167	36
215	122
122	215
204	154
154	204
10	188
188	10
32	133
133	32
15	203
203	15
46	161
161	46
213	166
166	213
104	228
228	104
5	182
182	5
75	235
235	75
8	204
204	8
226	112
112	226
220	171
171	220
53	67
67	53
65	17
17	65
15	116
116	15
82	245
245	82
26	153
153	26
20	204
204	20
17	114
114	17
219	114
114	219
67	101
101	67
53	145
145	53
145	188
188	145
218	139
139	218
15	70
70	15
20	194
194	20
70	198
198	70
88	251
251	88
67	232
232	67
78	251
251	78
216	79
79	216
62	244
244	62
146	125
125	146
38	216
216	38
67	110
110	67
43	67
67	43
171	173
173	171
33	88
88	33
10	67
67	10
229	91
91	229
87	162
162	87
224	186
186	224
2	57
57	2
47	176
176	47
93	211
211	93
67	157
157	67
52	216
216	52
26	100
100	26
159	133
133	159
75	199
199	75
224	212
212	224
162	90
90	162
50	67
67	50
206	44
44	206
19	230
230	19
88	32
32	88
83	160
160	83
215	107
107	215
70	234
234	70
47	164
164	47
38	146
146	38
158	135
135	158
91	245
245	91
40	142
142	40
118	114
114	118
240	143
143	240
181	188
188	181
39	138
138	39
89	136
136	89
133	162
162	133
60	88
88	60
87	241
241	87
229	178
178	229
64	202
202	64
57	107
107	57
67	81
81	67
11	149
149	11
147	1
1	147
56	248
248	56
4	183
183	4
16	248
248	16
222	140
140	222
239	60
60	239
70	183
183	70
28	60
60	28
145	64
64	145
232	100
100	232
9	171
171	9
83	134
134	83
14	127
127	14
95	167
167	95
84	152
152	84
75	178
178	75
220	39
39	220
207	43
43	207
129	102
102	129
51	130
130	51
235	175
175	235
116	197
197	116
67	66
66	67
67	184
184	67
194	154
154	194
219	160
160	219
127	244
244	127
67	145
145	67
130	239
239	130
34	134
134	34
16	251
251	16
90	124
124	90
67	106
106	67
238	168
168	238
4	67
67	4
159	78
78	159
175	106
106	175
160	121
121	160
78	30
30	78
103	99
99	103
250	56
56	250
72	88
88	72
57	72
72	57
18	183
183	18
89	21
21	89
221	40
40	221
50	77
77	50
49	67
67	49
170	153
153	170
88	150
150	88
86	241
241	86
47	157
157	47
90	114
114	90
47	96
96	47
151	66
66	151
2	9
9	2
203	66
66	203
14	90
90	14
13	164
164	13
75	88
88	75
50	64
64	50
234	60
60	234
35	179
179	35
34	115
115	34
72	95
95	72
219	11
11	219
67	40
40	67
232	106
106	232
48	151
151	48
69	173
173	69
60	119
119	60
97	50
50	97
64	212
212	64
33	167
167	33
184	229
229	184
113	171
171	113
42	167
167	42
139	96
96	139
243	246
246	243
43	176
176	43
93	156
156	93
47	129
129	47
147	40
40	147
120	60
60	120
196	202
202	196
83	130
130	83
183	182
182	183
201	61
61	201
91	171
171	91
72	167
167	72
135	203
203	135
207	248
248	207
23	86
86	23
2	58
58	2
6	72
72	6
50	114
114	50
78	106
106	78
92	208
208	92
33	237
237	33
56	198
198	56
95	211
211	95
28	158
158	28
81	131
131	81
231	215
215	231
69	32
32	69
123	173
173	123
90	127
127	90
24	32
32	24
67	192
192	67
191	84
84	191
8	70
70	8
93	228
228	93
194	104
104	194
179	16
16	179
109	86
86	109
8	248
248	8
2	127
127	2
89	115
115	89
20	67
67	20
159	97
97	159
67	249
249	67
29	166
166	29
62	67
67	62
34	225
225	34
126	58
58	126
34	116
116	34
176	124
124	176
6	174
174	6
123	120
120	123
84	180
180	84
24	132
132	24
21	1
1	21
111	137
137	111
100	156
156	100
201	158
158	201
50	134
134	50
61	85
85	61
88	94
94	88
16	114
114	16
68	81
81	68
147	56
56	147
25	105
105	25
147	251
251	147
190	173
173	190
89	247
247	89
24	160
160	24
12	193
193	12
62	159
159	62
70	109
109	70
243	18
18	243
38	211
211	38
6	235
235	6
208	72
72	208
34	127
127	34
8	131
131	8
2	186
186	2
26	141
141	26
19	136
136	19
22	203
203	22
41	206
206	41
91	201
201	91
21	232
232	21
89	139
139	89
44	67
67	44
67	201
201	67
74	21
21	74
6	251
251	6
64	176
176	64
105	191
191	105
92	94
94	92
109	14
14	109
113	152
152	113
90	244
244	90
72	87
87	72
217	82
82	217
226	248
248	226
208	142
142	208
229	18
18	229
81	199
199	81
72	134
134	72
176	48
48	176
5	67
67	5
118	17
17	118
160	196
196	160
218	225
225	218
206	117
117	206
64	225
225	64
170	103
103	170
9	120
120	9
180	124
124	180
197	169
169	197
67	73
73	67
141	243
243	141
24	198
198	24
81	129
129	81
167	191
191	167
56	60
60	56
75	85
85	75
87	217
217	87
42	176
176	42
22	83
83	22
247	147
147	247
67	208
208	67
67	94
94	67
110	155
155	110
67	212
212	67
78	162
162	78
19	188
188	19
12	124
124	12
72	198
198	72
46	24
24	46
223	98
98	223
71	53
53	71
136	53
53	136
42	248
248	42
59	67
67	59
26	132
132	26
69	4
4	69
235	26
26	235
91	251
251	91
74	104
104	74
158	50
50	158
159	72
72	159
108	187
187	108
103	65
65	103
191	184
184	191
78	211
211	78
82	79
79	82
8	28
28	8
36	139
139	36
59	22
22	59
78	82
82	78
88	116
116	88
196	212
212	196
154	171
171	154
160	201
201	160
222	41
41	222
21	186
186	21
67	113
113	67
247	97
97	247
34	219
219	34
89	20
20	89
113	75
75	113
90	93
93	90
52	161
161	52
26	203
203	26
28	50
50	28
171	122
122	171
29	36
36	29
225	236
236	225
3	60
60	3
67	108
108	67
20	40
40	20
136	168
168	136
9	176
176	9
71	214
214	71
24	161
161	24
210	117
117	210
34	82
82	34
46	89
89	46
67	138
138	67
52	117
117	52
136	69
69	136
54	155
155	54
13	144
144	13
88	98
98	88
127	221
221	127
140	46
46	140
214	137
137	214
223	55
55	223
52	245
245	52
53	167
167	53
91	247
247	91
67	218
218	67
26	244
244	26
188	49
49	188
72	235
235	72
37	78
78	37
25	135
135	25
30	182
182	30
222	125
125	222
15	199
199	15
4	153
153	4
31	157
157	31
36	67
67	36
8	168
168	8
239	152
152	239
88	40
40	88
247	202
202	247
8	1
1	8
67	104
104	67
188	136
136	188
67	37
37	67
33	183
183	33
82	227
227	82
20	86
86	20
68	173
173	68
52	2
2	52
8	115
115	8
222	186
186	222
14	199
199	14
219	146
146	219
21	127
127	21
83	114
114	83
16	211
211	16
145	207
207	145
10	31
31	10
46	79
79	46
3	20
20	3
135	194
194	135
226	14
14	226
160	59
59	160
11	134
134	11
51	58
58	51
57	227
227	57
136	120
120	136
24	173
173	24
64	11
11	64
67	227
227	67
66	234
234	66
59	244
244	59
9	93
93	9
100	157
157	100
88	114
114	88
11	159
159	11
229	150
150	229
90	31
31	90
31	154
154	31
188	138
138	188
15	183
183	15
67	102
102	67
60	183
183	60
86	127
127	86
92	41
41	92
67	226
226	67
51	76
76	51
55	83
83	55
3	90
90	3
58	225
225	58
4	30
30	4
57	198
198	57
243	219
219	243
2	149
149	2
67	65
65	67
67	187
187	67
200	183
183	200
26	248
248	26
95	114
114	95
130	186
186	130
83	40
40	83
93	116
116	93
67	243
243	67
72	79
79	72
81	91
91	81
218	159
159	218
14	20
20	14
3	235
235	3
74	201
201	74
57	67
67	57
47	88
88	47
52	214
214	52
59	194
194	59
42	59
59	42
215	37
37	215
115	102
102	115
126	220
220	126
235	99
99	235
78	235
235	78
9	106
106	9
4	108
108	4
10	103
103	10
16	53
53	16
237	56
56	237
189	116
116	189
195	81
81	195
24	34
34	24
16	139
139	16
160	37
37	160
19	72
72	19
98	148
148	98
153	38
38	153
67	168
168	67
52	88
88	52
196	63
63	196
67	143
143	67
104	197
197	104
155	139
139	155
50	172
172	50
38	108
108	38
59	248
248	59
78	199
199	78
101	143
143	101
88	219
219	88
213	195
195	213
57	219
219	57
237	177
177	237
147	69
69	147
95	178
178	95
55	130
130	55
24	235
235	24
36	93
93	36
67	153
153	67
90	181
181	90
58	238
238	58
126	206
206	126
150	37
37	150
136	50
50	136
56	183
183	56
226	54
54	226
11	150
150	11
100	104
104	100
166	70
70	166
219	172
172	219
136	227
227	136
85	178
178	85
198	81
81	198
30	241
241	30
83	31
31	83
67	220
220	67
20	178
178	20
53	170
170	53
1	146
146	1
24	33
33	24
40	179
179	40
62	91
91	62
67	1
1	67
162	134
134	162
7	117
117	7
94	5
5	94
82	106
106	82
67	118
118	67
90	248
248	90
245	64
64	245
196	79
79	196
26	51
51	26
177	198
198	177
67	251
251	67
18	10
10	18
175	188
188	175
133	177
177	133
2	67
67	2
89	177
177	89
187	74
74	187
22	235
235	22
192	113
113	192
21	198
198	21
26	58
58	26
127	157
157	127
9	67
67	9
101	71
71	101
21	90
90	21
110	247
247	110
171	28
28	171
106	86
86	106
82	139
139	82
110	221
221	110
78	53
53	78
45	116
116	45
48	152
152	48
29	155
155	29
208	68
68	208
8	199
199	8
25	7
7	25
16	1
1	16
64	88
88	64
47	211
211	47
135	91
91	135
87	215
215	87
48	71
71	48
42	211
211	42
51	183
183	51
19	108
108	19
6	165
165	6
72	32
32	72
122	2
2	122
227	141
141	227
97	195
195	97
32	210
210	32
245	212
212	245
6	67
67	6
55	152
152	55
3	38
38	3
89	173
173	89
44	31
31	44
91	113
113	91
26	193
193	26
100	227
227	100
9	198
198	9
58	212
212	58
67	98
98	67
9	34
34	9
47	161
161	47
70	203
203	70
78	145
145	78
34	35
35	34
35	131
131	35
8	67
67	8
90	91
91	90
192	44
44	192
42	83
83	42
198	46
46	198
25	149
149	25
90	110
110	90
215	195
195	215
60	67
67	60
34	198
198	34
197	237
237	197
60	243
243	60
88	118
118	88
52	139
139	52
11	251
251	11
67	83
83	67
150	156
156	150
47	167
167	47
67	15
15	67
236	55
55	236
67	188
188	67
139	105
105	139
93	245
245	93
24	88
88	24
57	58
58	57
22	144
144	22
2	191
191	2
22	60
60	22
186	225
225	186
212	27
27	212
55	227
227	55
64	36
36	64
102	214
214	102
67	189
189	67
117	229
229	117
64	37
37	64
95	102
102	95
34	227
227	34
28	106
106	28
136	74
74	136
10	68
68	10
158	149
149	158
200	100
100	200
181	157
157	181
96	64
64	96
55	167
167	55
62	161
161	62
136	48
48	136
75	55
55	75
93	106
106	93
6	128
128	6
46	61
61	46
108	107
107	108
91	219
219	91
200	198
198	200
223	199
199	223
67	191
191	67
88	134
134	88
97	191
191	97
13	67
67	13
136	217
217	136
24	79
79	24
100	219
219	100
47	116
116	47
12	73
73	12
35	88
88	35
245	195
195	245
53	81
81	53
47	234
234	47
62	201
201	62
136	219
219	136
67	154
154	67
8	179
179	8
72	205
205	72
24	218
218	24
48	38
38	48
67	202
202	67
149	175
175	149
17	67
67	17
20	21
21	20
21	87
87	21
159	134
134	159
13	115
115	13
81	115
115	81
132	137
137	132
21	81
81	21
121	249
249	121
72	161
161	72
34	122
122	34
121	36
36	121
78	209
209	78
86	248
248	86
195	68
68	195
90	235
235	90
136	47
47	136
87	198
198	87
6	93
93	6
131	182
182	131
8	60
60	8
185	73
73	185
99	178
178	99
8	93
93	8
88	143
143	88
150	179
179	150
214	39
39	214
4	43
43	4
47	163
163	47
67	85
85	67
209	66
66	209
33	37
37	33
68	155
155	68
184	23
23	184
117	128
128	117
166	16
16	166
13	133
133	13
88	105
105	88
42	178
178	42
243	91
91	243
20	251
251	20
91	168
168	91
47	134
134	47
109	238
238	109
11	120
120	11
52	235
235	52
4	120
120	4
22	119
119	22
82	240
240	82
57	124
124	57
70	227
227	70
21	183
183	21
207	116
116	207
147	219
219	147
72	245
245	72
1	5
5	1
9	116
116	9
34	79
79	34
58	205
205	58
11	136
136	11
67	68
68	67
74	3
3	74
88	173
173	88
21	45
45	21
250	151
151	250
12	151
151	12
144	85
85	144
21	114
114	21
187	47
47	187
35	189
189	35
28	157
157	28
195	167
167	195
158	207
207	158
1	172
172	1
9	79
79	9
212	159
159	212
68	90
90	68
67	200
200	67
51	97
97	51
16	63
63	16
13	20
20	13
72	176
176	72
60	155
155	60
161	179
179	161
240	242
242	240
136	100
100	136
22	211
211	22
183	71
71	183
95	73
73	95
162	86
86	162
213	184
184	213
148	206
206	148
100	91
91	100
72	93
93	72
42	227
227	42
207	91
91	207
28	136
136	28
91	144
144	91
196	77
77	196
17	87
87	17
69	98
98	69
165	62
62	165
221	186
186	221
38	134
134	38
24	64
64	24
187	150
150	187
42	128
128	42
136	128
128	136
67	160
160	67
65	76
76	65
18	251
251	18
103	234
234	103
157	170
170	157
15	178
178	15
24	242
242	24
20	62
62	20
169	9
9	169
245	36
36	245
67	150
150	67
114	134
134	114
16	67
67	16
67	171
171	67
221	138
138	221
66	133
133	66
127	210
210	127
83	251
251	83
17	52
52	17
58	144
144	58
64	251
251	64
67	148
148	67
98	173
173	98
98	139
139	98
90	203
203	90
164	5
5	164
67	119
119	67
9	86
86	9
151	121
121	151
16	35
35	16
239	30
30	239
55	183
183	55
36	79
79	36
182	93
93	182
22	35
35	22
170	17
17	170
135	67
67	135
23	204
204	23
189	227
227	189
83	61
61	83
107	175
175	107
193	238
238	193
67	132
132	67
105	53
53	105
232	50
50	232
151	38
38	151
95	209
209	95
52	176
176	52
26	204
204	26
20	157
157	20
49	241
241	49
16	183
183	16
172	249
249	172
85	128
128	85
147	176
176	147
46	167
167	46
116	51
51	116
188	69
69	188
89	101
101	89
194	179
179	194
47	181
181	47
180	227
227	180
147	90
90	147
59	115
115	59
16	152
152	16
162	56
56	162
100	128
128	100
97	17
17	97
184	181
181	184
81	134
134	81
9	54
54	9
48	133
133	48
197	73
73	197
3	8
8	3
36	88
88	36
56	88
88	56
56	178
178	56
67	203
203	67
6	88
88	6
34	123
123	34
29	157
157	29
241	55
55	241
87	168
168	87
34	176
176	34
86	199
199	86
71	154
154	71
64	198
198	64
70	185
185	70
159	251
251	159
52	118
118	52
224	185
185	224
60	251
251	60
19	135
135	19
90	238
238	90
67	165
165	67
82	235
235	82
69	160
160	69
202	127
127	202
84	101
101	84
60	123
123	60
211	210
210	211
219	96
96	219
17	76
76	17
59	114
114	59
89	67
67	89
193	211
211	193
48	76
76	48
91	240
240	91
4	129
129	4
144	88
88	144
67	92
92	67
105	196
196	105
24	78
78	24
11	44
44	11
8	35
35	8
224	213
213	224
115	5
5	115
18	189
189	18
60	1
1	60
62	208
208	62
100	168
168	100
231	90
90	231
64	67
67	64
139	187
187	139
22	122
122	22
135	93
93	135
249	139
139	249
39	124
124	39
98	34
34	98
11	78
78	11
6	172
172	6
233	95
95	233
180	206
206	180
87	182
182	87
13	91
91	13
46	234
234	46
130	6
6	130
192	63
63	192
86	194
194	86
15	127
127	15
48	67
67	48
148	91
91	148
35	195
195	35
59	40
40	59
124	75
75	124
168	187
187	168
93	134
134	93
57	134
134	57
48	103
103	48
67	174
174	67
108	113
113	108
35	1
1	35
67	183
183	67
83	1
1	83
157	97
97	157
146	65
65	146
67	162
162	67
181	209
209	181
3	55
55	3
214	89
89	214
51	79
79	51
27	79
79	27
40	153
153	40
224	30
30	224
20	115
115	20
35	112
112	35
90	183
183	90
38	94
94	38
52	67
67	52
72	115
115	72
90	178
178	90
67	214
214	67
107	243
243	107
163	49
49	163
67	167
167	67
3	67
67	3
16	208
208	16
185	63
63	185
76	220
220	76
117	108
108	117
81	188
188	81
83	128
128	83
38	67
67	38
87	88
88	87
78	100
100	78
23	192
192	23
175	23
23	175
215	125
125	215
24	42
42	24
216	197
197	216
41	178
178	41
158	220
220	158
167	128
128	167
67	88
88	67
139	64
64	139
72	21
21	72
24	93
93	24
160	242
242	160
20	132
132	20
173	213
213	173
107	167
167	107
203	221
221	203
220	145
145	220
113	137
137	113
157	16
16	157
157	41
41	157
248	69
69	248
37	4
4	37
92	91
91	92
35	67
67	35
15	198
198	15
8	251
251	8
107	52
52	107
58	133
133	58
113	100
100	113
52	101
101	52
22	40
40	22
89	104
104	89
8	170
170	8
55	34
34	55
100	241
241	100
55	198
198	55
46	67
67	46
219	44
44	219
29	48
48	29
100	4
4	100
20	176
176	20
103	213
213	103
109	48
48	109
67	105
105	67
21	178
178	21
21	128
128	21
3	197
197	3
76	178
178	76
53	186
186	53
42	88
88	42
88	183
183	88
43	140
140	43
154	139
139	154
60	116
116	60
67	211
211	67
136	216
216	136
179	203
203	179
68	157
157	68
57	200
200	57
74	90
90	74
95	235
235	95
49	191
191	49
34	161
161	34
34	113
113	34
22	1
1	22
57	109
109	57
135	183
183	135
44	229
229	44
13	202
202	13
55	67
67	55
72	248
248	72
95	140
140	95
23	211
211	23
185	151
151	185
64	127
127	64
138	70
70	138
36	81
81	36
100	240
240	100
42	112
112	42
67	130
130	67
34	205
205	34
136	224
224	136
242	87
87	242
49	80
80	49
2	178
178	2
132	27
27	132
48	208
208	48
83	177
177	83
16	200
200	16
92	211
211	92
25	210
210	25
16	198
198	16
167	120
120	167
91	119
119	91
114	140
140	114
6	31
31	6
95	142
142	95
64	78
78	64
98	106
106	98
93	170
170	93
21	107
107	21
62	178
178	62
189	84
84	189
6	167
167	6
50	166
166	50
58	87
87	58
19	210
210	19
110	56
56	110
67	134
134	67
22	251
251	22
100	161
161	100
67	179
179	67
221	45
45	221
228	106
106	228
67	194
194	67
247	153
153	247
192	245
245	192
135	189
189	135
144	163
163	144
67	109
109	67
88	212
212	88
194	77
77	194
59	90
90	59
24	67
67	24
20	128
128	20
48	91
91	48
35	106
106	35
67	209
209	67
47	62
62	47
75	108
108	75
52	211
211	52
99	81
81	99
21	51
51	21
176	126
126	176
168	34
34	168
166	45
45	166
76	173
173	76
188	220
220	188
20	116
116	20
190	245
245	190
162	181
181	162
15	71
71	15
230	149
149	230
243	53
53	243
131	193
193	131
87	209
209	87
169	132
132	169
95	198
198	95
98	198
198	98
45	247
247	45
144	20
20	144
195	95
95	195
74	76
76	74
95	131
131	95
209	208
208	209
98	63
63	98
207	66
66	207
36	173
173	36
80	193
193	80
63	184
184	63
54	199
199	54
172	209
209	172
114	61
61	114
135	72
72	135
236	238
238	236
16	238
238	16
78	178
178	78
83	58
58	83
78	204
204	78
234	146
146	234
251	126
126	251
72	225
225	72
175	100
100	175
39	125
125	39
82	66
66	82
123	36
36	123
53	175
175	53
150	36
36	150
49	162
162	49
82	145
145	82
177	10
10	177
124	15
15	124
81	57
57	81
9	100
100	9
214	237
237	214
91	161
161	91
17	188
188	17
10	251
251	10
122	87
87	122
6	194
194	6
3	227
227	3
248	239
239	248
85	87
87	85
37	106
106	37
74	251
251	74
52	12
12	52
9	219
219	9
33	131
131	33
88	91
91	88
3	159
159	3
169	165
165	169
248	73
73	248
6	203
203	6
95	168
168	95
233	125
125	233
8	223
223	8
136	134
134	136
51	250
250	51
166	100
100	166
67	27
27	67
21	203
203	21
46	187
187	46
10	34
34	10
48	127
127	48
177	49
49	177
95	161
161	95
22	238
238	22
70	120
120	70
68	211
211	68
90	168
168	90
86	146
146	86
27	202
202	27
20	165
165	20
139	42
42	139
210	112
112	210
143	223
223	143
21	40
40	21
51	25
25	51
203	248
248	203
42	228
228	42
44	165
165	44
45	158
158	45
34	78
78	34
245	70
70	245
129	153
153	129
240	170
170	240
47	251
251	47
93	201
201	93
214	41
41	214
208	149
149	208
87	95
95	87
56	186
186	56
235	207
207	235
27	238
238	27
105	217
217	105
95	199
199	95
111	165
165	111
43	150
150	43
69	48
48	69
34	235
235	34
34	173
173	34
36	175
175	36
62	145
145	62
6	3
3	6
113	65
65	113
33	150
150	33
154	89
89	154
202	188
188	202
22	106
106	22
72	90
90	72
45	168
168	45
174	156
156	174
142	106
106	142
67	173
173	67
250	62
62	250
29	149
149	29
45	176
176	45
75	167
167	75
190	66
66	190
82	157
157	82
86	105
105	86
