2668	2765	0.0
1764	3316	0.0
941	1927	0.0
2467	4621	0.0
1898	1783	0.0
3441	2804	0.0
3235	645	0.0
3441	3939	0.0
4276	2268	0.0
1743	1791	0.46413237851
501	2458	0.0
2945	2020	0.0
4276	731	0.0
1171	2937	0.0
2582	4928	0.0
2738	1805	0.0
5130	4621	0.0
1743	3846	0.585041957112
4928	5323	0.0
4235	4446	0.0
892	926	0.454726370052
941	3829	0.0
1138	5033	0.0
2937	2020	0.0
501	4675	0.0
2424	3542	0.0
3004	4138	0.0
3829	1572	0.0
1138	456	0.0
208	3846	0.585041957112
3154	3939	0.0
2424	3756	0.442771164826
926	2945	0.440038165309
117	2508	0.0
3080	3982	0.0
1138	5024	0.0
3316	4225	0.0
3858	645	0.0
501	2879	0.0
3290	2619	0.0
940	1132	0.0
941	3756	0.0
3886	501	0.0
2853	2937	0.0
4930	3195	0.0
4694	1855	0.0
4253	2045	0.0
983	3982	0.0
5130	3542	0.0
2668	5235	0.0
2765	3235	0.0
3846	5265	0.0
2458	3235	0.0
4225	2467	0.0
1953	983	0.0
666	2619	0.0
3316	3235	0.0
892	2020	0.0
3939	2447	0.0
4386	3846	0.0
763	877	0.0
3829	645	0.0
2458	2719	0.0
2582	1855	0.0
4692	5033	0.0
2527	2945	0.0
4938	731	0.450102278542
3316	2719	0.0
3829	5048	0.0
983	4138	0.0
5323	982	0.0
1665	3858	0.0
537	1132	0.499310379758
1898	3195	0.0
3308	2268	0.0
3858	892	0.0
4235	4255	0.0
3497	1048	0.0
3497	2619	0.0
142	1014	0.0
1764	4481	0.0
3164	2719	0.0
2447	3982	0.0
3497	3858	0.0
1665	5323	0.0
2659	3756	0.0
456	3756	0.0
4253	2659	0.0
208	4255	0.0
3886	1805	0.0
926	2879	0.0
2508	982	0.0
3164	2668	0.0
3418	5265	0.0
877	3982	0.0
813	4393	0.0
4457	926	0.0
1171	5069	0.0
1159	817	0.0
2467	3883	0.0
3497	4253	0.454499707397
2156	3346	0.0
4457	4621	0.0
1665	625	0.0
3497	1927	0.462847623749
4928	5235	0.0
501	1014	0.0
4225	982	0.0
1171	2690	0.0
5048	1132	0.0
4000	1805	0.0
2659	3418	0.0
3858	3886	0.0
4255	4481	0.0
15	813	0.0
1764	1898	0.0
3846	2447	0.775132755295
1171	4276	0.0
813	625	0.0
4446	2945	0.0
142	4138	0.0
77	3346	0.0
1014	2020	0.0
941	926	0.0
4694	4958	0.0
1601	1855	0.0
3858	4138	0.0
2668	1132	0.0
1764	5069	0.0
4253	3756	0.455522193519
731	1132	0.447039385236
1132	2659	0.0
1451	1572	0.0
2853	4235	0.0
3858	501	0.0
5323	2447	0.0
3441	1743	0.0
1953	2424	0.0
2071	3883	0.0
4235	3756	0.0
2458	2804	0.0
2668	1093	0.0
1764	804	0.0
982	2719	0.0
2582	1451	0.0
1251	2945	0.0
3497	1665	0.0
1605	926	0.0
2020	1572	0.0
3497	2458	0.0
3954	1251	0.0
4276	3883	0.0
1665	1743	0.0
1722	4000	0.0
5130	3346	0.0
1743	4255	0.0
4928	50	0.0
1927	1805	0.0
501	1132	0.0
4928	982	0.0
4446	2690	0.0
4221	4481	0.0
3308	4138	0.0
3195	4481	0.0
983	1572	0.0
4446	2045	0.0
3954	2619	0.0
2582	2804	0.0
1093	3346	0.0
804	5265	0.0
3316	1798	0.0
3954	3846	0.0
4694	1722	0.0
3497	2424	0.441858189987
4559	2945	0.0
3589	1451	0.0
2424	4000	0.459432072462
4694	4522	0.637162677458
813	2879	0.0
4276	4621	0.0
982	2765	0.0
941	625	0.0
2719	1805	0.0
2719	3846	0.0
1927	4253	0.452777177538
4938	2020	0.0
1511	3441	0.0
1743	1855	0.0
1138	5235	0.0
1511	2945	0.0
1898	3154	0.0
1764	926	0.0
208	3883	0.0
5069	2045	0.0
2690	4238	0.0
4675	1798	0.0
2467	2619	0.0
1014	3346	0.0
4928	3164	0.0
2467	2071	0.0
1665	817	0.0
1605	3441	0.0
1953	4225	0.0
3316	2268	0.0
1511	1093	0.0
1665	4235	0.0
2467	727	0.0
3316	2690	0.0
2945	3418	0.448023037877
2937	5235	0.0
4225	4481	0.0
1511	4225	0.0
4621	1132	0.0
3316	1093	0.0
2619	4621	0.0
4276	2719	0.0
666	2738	0.0
3589	5048	0.0
2156	4138	0.0
4692	2156	0.0
3113	3939	0.0
3308	3886	0.0
5069	4457	0.0
2945	3346	0.0
3829	2458	0.0
3886	2045	0.0
5130	4138	0.0
1159	1791	0.506942294387
4457	2045	0.0
4446	2268	0.0
2804	4675	0.0
2690	2719	0.0
2508	3829	0.0
5048	804	0.0
2738	2527	0.0
1171	1601	0.0
3164	5265	0.0
3589	3004	0.459432072462
142	1138	0.0
5323	1743	0.0
1601	5265	0.0
1898	1572	0.0
3080	1138	0.0
1927	4559	0.0
1743	4138	0.0
645	2447	0.0
1953	4621	0.0
2853	2467	0.0
4393	2659	0.0
2467	2937	0.0
4928	1743	0.0
3542	1132	0.0
3589	817	0.0
2508	926	0.0
666	3939	0.0
2738	1014	0.0
5323	4559	0.0
2937	4621	0.0
5323	2458	0.0
3164	1798	0.510268763599
926	2447	0.0
2582	2668	0.0
4276	2945	0.0
1605	4621	0.0
3113	2690	0.0
2619	1451	0.0
2937	2619	0.0
456	5265	0.0
3308	892	0.0
1048	4621	0.0
4692	2719	0.0
3441	727	0.0
4938	1251	0.0
1451	2447	0.0
4446	2447	0.0
1665	3308	0.0
3080	4238	0.0
3308	5024	0.0
727	804	0.0
3154	5033	0.0
940	1601	0.0
3497	2738	0.0
2582	2045	0.0
501	1572	0.0
2467	1572	0.0
3195	3982	0.0
2508	2424	0.0
666	3195	0.0
941	2668	0.0
4393	3756	0.0
3589	142	0.0
892	5323	0.0
2458	4958	0.0
1601	1927	0.0
1601	3113	0.0
4276	3418	0.0
1601	1743	0.0
4276	983	0.0
3290	501	0.0
537	1805	0.0
4621	2447	0.0
2738	4276	0.0
1601	4221	0.0
142	4559	0.0
2607	2447	0.0
1927	804	0.0
2804	3154	0.0
2582	625	0.0
142	501	0.0
1138	3235	0.0
2937	2447	0.0
3441	4559	0.0
3497	1451	0.0
1764	1791	0.0
817	3418	0.0
1898	4481	0.0
4692	1743	0.0
3441	2467	0.0
142	727	0.0
4928	2045	0.0
983	3756	0.0
2467	3164	0.0
5323	3846	0.0
1898	4675	0.0
3939	877	0.0
501	4559	0.0
2156	2020	0.0
892	3004	0.482943619626
2458	4675	0.0
2424	1743	0.429374302965
1743	1927	0.544402495796
982	2467	0.0
3316	5235	0.0
4000	1132	0.507573187089
3113	3441	0.0
208	4000	0.0
941	3316	0.0
1665	4928	0.0
1665	3418	0.0
3589	4446	0.0
4225	4255	0.0
3290	892	0.0
2045	2945	0.0
877	1791	0.0
3441	877	0.0
3497	4255	0.0
1665	5069	0.0
2719	4559	0.0
3954	2045	0.0
1898	3954	0.0
3497	3080	0.0
2508	1138	0.0
3441	1093	0.0
4253	4138	0.0
1171	456	0.0
2508	3036	0.0
4253	3846	0.448288725004
1511	2467	0.0
117	5265	0.0
4559	1572	0.0
3858	1805	0.0
1665	3080	0.0
1764	2268	0.0
1743	4559	0.0
4225	4221	0.0
2582	2853	0.0
4255	2045	0.0
1927	4238	0.0
4446	4621	0.0
2458	1132	0.0
3858	1451	0.0
817	5265	0.0
1048	3113	0.0
4928	4255	0.0
2458	4253	0.0
2156	4221	0.0
1132	3036	0.0
2458	5130	0.0
117	2719	0.0
4675	2447	0.0
3589	2458	0.0
4675	5033	0.0
1048	3080	0.0
3829	4225	0.0
813	817	0.0
15	1855	0.0
4694	1572	0.495600231207
537	3290	0.0
982	3883	0.0
3113	1722	0.0
2071	3846	0.0
877	1805	0.0
456	1743	0.0
4692	3154	0.0
1898	2458	0.0
1798	3418	0.467018877017
983	1251	0.0
2156	4522	0.0
983	5130	0.0
2719	2937	0.0
3589	1048	0.0
3308	1251	0.0
77	2268	0.0
3589	4692	0.0
5048	1791	0.0
4225	2447	1.0
456	5033	0.0
3589	3346	0.0
1665	1764	0.0
4255	1093	0.0
1898	2668	0.0
4225	208	0.0
3858	1855	0.0
1722	3036	0.0
1764	3418	0.0
4276	3154	0.0
2582	2020	0.0
2719	727	0.0
1601	1722	0.0
2937	4481	0.0
4457	5033	0.0
501	2719	0.0
2853	4446	0.0
666	2045	0.0
3497	1132	0.462847623749
4692	1927	0.0
1764	4958	0.0
1764	2619	0.0
1927	3195	0.0
456	1159	0.0
982	4138	0.0
1251	5130	0.0
3441	3542	0.0
941	1898	0.0
2467	3542	0.0
4446	731	0.0
982	4255	0.0
3886	4235	0.0
1743	2804	0.0
4255	817	0.0
1159	2447	0.0
4000	4621	0.0
3883	4238	0.0
2458	3756	0.0
3308	4457	0.0
1093	4481	0.0
2619	1572	0.0
2945	1791	0.462435607581
4276	456	0.0
3497	3829	0.0
3441	2045	0.0
117	892	0.0
926	2619	0.0
2156	2879	0.0
666	1898	0.0
117	645	0.0
3316	1132	0.0
983	3418	0.0
77	4958	0.0
5069	763	0.0
1138	2467	0.0
1805	2945	0.0
2937	2659	0.0
3441	2619	0.0
3308	2765	0.0
2508	1722	0.0
5069	2619	0.0
1953	4276	0.0
2719	5265	0.0
982	2268	0.0
817	3036	0.0
456	2045	0.0
3589	1138	0.0
1511	5235	0.0
15	666	0.0
1605	2690	0.0
813	1791	0.0
3113	50	0.0
1953	2945	0.0
2937	3883	0.0
1665	2527	0.0
501	877	0.0
666	1093	0.0
1605	1093	0.0
4559	3756	0.0
208	3346	0.0
3164	1572	0.0
3308	2458	0.0
3080	2619	0.0
1783	2879	0.0
50	877	0.0
2804	1093	0.0
3886	892	0.484248527178
5069	877	0.0
2424	4276	0.0
5069	3195	0.0
537	2765	0.0
3004	1132	0.507573187089
3195	2447	0.0
3589	3886	0.460499864882
3164	4675	0.0
77	5265	0.0
2424	2719	0.0
2582	3954	0.0
1953	1572	0.0
1132	2020	0.0
4559	5048	0.0
892	4255	0.0
5323	983	0.0
1601	3441	0.0
50	817	0.0
3939	804	0.0
2607	727	0.0
3316	2804	0.0
3235	2619	0.0
142	625	0.0
4446	892	0.0
2582	1722	0.0
3441	2447	0.0
1743	804	0.0
3316	3883	0.0
3290	804	0.0
1511	4457	0.0
1138	2945	0.0
3497	1855	0.0
2156	4393	0.0
2690	804	0.0
1953	1805	0.0
1159	1855	0.0
4276	1093	0.0
1665	2719	0.0
501	3756	0.0
4000	1791	0.506842049152
817	4621	0.0
2071	4238	0.0
1014	1855	0.0
940	3982	0.0
1953	2765	0.0
4000	4481	0.0
941	1743	0.0
1251	1722	0.0
4225	4000	0.0
2719	4958	0.0
4276	3756	0.0
4457	4238	0.0
4235	3846	0.0
1138	2458	0.0
892	1743	0.448801780324
926	4255	0.0
2853	4000	0.471301129546
3829	2719	0.0
941	1783	0.0
3497	1601	0.0
1132	3756	0.521699797628
813	2719	0.0
1743	2458	0.0
15	5069	0.0
2508	1132	0.0
15	1601	0.0
1791	3346	0.0
4938	4393	0.0
3441	4238	0.0
5323	2045	0.0
3113	4000	0.482430784252
4522	1783	0.0
1171	2853	0.0
4928	4393	0.0
2804	4522	0.0
142	3316	0.0
4255	3846	0.0
50	2765	0.0
940	3080	0.0
877	1783	0.0
2458	763	0.0
2853	4675	0.0
501	1743	0.0
3113	5235	0.0
983	4386	0.0
15	940	0.0
3164	926	0.0
537	817	0.0
208	3939	0.0
3497	3308	0.0
1605	2156	0.0
5323	731	0.0
1048	2508	0.0
3195	5265	0.0
2719	731	0.0
77	4522	0.0
4694	3883	0.0
727	4559	0.0
1251	2447	0.0
2467	4481	0.0
537	3308	0.0
1764	3954	0.0
3589	4386	0.0
4225	763	0.0
142	763	0.0
763	1132	0.0
2719	877	0.0
2508	2659	0.0
983	1743	0.0
1251	3982	0.0
2156	877	0.0
1138	2659	0.0
3441	2424	0.0
2045	4621	0.0
982	3346	0.0
4386	5130	0.0
1159	645	0.0
1764	2447	0.0
2467	1132	0.0
2268	5265	0.0
3497	50	0.0
2458	4138	0.0
3497	1605	0.0
1159	3346	0.0
892	1572	0.46173881056
2508	4928	0.0
2619	625	0.0
3080	2071	0.0
1665	4253	0.0
3080	4446	0.0
117	3290	0.0
142	1251	0.0
3883	4481	0.0
5069	1743	0.0
3316	208	0.0
4928	5069	0.0
501	2045	0.0
117	2527	0.0
4958	625	0.0
5048	5033	0.0
2690	3164	0.0
5048	1855	0.0
3497	625	0.0
117	1927	0.0
537	1572	0.501865272758
1743	5130	0.0
4276	4221	0.0
1764	2945	0.0
2458	1805	0.0
1798	5265	0.454190545971
1665	983	0.0
4928	4522	0.0
1764	4253	0.0
3756	5235	0.0
3418	3982	0.0
4235	1572	0.0
1783	2020	0.0
4000	731	0.467432612318
2156	4958	0.0
2458	2765	0.0
4225	4235	0.0
5033	5265	0.0
1605	2508	0.0
3939	2659	0.0
4559	3846	0.0
4446	77	0.0
4225	3982	0.0
2424	2458	0.0
1927	3542	0.0
4928	2467	0.0
2719	5235	0.0
2045	877	0.0
3886	2937	0.0
2071	2945	0.0
208	3235	0.0
813	1855	0.0
3290	3316	0.0
3829	2945	0.0
2690	2268	1.0
4958	2619	0.0
4255	3346	0.0
1251	817	0.0
4225	2458	0.0
1511	208	0.0
2853	5265	0.0
2719	4255	0.0
3004	1798	0.590436697329
4276	5235	0.0
2690	2659	0.0
666	2937	0.0
1927	5235	0.0
1764	877	0.0
2508	3316	0.0
4446	4938	0.0
2424	2937	0.0
3113	3195	0.0
1605	501	0.0
2424	813	0.0
2738	2719	0.0
1251	4238	0.0
4393	4958	0.0
2937	4255	0.0
817	3846	0.0
1898	1093	0.0
2607	817	0.0
3954	2719	0.0
2853	3004	0.471301129546
3235	3883	0.0
142	1805	0.0
1171	2738	0.0
501	2937	0.0
2619	877	0.0
456	2945	0.0
4522	1132	0.477036832472
2853	1855	0.0
982	4238	0.0
982	804	0.0
926	1572	0.451952962023
208	5235	0.0
3883	1791	0.0
1764	3235	0.0
3497	983	0.0
4225	1251	0.0
926	3235	0.0
1898	1855	0.0
892	1927	0.459904474938
4446	1927	0.0
4694	4253	0.493169723164
5323	1927	0.0
1138	4255	0.0
3316	3441	0.0
456	1572	0.0
142	1798	0.0
666	2156	0.0
2738	817	0.0
892	2045	0.0
3004	1572	0.494863122318
501	817	0.0
2619	5265	0.0
2424	2668	0.0
3346	5235	0.0
1927	1014	0.459482657055
892	50	0.0
1764	501	0.0
1251	1093	0.0
2945	5265	0.0
892	456	0.0
3004	2668	0.0
1171	877	0.0
537	4522	0.48553005746
1898	1798	0.0
4276	2765	0.0
982	5048	0.0
142	3036	0.0
3113	5069	0.0
3589	1572	0.441858189987
4221	727	0.522813095522
2508	3346	0.0
2424	1014	0.444389771476
3235	5033	0.0
3954	3154	0.0
2738	4255	0.0
2045	804	0.0
5069	2447	0.0
2738	4253	0.0
1511	50	0.0
4446	2156	0.0
1898	501	0.0
1605	1898	0.0
1014	1132	0.459482657055
3080	4138	0.0
2045	2020	0.0
208	763	0.0
1898	4235	0.0
2156	3846	0.0
1764	2607	0.0
4692	3883	0.0
3886	926	0.473669663912
1722	2619	0.0
3290	456	0.0
2853	3235	0.0
3858	1743	0.0
4225	3195	0.0
1138	5130	0.0
117	804	0.0
4386	1132	0.0
2582	1743	0.0
3497	3846	0.457952594122
1605	1805	0.0
4276	1014	0.0
941	2045	0.0
3080	3756	0.0
3316	2447	0.0
926	727	0.6655466021
1791	1093	0.0
1898	5235	0.0
2719	4621	0.0
1722	4255	0.0
77	1855	0.0
3441	4255	0.0
1764	5024	0.0
3004	2719	0.0
5130	1132	0.0
2582	4255	0.0
2582	3858	0.0
117	3846	0.0
3113	1898	0.0
142	3346	0.0
3497	813	0.0
4235	1159	0.623827463789
1665	2424	0.0
813	1451	0.0
2045	5235	0.0
1743	1783	0.0
1764	3346	0.0
892	2467	0.0
4255	5235	0.0
1511	4522	0.0
2738	1572	0.0
940	4457	0.0
117	666	0.0
2937	1132	0.0
3858	2268	0.0
1605	4276	0.0
940	1665	0.0
4938	2668	0.0
4225	1898	0.0
2458	3195	0.0
4958	804	0.0
1665	2020	0.0
3308	4559	0.0
3290	2071	0.0
941	501	0.0
2738	4446	0.0
1953	892	0.0
892	4253	0.457336801487
3886	813	0.0
3497	1138	0.0
117	2937	0.0
4225	4457	0.0
4930	4221	0.0
3589	1132	0.440318638633
2690	5265	0.0
3004	4522	0.456463741499
4958	2945	0.0
4276	3164	0.0
456	1855	0.0
2458	2668	0.0
625	2659	0.0
3829	4253	0.0
1605	3982	0.0
4255	2879	0.0
4225	2071	0.0
4958	1132	0.0
2853	3346	0.0
1898	4255	0.0
117	2071	0.0
3497	3886	0.483528408057
1855	2879	0.0
4938	982	0.0
142	4675	0.0
2071	1132	0.0
4235	5323	0.0
941	3308	0.0
2508	4276	0.0
4221	877	0.0
2719	2879	0.0
1601	2424	0.0
3316	727	0.0
537	3939	0.0
941	3858	0.0
2424	2045	0.0
1138	1743	0.0
2467	5024	0.0
1159	4255	0.0
2527	817	0.0
3954	4481	0.0
2738	3195	0.0
2853	645	0.0
2719	4481	0.0
4393	2765	0.0
4000	5033	0.0
1511	3858	0.0
892	5235	0.0
1665	892	0.0
666	877	0.0
456	2071	0.0
877	5265	0.0
1014	2045	0.0
2467	3756	0.0
1953	3441	0.0
1251	1927	0.0
4235	877	0.0
4235	4276	0.0
1898	892	0.0
1898	2804	0.0
1138	727	0.0
666	4958	0.0
1171	1898	0.0
4276	2458	0.0
3036	3346	0.0
4276	817	0.0
813	5323	0.0
1665	1132	0.0
2582	4221	0.0
5323	4621	0.0
142	2937	0.0
1605	877	0.0
3589	5323	0.0
4276	501	0.0
4930	2659	0.0
1855	2447	0.0
804	1132	0.0
2690	2527	0.0
4675	1791	0.0
926	4221	0.471301129546
1601	4522	0.0
817	1572	0.0
666	1132	0.0
1605	2937	0.0
50	4393	0.0
4457	2527	0.0
4928	3235	0.0
3113	1132	0.459482657055
892	4238	0.0
2582	3113	0.0
2447	5265	0.0
5069	456	0.0
3113	3858	0.0
3497	3982	0.0
3589	4393	0.0
892	983	0.0
2765	1132	0.0
1665	4276	0.0
3316	645	0.0
1159	3846	0.486886812048
1138	3756	0.0
456	1927	0.0
3235	5235	0.0
2268	2879	0.0
4446	2937	0.0
117	4621	0.0
117	2424	0.0
2527	2020	0.0
1665	1572	0.0
1764	1927	0.0
727	2447	0.0
5323	3164	0.0
5323	1855	0.0
5069	625	0.0
1953	4928	0.0
817	1132	0.0
537	763	0.0
117	813	0.0
4225	5235	0.0
2582	3756	0.0
4457	4393	0.0
3939	5265	0.0
1665	2659	0.0
117	1251	0.0
3846	3756	0.585041957112
4930	1572	0.0
941	4559	0.0
1953	2619	0.0
3497	1791	0.47342641893
4675	804	0.0
4694	1805	0.0
4958	1805	0.0
456	1805	0.0
940	625	0.0
4255	727	0.0
3497	456	0.0
877	1093	0.0
1743	731	0.43543728584
50	2527	0.0
4481	3982	0.0
1953	1927	0.0
1171	3982	0.0
1511	5265	0.0
4276	208	0.0
1953	2607	0.0
1743	5265	0.0
941	1251	0.0
2853	983	0.0
3004	2045	0.0
1605	50	0.0
5323	1251	0.0
4446	1251	0.0
4559	5024	0.0
2690	2668	0.0
5048	3418	0.0
1138	2719	0.0
2582	2447	0.0
1927	1572	0.524037227996
1665	4694	0.0
1171	2619	0.0
892	4457	0.0
3954	926	0.0
3308	813	0.0
1605	2619	0.0
537	2619	0.0
3316	1451	0.0
3542	2045	0.0
1171	2268	0.0
3589	2045	0.0
208	1783	0.0
4225	4446	0.0
3441	763	0.0
4446	456	0.0
3829	2619	0.0
4225	877	0.0
15	2020	0.0
4253	2619	0.0
2582	5024	0.0
501	456	0.0
4694	4386	0.0
4694	926	0.667162423173
1764	1014	0.0
4928	4253	0.0
3316	501	0.0
142	1132	0.0
537	2045	0.0
941	5235	0.0
1665	4621	0.0
1138	2156	0.0
537	1048	0.0
926	4481	0.0
3346	5265	0.0
501	5130	0.0
926	2719	0.0
4225	456	0.0
1722	2659	0.0
3154	2879	0.0
1927	2467	0.0
926	5265	0.0
2156	1927	0.0
645	1805	0.0
941	3954	0.0
2045	4481	0.0
2458	2937	0.0
1927	2945	0.452777177538
2582	1783	0.0
142	2853	0.0
804	3756	0.0
4559	1805	0.0
4253	1798	0.460312421063
501	1159	0.0
1953	2690	0.0
1251	2156	0.0
3308	208	0.0
1764	1251	0.0
2508	4255	0.0
2508	2045	0.0
2508	1451	0.0
1953	5323	0.0
3589	3756	0.468775080837
4958	763	0.0
2668	2045	0.0
456	2458	0.0
1953	1898	0.0
2424	1093	0.0
3164	645	0.0
3004	4386	0.0
3497	1743	0.449588307098
1743	926	0.438340600554
117	4930	0.0
4958	3756	0.0
2424	2879	0.0
501	3195	0.0
2853	3316	0.0
1605	1251	0.0
2071	2268	0.0
4457	2945	0.0
2424	926	0.690472983382
2527	763	0.0
1953	4238	0.0
2738	2937	0.0
1953	2937	0.0
3308	2719	0.0
1014	2659	0.0
3883	5033	0.0
1605	4255	0.0
3308	3846	0.470251617411
3441	4276	0.0
3195	3939	0.0
982	763	0.0
4253	1132	0.452777177538
4225	1855	0.0
2619	3418	0.0
3497	501	0.0
1898	3756	0.0
1764	2467	0.0
2607	4559	0.0
1898	2467	0.0
1601	2582	0.0
983	4255	0.0
1171	1093	0.0
3441	892	0.0
456	804	0.0
3290	817	0.0
3316	877	0.0
2527	4675	0.0
3589	2607	0.0
2619	1132	0.0
941	2853	0.0
456	645	0.0
1743	1132	0.466792827091
4276	4255	0.0
4253	1805	0.0
1855	5265	0.0
3195	2659	0.0
2467	4958	0.0
1511	4481	0.0
3195	1783	0.0
3308	1572	0.0
5130	2945	0.0
4559	1132	0.0
3080	1132	0.0
731	1798	0.454190545971
983	456	0.0
4928	4138	0.0
3080	3308	0.0
3308	3756	0.0
1605	2424	0.0
3886	1132	0.481324820558
3829	4138	0.0
2937	4238	0.0
4225	4276	0.0
4457	3346	0.0
1665	926	0.0
4692	4675	0.0
1927	817	0.0
982	456	0.0
4446	3883	0.0
501	2945	0.0
983	3883	0.0
4938	3195	0.0
2582	731	0.0
208	1093	0.0
2804	1014	0.0
1511	3004	0.0
666	1171	0.0
982	877	0.0
50	1093	0.0
4253	4559	0.0
1898	763	0.0
2268	2527	0.0
2853	4692	0.0
2156	3164	0.0
1138	3418	0.0
1898	813	0.0
1764	2738	0.0
982	645	0.0
4675	877	0.0
877	4481	0.0
3954	2690	0.0
813	1132	0.0
3497	537	0.470350416882
4276	813	0.0
2582	813	0.0
813	1251	0.0
4621	2945	0.0
2071	645	0.0
4694	982	0.0
2156	5265	0.0
3308	5130	0.0
1171	2447	0.0
4276	625	0.0
1171	4692	0.0
5323	3235	0.0
4694	5265	0.0
926	3756	0.452952630139
117	2619	0.0
4225	50	0.0
3316	2879	0.0
4276	1927	0.0
1898	4276	0.0
5069	4559	0.0
1764	3886	0.0
3308	1805	0.0
4446	4276	0.0
2619	4522	0.0
2458	2659	0.0
982	1855	0.0
731	1805	0.0
3235	731	0.0
1722	4621	0.0
1605	4481	0.0
3164	727	0.0
941	456	0.0
1665	1014	0.0
3542	3036	0.0
941	3846	0.0
1927	2607	0.0
537	804	0.0
142	813	0.0
3080	983	0.0
3858	4255	0.0
3497	2659	0.0
804	817	0.0
4221	1451	0.469828877436
2527	3542	0.0
3316	804	0.0
2268	1805	0.0
456	2619	0.0
4938	1783	0.0
3290	4446	0.0
2607	3235	0.0
4457	877	0.0
3113	3004	0.482430784252
5323	1572	0.0
3308	4253	0.0
4692	1132	0.0
4235	1451	0.0
537	4446	0.0
982	4253	0.0
4253	763	0.0
537	4253	0.459633180564
926	2937	0.0
208	983	0.0
926	2765	0.0
3004	5130	0.0
4559	817	0.0
77	877	0.0
2853	5048	0.0
456	1093	0.0
208	5048	0.0
941	5048	0.0
4276	5265	0.0
941	2508	0.0
1665	4446	0.0
4694	5024	0.0
1927	2719	0.0
3883	2447	0.0
208	4386	0.0
3308	2447	0.0
3497	1805	0.0
3004	4621	0.0
1605	77	0.0
1601	4559	0.0
4928	3036	0.0
1722	3846	0.0
1601	77	0.0
1014	1805	0.0
1601	1665	0.0
1953	2045	0.0
2719	2659	0.0
2071	727	0.0
1138	645	0.0
3113	5265	0.0
3290	5265	0.0
3589	1014	0.448675714193
2458	1572	0.0
666	3846	0.0
1743	1572	0.502779261893
1722	2937	0.0
2582	3418	0.0
3497	2045	0.0
1898	2659	0.0
142	2458	0.0
1898	1927	0.0
1132	1798	0.561761544392
3004	2690	0.0
4692	1805	0.0
5069	892	0.0
4255	1855	0.0
1764	456	0.0
3846	4481	0.718569700615
3441	3235	0.0
2424	2804	0.0
2424	645	0.0
4928	5130	0.0
1743	2937	0.0
4276	1855	0.0
15	877	0.0
4621	3756	0.0
3316	2071	0.0
1511	2937	0.0
892	3756	0.494429454225
1251	5265	0.0
1665	727	0.0
5130	5048	0.0
3858	1927	0.0
2458	1783	0.0
1764	4225	0.0
3542	3418	0.0
666	3858	0.0
3858	2765	0.0
4000	3939	0.0
817	5024	0.0
1927	3418	0.459045929508
117	3756	0.0
3308	1014	0.0
4457	2690	0.0
1048	645	0.0
2607	1855	0.0
982	2045	0.0
892	2690	0.0
2804	763	0.0
4225	4928	0.0
2945	3982	0.0
1665	4692	0.0
3080	4276	0.0
5235	5265	0.0
537	2020	0.0
117	1605	0.0
804	1805	0.0
4694	4675	0.0
1898	4000	0.0
3886	804	0.0
3316	5033	0.0
1251	4481	0.0
1953	4446	0.0
50	983	0.0
1665	3346	0.0
1601	3346	0.0
877	3346	0.0
3858	4481	0.0
5323	1805	0.0
117	142	0.0
3886	1927	0.481324820558
1171	1805	0.0
3939	3036	0.0
4253	2071	0.0
1665	4559	0.0
3589	4138	0.0
4235	727	0.581066591674
117	3542	0.0
3195	2268	0.0
537	666	0.0
1743	2945	0.442324607813
208	4481	0.0
4958	817	0.0
537	4000	0.532290057576
3004	1805	0.0
926	3846	0.445877371432
3497	804	0.0
3316	1855	0.0
4235	2765	0.0
1927	2804	0.0
4692	3846	0.0
1511	3756	0.0
3308	1798	0.484936732439
3195	817	0.0
4276	877	0.0
2508	4138	0.0
2945	1572	0.454499707397
2607	2268	0.0
892	2719	0.0
892	982	0.0
3080	1898	0.0
941	877	0.0
1048	5323	0.0
3235	1093	0.0
4276	2937	0.0
117	2738	0.0
4225	1093	0.0
1898	2020	0.0
940	3195	0.0
1451	5033	0.0
3441	4938	0.0
1093	5235	0.0
2582	77	0.0
983	2719	0.0
3858	2945	0.0
2582	5235	0.0
982	2447	0.0
3113	1927	0.459482657055
2508	2268	0.0
2668	2659	0.0
3954	4446	0.0
3004	3195	0.0
142	4938	0.0
3004	3418	0.441244235689
5323	2937	0.0
1171	3883	0.0
2582	1251	0.0
813	3164	0.0
941	727	0.0
4958	3036	0.0
4225	3756	0.0
2765	645	0.0
926	877	0.0
763	1798	0.493609278795
941	4221	0.0
1601	3939	0.0
4000	3346	0.0
3195	1132	0.0
625	3846	0.546131679996
2945	3756	0.484976994524
501	983	0.0
4692	817	0.0
1665	501	0.0
940	3316	0.0
4928	208	0.0
4930	5323	0.0
892	3418	0.46386768436
4221	3346	0.0
1048	50	0.0
1953	926	0.0
501	2659	0.0
1605	2719	0.0
3589	1805	0.0
117	3441	0.0
2467	2804	0.0
4446	3982	0.0
4255	645	0.0
3316	4938	0.0
2156	3004	0.0
1048	763	0.0
208	1791	0.0
4446	926	0.0
1601	1791	0.0
2738	2945	0.0
982	5235	0.0
1605	1451	0.0
3589	2719	0.0
4276	5069	0.0
3497	4928	0.0
2508	2937	0.0
15	3418	0.0
3497	2156	0.0
941	1855	0.0
1138	1572	0.0
5323	926	0.0
892	3235	0.0
3589	2659	0.0
537	1138	0.0
2458	817	0.0
892	1783	0.0
940	5323	0.0
1251	2020	0.0
983	804	0.0
4930	1805	0.0
4446	4481	0.0
1132	3982	0.0
3954	813	0.0
3441	4930	0.0
537	1601	0.0
3113	2765	0.0
2937	2945	0.0
4446	1791	0.0
5323	2945	0.0
892	4559	0.0
666	3290	0.0
804	2659	0.0
3441	3756	0.0
941	1572	0.0
4692	892	0.0
501	1805	0.0
941	3036	0.0
3441	1132	0.0
4238	1798	0.0
208	1805	0.0
2853	4522	0.469066718075
3886	1743	0.465924139358
4238	4481	0.0
4621	5265	0.0
3316	4958	0.0
142	5323	0.0
1014	2937	0.0
1048	3290	0.0
3858	2527	0.0
3290	3308	0.0
4559	2659	0.0
3497	5323	0.0
731	2447	0.0
2853	5033	0.0
4276	2447	0.0
4225	2765	0.0
940	1791	0.0
4559	1855	0.0
4446	2458	0.0
666	456	0.0
982	1132	0.0
77	2020	0.0
2508	1855	0.0
3497	926	0.451952962023
4958	5033	0.0
3589	4238	0.0
2508	4621	0.0
1791	2879	0.0
3858	1798	0.527867766916
2945	1855	0.0
1665	5130	0.0
1953	1132	0.0
1927	4621	0.0
3497	4621	0.0
2668	3235	0.0
4446	645	0.0
2607	1791	0.0
941	4692	0.0
1132	3346	0.0
501	3004	0.0
4393	731	0.0
813	4457	0.0
142	3113	0.0
2268	2659	0.0
2765	3756	0.0
1572	5235	0.0
2508	2945	0.0
892	2659	0.0
4938	1138	0.0
3316	4238	0.0
941	4522	0.0
3883	1093	0.0
666	3004	0.0
1927	3756	0.55583295013
2508	2156	0.0
4675	3846	0.0
813	3418	0.0
1764	1132	0.0
4253	2945	0.442324607813
2619	3346	0.0
3316	4255	0.0
4692	501	0.0
3589	3846	0.585041957112
2937	877	0.0
1601	1451	0.0
1953	4457	0.0
3886	2071	0.0
3441	2690	0.0
813	1138	0.0
4276	4928	0.0
2945	2879	0.0
117	5033	0.0
4225	1722	0.0
5323	3939	0.0
4928	4386	0.0
3829	1898	0.0
892	2156	0.0
4930	804	0.0
1138	804	0.0
77	3846	0.442771164826
1665	2071	0.0
3164	1132	0.0
1665	2765	0.0
4235	1855	0.0
941	666	0.0
3235	1855	0.0
1953	4393	0.0
3858	1572	0.0
4386	3982	0.0
142	2582	0.0
2424	817	0.0
4457	2668	0.0
4621	3982	0.0
4928	5265	0.0
2582	4559	0.0
1605	5130	0.0
77	2937	0.0
537	892	0.467213557943
1927	4675	0.0
3756	5265	0.0
4276	1791	0.0
3164	731	0.0
2508	3308	0.0
1138	1251	0.0
941	77	0.0
1171	1783	0.0
4225	4238	0.0
4386	1791	0.0
2424	1572	0.441858189987
456	1783	0.0
2945	3846	0.712743851646
3858	1159	0.0
804	2945	0.0
1743	4253	0.44059166722
50	77	0.0
5069	3542	0.0
892	501	0.0
3589	4276	0.0
1132	3418	0.459045929508
3886	2458	0.0
1014	2945	0.448419222365
117	1093	0.0
4621	3418	0.0
1601	727	0.0
1251	2719	0.0
2071	2619	0.0
666	2582	0.0
1605	4559	0.0
2582	3235	0.0
3113	2458	0.0
1743	2719	0.0
982	3542	0.0
813	1805	0.0
625	5033	0.0
1898	1138	0.0
2458	2045	0.0
3195	1572	0.0
1722	1798	0.0
2508	2447	0.0
926	1855	0.0
208	2156	0.0
731	2945	0.437090033945
3113	1743	0.448419222365
1511	1783	0.0
5048	2659	0.0
982	3235	0.0
892	1138	0.0
1927	2619	0.0
77	1251	0.0
1764	892	0.0
2156	2690	0.0
3308	1783	0.0
3004	5033	0.0
501	2268	0.0
3316	2765	0.0
1605	3883	0.0
2690	1451	0.0
1898	3235	0.0
4692	2458	0.0
1171	4694	0.0
2458	4559	0.0
1927	4255	0.0
1511	4238	0.0
1764	4930	0.0
2738	1898	0.0
4276	2619	0.0
3497	2937	0.0
77	817	0.0
4457	2020	0.0
4276	892	0.0
666	1953	0.0
142	892	0.0
208	1927	0.0
983	1132	0.0
3954	456	0.0
1764	3164	0.0
2668	804	0.0
2156	3036	0.0
983	3164	0.0
3829	763	0.0
3589	1743	0.43093634877
5069	4675	0.0
940	2424	0.0
50	1743	0.0
2619	1855	0.0
1783	5235	0.0
983	2458	0.0
5130	1855	0.0
3846	5024	0.0
1601	2508	0.0
2853	4221	0.0
4930	1132	0.0
1953	2508	0.0
1927	2659	0.0
941	3080	0.0
4446	982	0.0
4255	2447	0.0
4692	2607	0.0
3982	5024	0.0
1665	1798	0.0
982	1572	0.0
2508	625	0.0
3497	817	0.0
4930	3418	0.0
3308	817	0.0
2937	817	0.0
117	2668	0.0
3497	3195	0.0
877	1132	0.0
3589	1898	0.0
4559	3418	0.0
3982	5235	0.0
941	892	0.0
5069	3164	0.0
2690	1572	0.0
1953	1722	0.0
50	926	0.0
1665	3756	0.0
3316	2527	0.0
537	3004	0.532290057576
877	2020	0.0
1898	2937	0.0
15	2508	0.0
2268	1451	0.0
537	4235	0.0
4928	2156	0.0
3290	4559	0.0
3589	3308	0.0
4446	4255	0.0
2607	3939	0.0
3589	4559	0.0
142	4276	0.0
2508	727	0.0
537	5069	0.0
4238	2945	0.0
625	817	0.0
940	2045	0.0
4457	3418	0.0
1511	4255	0.0
941	1791	0.0
3316	3346	0.0
4221	804	0.0
1764	4559	0.0
625	804	0.0
941	813	0.0
2668	2527	0.0
813	2045	0.0
813	501	0.0
4276	5323	0.0
2447	1093	0.0
982	4393	0.0
3858	763	0.0
645	625	0.0
1138	1805	0.0
1511	645	0.0
4928	2937	0.0
3497	1953	0.0
117	4386	0.0
3886	2945	0.468094837944
4938	2607	0.0
3589	456	0.0
983	817	0.0
1783	5024	0.0
2467	3982	0.0
3886	1138	0.0
2853	1722	0.0
3497	5265	0.0
2582	4522	0.0
2738	625	0.0
982	2619	0.0
2424	5323	0.0
2458	3418	0.0
2424	4675	0.0
1171	1798	0.0
1764	2937	0.0
3441	1898	0.0
4692	5323	0.0
3441	4692	0.0
4225	804	0.0
2582	727	0.0
2719	2527	0.0
2467	926	0.0
1791	2447	0.0
1601	5235	0.0
1605	1764	0.0
4481	5235	0.0
3316	3154	0.0
926	817	0.0
2582	3308	0.0
3497	2508	0.0
1665	4386	0.0
3497	3235	0.0
4559	804	0.0
4255	4559	0.0
2582	4692	0.0
117	1855	0.0
3113	3886	0.463321375833
2582	2424	0.0
208	982	0.0
4000	1093	0.0
926	5033	0.0
3316	2424	0.0
1665	1898	0.0
5323	2659	0.0
3886	4276	0.0
3589	2945	0.43093634877
4928	1783	0.0
3589	983	0.0
4276	804	0.0
1138	2668	0.0
3441	2879	0.0
926	5024	0.0
4255	5024	0.0
4393	1093	0.0
3858	4253	0.0
3954	4621	0.0
1138	3846	0.0
1953	4938	0.0
2582	3164	0.0
3939	4522	0.0
3497	4238	0.0
3004	1791	0.458346469099
1743	2268	0.0
3113	731	0.433448083606
2738	1132	0.0
3164	4393	0.0
2582	1791	0.0
1953	4138	0.0
2424	4481	0.0
117	763	0.0
2690	4559	0.0
3829	2879	0.0
1927	1132	0.479869837417
3846	3982	0.0
3290	5048	0.0
5130	2879	0.0
983	3846	0.470251617411
3308	2071	0.0
2467	5235	0.0
926	3346	0.0
501	4621	0.0
4238	1093	0.0
3235	4481	0.0
5069	3939	0.0
2582	3316	0.0
1601	2156	0.0
1048	2690	0.0
3080	4253	0.0
3308	1927	0.0
2458	2619	0.0
2458	4221	0.0
3829	5265	0.0
3886	4559	0.0
5323	3418	0.0
941	5265	0.0
1783	3036	0.0
2268	3756	0.0
3829	2527	0.0
456	2879	0.0
2945	4481	0.0
1743	2659	0.0
1093	3036	0.0
2719	2045	0.0
3235	4559	0.0
1511	982	0.0
2719	3418	0.0
2424	804	0.0
4235	5265	0.0
804	3982	0.0
3589	2937	0.0
1743	3418	0.446199544169
1132	2945	0.452777177538
3441	5033	0.0
1048	5024	0.0
983	4253	0.0
117	1132	0.0
1898	456	0.0
3858	2458	0.0
817	2659	0.0
3886	3154	0.528043617114
1159	2467	0.0
537	731	0.453546675961
3308	877	0.0
15	1171	0.0
1953	2458	0.0
501	3846	0.0
3316	2619	0.0
2853	3939	0.0
2447	5235	0.0
4694	5235	0.0
50	2690	0.0
117	4446	0.0
4235	4393	0.0
941	1159	0.0
5323	501	0.0
1953	3290	0.0
4255	5265	0.0
2045	1572	0.0
804	1855	0.0
3004	2879	0.0
537	4559	0.0
1138	1927	0.0
1605	4446	0.0
3497	892	0.46173881056
2690	3756	0.0
4386	5033	0.0
2508	1805	0.0
2738	3418	0.0
3497	4692	0.0
1722	2719	0.0
1251	4559	0.0
4276	3846	0.0
2527	4559	0.0
4928	3883	0.0
2268	4958	0.0
3589	4000	0.459432072462
2738	4930	0.0
2607	4481	0.0
2467	3846	0.718569700615
1953	3954	0.0
983	1927	0.0
4393	4675	0.0
1511	3982	0.0
4276	2467	0.0
813	2268	0.0
3883	3982	0.0
1048	1132	0.0
727	5265	0.0
3080	3113	0.0
2690	2447	1.0
892	817	0.0
4694	877	0.0
1665	3004	0.0
983	645	0.0
3316	1251	0.0
3164	1855	0.0
3316	1722	0.0
5069	1132	0.0
2508	1927	0.0
2527	1132	0.0
537	3883	0.0
537	2945	0.484083326782
4393	3036	0.0
4938	625	0.0
1159	2458	0.0
645	1791	0.0
3883	4255	0.0
1665	1138	0.0
3316	4481	0.0
2467	2045	0.0
4238	2619	0.0
4559	763	0.0
1743	2690	0.0
3858	456	0.0
3316	2467	0.0
4386	2268	0.0
1722	2071	0.0
1898	4928	0.0
5323	2527	0.0
2424	2690	0.0
1138	817	0.0
537	2879	0.0
1722	5235	0.0
3441	4928	0.0
1743	2619	0.0
501	4386	0.0
4446	1159	0.0
5069	2268	0.0
537	2853	0.473669663912
3954	2765	0.0
3004	5265	0.0
501	4000	0.0
4930	3346	0.0
208	2467	0.0
3829	1927	0.0
926	5235	0.0
3308	5323	0.0
1855	2659	0.0
983	3036	0.0
2853	4938	0.0
117	2945	0.0
2765	1791	0.0
2719	1572	0.0
3497	3756	0.465847816442
1665	1722	0.0
3308	3154	0.0
666	3756	0.0
4000	817	0.0
1605	982	0.0
1722	731	0.0
2508	3858	0.0
4253	3542	0.0
5069	1138	0.0
941	1601	0.0
4938	892	0.0
117	926	0.0
1743	3164	0.0
1953	2719	0.0
117	5323	0.0
208	817	0.0
892	804	0.0
1601	4138	0.0
983	2020	0.0
983	5235	0.0
3954	4221	0.0
3886	5265	0.0
1605	2945	0.0
1953	3346	0.0
892	3195	0.0
2582	501	0.0
2458	4481	0.0
2467	1783	0.0
666	2268	0.0
4928	2447	0.0
117	817	0.0
2937	5024	0.0
3883	804	0.0
4522	1855	0.0
501	1138	0.0
3080	1791	0.0
727	1132	0.491928649649
3308	5069	0.0
2738	3883	0.0
1927	2045	0.0
3497	4386	0.0
1764	2719	0.0
1605	1791	0.0
4694	2458	0.0
208	2447	0.0
117	3004	0.0
2738	5048	0.0
50	3195	0.0
2268	3346	0.0
1665	3113	0.0
3846	2659	0.0
982	1093	0.0
4238	5265	0.0
4958	2045	0.0
1898	5265	0.0
5323	4238	0.0
1605	5033	0.0
3497	2668	0.0
645	4621	0.0
4928	5048	0.0
1572	4138	0.0
4694	3346	0.0
4225	3036	0.0
537	4221	0.0
1665	2945	0.0
1605	208	0.0
3080	501	0.0
1953	813	0.0
3441	5235	0.0
926	4621	0.0
3080	1927	0.0
4694	2527	0.0
4393	763	0.0
1764	2156	0.0
3290	3195	0.0
2690	1132	0.0
1953	2156	0.0
117	3418	0.0
3858	4522	0.0
537	1511	0.0
3497	2719	0.0
4692	1251	0.0
625	5235	0.0
5323	50	0.0
892	3846	0.585041957112
4621	3346	0.0
5069	2945	0.0
3113	2879	0.0
3756	4138	0.0
117	731	0.0
1605	5265	0.0
666	1855	0.0
940	2668	0.0
2582	4276	0.0
2045	4138	0.0
4225	727	0.0
3954	4958	0.0
892	4621	0.0
117	3954	0.0
1132	5024	0.0
1138	4253	0.0
3441	2268	0.0
1605	2447	0.0
2527	3846	0.0
1171	2765	0.0
208	1722	0.0
4235	3982	0.0
941	4675	0.0
731	4621	0.0
5069	2719	0.0
4692	4930	0.0
3418	3346	0.0
50	2945	0.0
731	2045	0.0
142	3954	0.0
4928	4238	0.0
3290	4692	0.0
3418	1572	0.460866514398
3113	3954	0.0
4694	2765	0.0
983	3004	0.0
1743	5235	0.0
3883	3418	0.0
5323	1722	0.0
4446	3164	0.0
1048	2719	0.0
4446	1132	0.0
817	3756	0.0
804	3846	0.0
2508	50	0.0
813	208	0.0
4958	4522	0.0
2738	3154	0.0
2619	2045	0.0
2659	1572	0.0
3441	208	0.0
3316	1159	0.0
926	3418	0.622520146035
4276	926	0.0
3589	50	0.0
2738	501	0.0
4393	2619	0.0
4928	2879	0.0
3195	1014	0.0
3589	892	0.449411635032
2508	3235	0.0
77	4138	0.0
3589	3497	0.441858189987
142	2945	0.0
5323	3154	0.0
4928	4481	0.0
1132	4138	0.0
1251	1132	0.0
4692	2937	0.0
804	1093	0.0
3290	3939	0.0
3080	4000	0.0
4938	1159	0.497729264333
1605	5235	0.0
3886	1572	0.483528408057
1048	4253	0.0
892	1132	0.459904474938
3497	4559	0.0
3113	4692	0.0
2467	1093	0.0
4446	2668	0.0
2458	2447	0.0
4225	645	0.0
15	4694	0.0
4675	4621	0.0
2607	1132	0.0
4393	2937	0.0
4457	4675	0.0
501	4221	0.0
1138	1132	0.0
2045	1855	0.0
1605	4225	0.0
3858	1132	0.0
2071	3418	0.0
1743	2020	0.0
3154	1014	0.4996274012
625	3982	0.0
2719	1855	0.0
3308	4928	0.0
941	2071	0.0
1953	1605	0.0
1251	877	0.0
3886	3235	0.0
3829	625	0.0
1805	3346	0.0
2458	804	0.0
3886	4694	0.528043617114
4457	2659	0.0
2508	2071	0.0
1927	4958	0.0
941	1014	0.0
1665	4938	0.0
4938	3164	0.0
1511	2447	0.0
456	1132	0.0
1251	2879	0.0
4930	2690	0.0
3308	1743	0.0
2937	5265	0.0
4276	3235	0.0
142	5265	0.0
1605	3346	0.0
4446	501	0.0
4692	5235	0.0
3883	1783	0.0
4221	4559	0.0
1511	1898	0.0
1132	1572	0.48204669997
813	4930	0.0
2467	2659	0.0
3235	3542	0.0
983	877	0.0
3858	2071	0.0
4386	4958	0.0
4522	877	0.0
1014	2719	0.0
50	1791	0.0
1605	1855	0.0
3441	3883	0.0
1953	4255	0.0
3497	3346	0.0
3113	3154	0.473435178992
1927	3235	0.0
813	1783	0.0
456	2467	0.0
2659	2020	0.0
1605	2467	0.0
3308	501	0.0
4446	1783	0.0
2508	1791	0.0
3316	1898	0.0
1898	1791	0.0
2719	763	0.0
1511	3036	0.0
1511	2659	0.0
727	2659	0.0
2156	2659	0.0
3235	1572	0.0
2853	3080	0.0
940	501	0.0
2020	3982	0.0
1251	2467	0.0
4457	1927	0.0
3589	2582	0.0
4276	4238	0.0
5323	3036	0.0
982	1791	0.0
2582	2458	0.0
1898	4692	0.0
117	727	0.0
1132	3846	0.572432851706
3497	2945	0.451468227873
4694	3542	0.0
4255	804	0.0
3316	4393	0.0
77	983	0.0
3113	2020	0.0
983	5048	0.0
4225	1743	0.0
940	982	0.0
892	4522	0.482675357089
2719	2447	0.0
3497	5130	0.0
1605	1665	0.0
4446	1093	0.0
4938	3846	0.0
2508	4930	0.0
2447	1572	0.0
2582	456	0.0
1665	2508	0.0
645	817	0.0
5323	5265	0.0
1898	2447	0.0
1605	2458	0.0
3954	1138	0.0
1665	2045	0.0
2582	5048	0.0
4235	983	0.0
4393	817	0.0
727	645	0.0
3954	4386	0.0
2719	2619	0.0
4000	4238	0.0
4276	1251	0.0
2458	3846	0.0
1605	4928	0.0
4276	1159	0.0
2937	3346	0.0
666	2719	0.0
4930	926	0.0
1605	4238	0.0
1927	1855	0.0
1159	5024	0.0
3441	1451	0.0
3954	4675	0.0
537	1927	0.499310379758
645	1855	0.0
3316	4386	0.0
982	1251	0.0
208	77	0.0
5069	77	0.0
3308	763	0.0
1605	5323	0.0
1927	5130	0.0
2582	2738	0.0
5323	1138	0.0
4694	2447	0.0
1783	4481	0.0
117	3164	0.0
3441	2458	0.0
1665	4221	0.0
1764	5265	0.0
117	1665	0.0
982	4481	0.0
941	2582	0.0
4481	4138	0.0
1783	1093	0.0
1764	4446	0.0
3829	1855	0.0
983	3154	0.0
1251	2458	0.0
1601	3154	0.0
1601	3316	0.0
3883	1132	0.0
3954	3195	0.0
1605	4457	0.0
941	3441	0.0
1722	2668	0.0
1764	3542	0.0
2690	2945	0.0
501	1927	0.0
1898	2719	0.0
1511	3235	0.0
2619	817	0.0
1511	2879	0.0
4225	4559	0.0
727	3756	0.495767694989
4225	4253	0.0
4000	4522	0.504034156126
1132	1093	0.0
456	926	0.0
3441	3982	0.0
537	3858	0.0
1764	2804	0.0
892	2458	0.0
3497	1898	0.0
4446	2020	0.0
501	4255	0.0
2765	2879	0.0
537	3982	0.0
4386	2945	0.0
537	3346	0.0
1601	731	0.0
5323	1132	0.0
2738	3113	0.0
3497	3418	0.460866514398
4238	817	0.0
1805	2659	0.0
2804	2937	0.0
4930	3756	0.0
5069	4253	0.0
2719	804	0.0
3939	3418	0.0
1927	2458	0.0
5130	1572	0.0
1601	4255	0.0
2467	4255	0.0
3154	4255	0.0
941	1451	0.0
3316	4928	0.0
4221	1093	0.0
1511	1605	0.0
4386	4559	0.0
3195	1805	0.0
3164	2659	0.0
1251	4000	0.0
4276	763	0.0
3886	50	0.0
1665	813	0.0
3497	2020	0.0
1722	3346	0.0
3756	1572	0.528998291716
1898	1132	0.0
456	5130	0.0
50	2719	0.0
3441	804	0.0
1665	2458	0.0
2508	4386	0.0
1764	817	0.0
2156	1743	0.0
5130	727	0.0
5069	817	0.0
1159	4393	0.0
666	3308	0.0
4930	1855	0.0
3154	3195	0.0
1601	982	0.0
892	1805	0.0
501	804	0.0
1927	926	0.450268532145
2582	3441	0.0
3829	877	0.0
1601	3036	0.0
892	2937	0.0
2458	926	0.0
208	4253	0.0
1601	2937	0.0
1138	2020	0.0
3154	4238	0.0
4276	4481	0.0
2508	3542	0.0
3164	5048	0.0
117	4692	0.0
3235	804	0.0
817	1855	0.0
15	2582	0.0
1511	877	0.0
2071	4481	0.0
4225	3235	0.0
456	2690	0.0
2582	4253	0.0
4481	3756	0.0
4928	1927	0.0
4938	5235	0.0
983	1798	0.484936732439
1605	3235	0.0
625	1132	0.0
3589	941	0.0
1048	4255	0.0
727	1093	0.0
983	1805	0.0
3316	1783	0.0
3954	877	0.0
941	3164	0.0
142	926	0.0
4253	1572	0.454499707397
537	4621	0.0
983	4675	0.0
3308	1132	0.0
50	3164	0.0
456	4559	0.0
