4935	322	0.01
322	4935	0.01
1722	2897	0.01
2897	1722	0.01
662	1200	0.01
1200	662	0.01
4211	868	0.01
868	4211	0.01
3105	4970	1.0
4970	3105	1.0
2738	5185	0.01
5185	2738	0.01
4187	1968	0.01
1968	4187	0.01
3487	4503	1.0
4503	3487	1.0
3673	2945	1.0
2945	3673	1.0
1856	1968	1.0
1968	1856	1.0
1929	1434	1.0
1434	1929	1.0
3171	926	1.0
926	3171	1.0
763	2362	1.0
2362	763	1.0
4304	1342	1.0
1342	4304	1.0
4672	322	1.0
322	4672	1.0
616	1856	0.01
1856	616	0.01
470	4927	0.01
4927	470	0.01
4700	3171	0.01
3171	4700	0.01
1517	995	0.01
995	1517	0.01
868	1517	0.01
1517	868	0.01
3628	4996	1.0
4996	3628	1.0
5117	4368	1.0
4368	5117	1.0
141	4789	1.0
4789	141	1.0
2759	2945	1.0
2945	2759	1.0
2306	1459	0.01
1459	2306	0.01
2652	233	0.01
233	2652	0.01
216	3171	1.0
3171	216	1.0
4672	2378	0.01
2378	4672	0.01
366	4368	0.01
4368	366	0.01
4192	2037	1.0
2037	4192	1.0
4172	2037	1.0
2037	4172	1.0
1434	264	0.01
264	1434	0.01
2058	4368	1.0
4368	2058	1.0
2159	5082	1.0
5082	2159	1.0
3436	995	1.0
995	3436	1.0
1211	3628	1.0
3628	1211	1.0
3678	1517	0.01
1517	3678	0.01
868	3206	0.01
3206	868	0.01
233	4689	1.0
4689	233	1.0
233	4970	1.0
4970	233	1.0
859	2378	0.01
2378	859	0.01
3442	233	1.0
233	3442	1.0
2758	1562	0.01
1562	2758	0.01
2652	141	1.0
141	2652	1.0
1211	2007	1.0
2007	1211	1.0
2037	4248	1.0
4248	2037	1.0
3486	5254	0.01
5254	3486	0.01
4672	2306	0.01
2306	4672	0.01
4256	4368	1.0
4368	4256	1.0
1929	2219	1.0
2219	1929	1.0
1856	1202	1.0
1202	1856	1.0
216	4172	1.0
4172	216	1.0
2296	4202	0.01
4202	2296	0.01
926	2306	1.0
2306	926	1.0
392	1399	0.01
1399	392	0.01
1562	925	1.0
925	1562	1.0
2758	3841	1.0
3841	2758	1.0
3927	996	0.01
996	3927	0.01
958	1202	1.0
1202	958	1.0
2758	37	0.01
37	2758	0.01
2759	3486	1.0
3486	2759	1.0
3281	1342	0.01
1342	3281	0.01
508	3040	0.01
3040	508	0.01
5185	4927	0.01
4927	5185	0.01
1202	4503	0.01
4503	1202	0.01
3461	1832	0.01
1832	3461	0.01
141	167	1.0
167	141	1.0
462	5185	0.01
5185	462	0.01
1753	843	0.01
843	1753	0.01
3927	1883	0.01
1883	3927	0.01
2476	5170	0.01
5170	2476	0.01
18	4193	0.01
4193	18	0.01
216	926	1.0
926	216	1.0
2418	1153	0.01
1153	2418	0.01
2758	1399	1.0
1399	2758	1.0
2759	4598	1.0
4598	2759	1.0
4193	1856	1.0
1856	4193	1.0
926	4970	1.0
4970	926	1.0
2472	4172	0.01
4172	2472	0.01
3487	5082	1.0
5082	3487	1.0
1517	4252	0.01
4252	1517	0.01
1211	4256	1.0
4256	1211	1.0
1968	4935	0.01
4935	1968	0.01
971	4700	0.01
4700	971	0.01
1183	5082	0.01
5082	1183	0.01
2759	3426	1.0
3426	2759	1.0
57	3628	1.0
3628	57	1.0
4197	868	0.01
868	4197	0.01
3712	3841	0.01
3841	3712	0.01
1956	995	1.0
995	1956	1.0
5036	3346	0.01
3346	5036	0.01
3436	4256	1.0
4256	3436	1.0
868	4598	1.0
4598	868	1.0
2462	4304	1.0
4304	2462	1.0
5117	781	1.0
781	5117	1.0
4304	4248	1.0
4248	4304	1.0
4672	4705	0.01
4705	4672	0.01
2758	2472	1.0
2472	2758	1.0
4252	2037	1.0
2037	4252	1.0
1434	4655	0.01
4655	1434	0.01
366	3652	0.01
3652	366	0.01
1342	4813	0.01
4813	1342	0.01
2579	233	0.01
233	2579	0.01
1832	1517	1.0
1517	1832	1.0
4598	338	1.0
338	4598	1.0
1722	1182	0.01
1182	1722	0.01
958	1672	0.01
1672	958	0.01
859	2491	0.01
2491	859	0.01
238	3491	0.01
3491	238	0.01
868	233	1.0
233	868	1.0
3171	4248	1.0
4248	3171	1.0
4097	1968	0.01
1968	4097	0.01
2491	4187	1.0
4187	2491	1.0
5182	4598	1.0
4598	5182	1.0
4172	606	0.01
606	4172	0.01
2945	1968	0.01
1968	2945	0.01
4996	508	0.01
508	4996	0.01
1832	1956	1.0
1956	1832	1.0
4172	925	1.0
925	4172	1.0
3486	3541	0.01
3541	3486	0.01
3426	4672	1.0
4672	3426	1.0
4655	2093	0.01
2093	4655	0.01
3436	1342	0.01
1342	3436	0.01
958	4368	1.0
4368	958	1.0
616	3040	0.01
3040	616	0.01
3736	3436	0.01
3436	3736	0.01
1202	4368	1.0
4368	1202	1.0
2037	3678	1.0
3678	2037	1.0
322	1182	0.01
1182	322	0.01
411	3927	0.01
3927	411	0.01
3876	3652	1.0
3652	3876	1.0
3014	3171	0.01
3171	3014	0.01
1434	5322	1.0
5322	1434	1.0
2466	1200	0.01
1200	2466	0.01
3171	4304	1.0
4304	3171	1.0
3841	4172	0.01
4172	3841	0.01
3467	3897	1.0
3897	3467	1.0
3487	2579	1.0
2579	3487	1.0
616	1883	0.01
1883	616	0.01
4202	4755	0.01
4755	4202	0.01
3436	1211	1.0
1211	3436	1.0
2007	2963	1.0
2963	2007	1.0
3467	1968	0.01
1968	3467	0.01
3876	572	0.01
572	3876	0.01
216	572	1.0
572	216	1.0
2159	3105	1.0
3105	2159	1.0
3652	2476	0.01
2476	3652	0.01
1883	4252	1.0
4252	1883	1.0
5182	4202	1.0
4202	5182	1.0
3841	3673	0.01
3673	3841	0.01
4789	3678	1.0
3678	4789	1.0
4197	3628	0.01
3628	4197	0.01
3673	293	1.0
293	3673	1.0
411	995	0.01
995	411	0.01
4996	5029	0.01
5029	4996	0.01
2897	925	1.0
925	2897	1.0
293	141	0.01
141	293	0.01
3171	2219	1.0
2219	3171	1.0
3436	2362	0.01
2362	3436	0.01
4192	4503	1.0
4503	4192	1.0
1200	4970	1.0
4970	1200	1.0
1182	1672	1.0
1672	1182	1.0
1883	3652	0.01
3652	1883	0.01
216	1672	1.0
1672	216	1.0
3436	3171	1.0
3171	3436	1.0
1459	2102	0.01
2102	1459	0.01
2758	3426	1.0
3426	2758	1.0
1211	3486	0.01
3486	1211	0.01
4202	4252	0.01
4252	4202	0.01
3461	264	0.01
264	3461	0.01
926	2945	1.0
2945	926	1.0
141	859	1.0
859	141	1.0
4970	462	0.01
462	4970	0.01
4304	2007	1.0
2007	4304	1.0
1672	1781	0.01
1781	1672	0.01
414	3023	0.01
3023	414	0.01
1929	3487	0.01
3487	1929	0.01
2375	2963	0.01
2963	2375	0.01
4256	606	0.01
606	4256	0.01
1722	2036	0.01
2036	1722	0.01
2491	411	0.01
411	2491	0.01
3436	5028	0.01
5028	3436	0.01
3487	4252	1.0
4252	3487	1.0
3673	167	0.01
167	3673	0.01
141	2945	1.0
2945	141	1.0
3897	995	0.01
995	3897	0.01
4248	4172	0.01
4172	4248	0.01
2758	4672	1.0
4672	2758	1.0
3647	4252	1.0
4252	3647	1.0
216	2466	0.01
2466	216	0.01
925	2963	1.0
2963	925	1.0
2945	1342	0.01
1342	2945	0.01
1856	2897	1.0
2897	1856	1.0
4813	1672	0.01
1672	4813	0.01
4202	606	0.01
606	4202	0.01
2759	4252	1.0
4252	2759	1.0
4197	1672	1.0
1672	4197	1.0
233	3628	1.0
3628	233	1.0
216	4368	1.0
4368	216	1.0
4598	3678	1.0
3678	4598	1.0
3088	4197	1.0
4197	3088	1.0
843	4598	1.0
4598	843	1.0
971	4598	1.0
4598	971	1.0
233	2037	1.0
2037	233	1.0
2759	1956	1.0
1956	2759	1.0
4197	4368	1.0
4368	4197	1.0
3487	2472	1.0
2472	3487	1.0
1211	4368	1.0
4368	1211	1.0
4755	4172	0.01
4172	4755	0.01
5182	4996	1.0
4996	5182	1.0
3626	2037	1.0
2037	3626	1.0
4789	3442	0.01
3442	4789	0.01
4542	2945	1.0
2945	4542	1.0
3436	2007	1.0
2007	3436	1.0
2159	5170	1.0
5170	2159	1.0
4197	958	1.0
958	4197	1.0
1182	4202	0.01
4202	1182	0.01
925	4655	0.01
4655	925	0.01
3436	948	1.0
948	3436	1.0
1434	2296	0.01
2296	1434	0.01
2758	2036	1.0
2036	2758	1.0
5170	4503	0.01
4503	5170	0.01
1832	4252	1.0
4252	1832	1.0
3486	2037	1.0
2037	3486	1.0
1200	3692	0.01
3692	1200	0.01
4252	4248	1.0
4248	4252	1.0
3692	4598	1.0
4598	3692	1.0
3044	3088	0.01
3088	3044	0.01
4755	3628	0.01
3628	4755	0.01
2462	2058	0.01
2058	2462	0.01
141	4542	1.0
4542	141	1.0
3442	1968	1.0
1968	3442	1.0
5117	1183	1.0
1183	5117	1.0
1200	4598	1.0
4598	1200	1.0
616	4097	0.01
4097	616	0.01
2306	4996	1.0
4996	2306	1.0
971	3841	0.01
3841	971	0.01
2759	4172	1.0
4172	2759	1.0
925	1672	1.0
1672	925	1.0
4996	4927	0.01
4927	4996	0.01
606	4598	1.0
4598	606	1.0
57	4304	1.0
4304	57	1.0
3841	1832	0.01
1832	3841	0.01
1211	3014	0.01
3014	1211	0.01
2036	4192	0.01
4192	2036	0.01
2758	1182	1.0
1182	2758	1.0
18	5082	0.01
5082	18	0.01
3442	616	1.0
616	3442	1.0
141	4197	0.01
4197	141	0.01
15	167	0.01
167	15	0.01
4598	2472	0.01
2472	4598	0.01
1202	1183	0.01
1183	1202	0.01
926	4542	0.01
4542	926	0.01
3436	233	1.0
233	3436	1.0
616	1828	0.01
1828	616	0.01
616	4256	0.01
4256	616	0.01
5028	2159	0.01
2159	5028	0.01
2758	322	1.0
322	2758	1.0
2759	4996	1.0
4996	2759	1.0
2759	925	1.0
925	2759	1.0
4187	5082	1.0
5082	4187	1.0
4193	4097	0.01
4097	4193	0.01
2652	1183	0.01
1183	2652	0.01
2466	57	0.01
57	2466	0.01
572	859	1.0
859	572	1.0
662	2375	0.01
2375	662	0.01
2407	3426	0.01
3426	2407	0.01
4672	2738	0.01
2738	4672	0.01
2296	4689	0.01
4689	2296	0.01
160	2963	1.0
2963	160	1.0
1399	1202	0.01
1202	1399	0.01
2758	160	1.0
160	2758	1.0
216	859	1.0
859	216	1.0
3088	606	1.0
606	3088	1.0
2026	4598	1.0
4598	2026	1.0
717	2093	0.01
2093	717	0.01
3692	3088	0.01
3088	3692	0.01
1956	868	0.01
868	1956	0.01
572	4598	1.0
4598	572	1.0
1929	2159	1.0
2159	1929	1.0
2418	2296	0.01
2296	2418	0.01
1968	5022	0.01
5022	1968	0.01
2963	3841	0.01
3841	2963	0.01
606	763	0.01
763	606	0.01
1929	160	0.01
160	1929	0.01
160	2476	1.0
2476	160	1.0
4192	1968	1.0
1968	4192	1.0
5022	5322	0.01
5322	5022	0.01
4197	4252	1.0
4252	4197	1.0
1929	216	1.0
216	1929	1.0
5027	1856	0.01
1856	5027	0.01
926	4187	0.01
4187	926	0.01
1202	2652	0.01
2652	1202	0.01
2159	3511	0.01
3511	2159	0.01
4256	4672	0.01
4672	4256	0.01
926	4996	0.01
4996	926	0.01
868	2306	1.0
2306	868	1.0
1968	1399	0.01
1399	1968	0.01
3486	958	1.0
958	3486	1.0
926	4672	1.0
4672	926	1.0
5170	4689	0.01
4689	5170	0.01
3692	3876	1.0
3876	3692	1.0
996	4672	1.0
4672	996	1.0
5036	3486	0.01
3486	5036	0.01
4252	4503	1.0
4503	4252	1.0
1832	3897	1.0
3897	1832	1.0
4193	4598	1.0
4598	4193	1.0
4970	2093	0.01
2093	4970	0.01
4813	2036	0.01
2036	4813	0.01
4187	5027	0.01
5027	4187	0.01
1956	1856	0.01
1856	1956	0.01
141	3647	1.0
3647	141	1.0
4598	2010	1.0
2010	4598	1.0
141	4202	1.0
4202	141	1.0
1929	1211	0.01
1211	1929	0.01
1211	322	1.0
322	1211	1.0
4542	4970	0.01
4970	4542	0.01
1082	925	0.01
925	1082	0.01
1434	995	1.0
995	1434	1.0
216	1684	0.01
1684	216	0.01
3723	3626	0.01
3626	3723	0.01
4197	233	1.0
233	4197	1.0
1183	2219	1.0
2219	1183	1.0
1082	4252	0.01
4252	1082	0.01
958	2007	1.0
2007	958	1.0
141	2037	1.0
2037	141	1.0
4368	4689	1.0
4689	4368	1.0
3673	1517	1.0
1517	3673	1.0
2462	18	0.01
18	2462	0.01
141	3541	1.0
3541	141	1.0
233	2246	0.01
2246	233	0.01
2026	2246	0.01
2246	2026	0.01
2246	3678	0.01
3678	2246	0.01
2963	4368	1.0
4368	2963	1.0
3486	2466	0.01
2466	3486	0.01
4598	925	1.0
925	4598	1.0
322	3206	0.01
3206	322	0.01
2296	4187	0.01
4187	2296	0.01
2159	4789	1.0
4789	2159	1.0
1082	616	0.01
616	1082	0.01
3511	2010	1.0
2010	3511	1.0
2010	4248	0.01
4248	2010	0.01
4252	4304	1.0
4304	4252	1.0
4368	2102	0.01
2102	4368	0.01
141	3673	1.0
3673	141	1.0
3044	3626	0.01
3626	3044	0.01
3171	2306	1.0
2306	3171	1.0
2296	971	0.01
971	2296	0.01
2462	5082	0.01
5082	2462	0.01
1968	4368	1.0
4368	1968	1.0
1211	2036	0.01
2036	1211	0.01
2418	4197	0.01
4197	2418	0.01
717	4193	0.01
4193	717	0.01
4672	3736	0.01
3736	4672	0.01
4206	2759	0.01
2759	4206	0.01
1434	958	0.01
958	1434	0.01
470	2963	0.01
2963	470	0.01
160	2472	1.0
2472	160	1.0
5117	4197	1.0
4197	5117	1.0
662	4368	1.0
4368	662	1.0
3088	4248	1.0
4248	3088	1.0
925	5082	1.0
5082	925	1.0
3044	616	0.01
616	3044	0.01
2036	238	0.01
238	2036	0.01
1856	57	1.0
57	1856	1.0
264	5185	0.01
5185	264	0.01
572	4672	1.0
4672	572	1.0
366	414	0.01
414	366	0.01
3673	2007	1.0
2007	3673	1.0
3897	4252	1.0
4252	3897	1.0
3673	1856	0.01
1856	3673	0.01
5117	1832	1.0
1832	5117	1.0
4193	2296	0.01
2296	4193	0.01
2010	4672	1.0
4672	2010	1.0
926	3491	0.01
3491	926	0.01
1182	3692	0.01
3692	1182	0.01
3040	414	0.01
414	3040	0.01
2407	411	0.01
411	2407	0.01
4705	763	0.01
763	4705	0.01
3511	1200	1.0
1200	3511	1.0
3442	3171	1.0
3171	3442	1.0
3171	4598	1.0
4598	3171	1.0
3608	3628	0.01
3628	3608	0.01
462	1832	1.0
1832	462	1.0
2897	4970	1.0
4970	2897	1.0
3511	3673	1.0
3673	3511	1.0
1929	4304	0.01
4304	1929	0.01
1211	2362	1.0
2362	1211	1.0
1929	1832	1.0
1832	1929	1.0
2378	3626	1.0
3626	2378	1.0
1434	338	1.0
338	1434	1.0
3281	2102	0.01
2102	3281	0.01
2491	2579	0.01
2579	2491	0.01
1183	925	1.0
925	1183	1.0
5254	3927	0.01
3927	5254	0.01
1828	4598	1.0
4598	1828	1.0
3486	3897	1.0
3897	3486	1.0
868	2007	1.0
2007	868	1.0
2491	2378	0.01
2378	2491	0.01
1211	160	1.0
160	1211	1.0
1082	1722	0.01
1722	1082	0.01
4193	996	0.01
996	4193	0.01
2466	4192	0.01
4192	2466	0.01
2159	3927	1.0
3927	2159	1.0
462	4192	1.0
4192	462	1.0
3426	462	0.01
462	3426	0.01
958	4248	1.0
4248	958	1.0
2476	3723	0.01
3723	2476	0.01
926	4368	1.0
4368	926	1.0
392	5028	0.01
5028	392	0.01
1153	5254	0.01
5254	1153	0.01
763	4689	1.0
4689	763	1.0
2472	2159	0.01
2159	2472	0.01
1200	1562	0.01
1562	1200	0.01
2945	2159	0.01
2159	2945	0.01
141	3876	1.0
3876	141	1.0
925	4248	1.0
4248	925	1.0
5036	2491	0.01
2491	5036	0.01
1459	3511	0.01
3511	1459	0.01
1929	3105	1.0
3105	1929	1.0
3491	2159	1.0
2159	3491	1.0
2159	1956	1.0
1956	2159	1.0
141	3897	1.0
3897	141	1.0
2246	2963	0.01
2963	2246	0.01
5029	1956	0.01
1956	5029	0.01
414	3608	0.01
3608	414	0.01
2758	996	1.0
996	2758	1.0
4755	1753	0.01
1753	4755	0.01
3487	2246	1.0
2246	3487	1.0
4304	4672	1.0
4672	4304	1.0
2945	2037	1.0
2037	2945	1.0
4304	4187	0.01
4187	4304	0.01
392	1968	0.01
1968	392	0.01
2058	4689	1.0
4689	2058	1.0
4789	4927	0.01
4927	4789	0.01
141	948	0.01
948	141	0.01
2159	3673	1.0
3673	2159	1.0
616	2159	1.0
2159	616	1.0
1562	2010	1.0
2010	1562	1.0
2246	2476	0.01
2476	2246	0.01
414	4193	0.01
4193	414	0.01
4700	3467	0.01
3467	4700	0.01
2466	2037	0.01
2037	2466	0.01
3436	1883	0.01
1883	3436	0.01
3897	1434	0.01
1434	3897	0.01
3673	1832	1.0
1832	3673	1.0
293	5036	0.01
5036	293	0.01
971	1562	0.01
1562	971	0.01
216	3673	1.0
3673	216	1.0
1883	995	1.0
995	1883	1.0
5082	2093	0.01
2093	5082	0.01
3712	2026	0.01
2026	3712	0.01
3442	1342	1.0
1342	3442	1.0
2058	925	1.0
925	2058	1.0
2758	1517	1.0
1517	2758	1.0
2472	2759	0.01
2759	2472	0.01
995	4368	1.0
4368	995	1.0
2758	1672	1.0
1672	2758	1.0
2738	3346	0.01
3346	2738	0.01
2759	1929	1.0
1929	2759	1.0
1832	2007	1.0
2007	1832	1.0
1856	662	1.0
662	1856	1.0
4206	2007	1.0
2007	4206	1.0
37	3491	0.01
3491	37	0.01
925	3511	0.01
3511	925	0.01
5170	2758	0.01
2758	5170	0.01
233	1968	1.0
1968	233	1.0
167	3442	0.01
3442	167	0.01
3088	15	0.01
15	3088	0.01
572	2296	0.01
2296	572	0.01
2897	3491	0.01
3491	2897	0.01
141	1832	1.0
1832	141	1.0
3876	4202	0.01
4202	3876	0.01
3927	2466	0.01
2466	3927	0.01
2159	1968	1.0
1968	2159	1.0
1342	5322	0.01
5322	1342	0.01
160	3678	1.0
3678	160	1.0
5182	1342	1.0
1342	5182	1.0
2738	508	0.01
508	2738	0.01
3171	2037	0.01
2037	3171	0.01
2378	3628	1.0
3628	2378	1.0
160	3626	1.0
3626	160	1.0
1562	3652	0.01
3652	1562	0.01
141	4211	1.0
4211	141	1.0
462	1153	0.01
1153	462	0.01
2738	4970	0.01
4970	2738	0.01
2037	1459	0.01
1459	2037	0.01
3927	4248	0.01
4248	3927	0.01
5117	4192	1.0
4192	5117	1.0
3486	3608	0.01
3608	3486	0.01
1722	4542	0.01
4542	1722	0.01
4172	1434	0.01
1434	4172	0.01
4187	3281	0.01
3281	4187	0.01
2375	4927	0.01
4927	2375	0.01
3608	2246	1.0
2246	3608	1.0
3105	5322	0.01
5322	3105	0.01
216	1562	1.0
1562	216	1.0
3897	233	1.0
233	3897	1.0
2159	996	0.01
996	2159	0.01
2219	5082	1.0
5082	2219	1.0
616	4598	1.0
4598	616	1.0
616	3841	1.0
3841	616	1.0
2462	4252	1.0
4252	2462	1.0
2462	141	1.0
141	2462	1.0
2759	996	1.0
996	2759	1.0
2476	5027	0.01
5027	2476	0.01
1956	1883	0.01
1883	1956	0.01
4252	4172	1.0
4172	4252	1.0
5117	3171	1.0
3171	5117	1.0
3626	3040	1.0
3040	3626	1.0
4193	4503	0.01
4503	4193	0.01
238	4672	1.0
4672	238	1.0
2246	1968	1.0
1968	2246	1.0
662	4248	1.0
4248	662	1.0
2758	4598	1.0
4598	2758	1.0
2378	3673	1.0
3673	2378	1.0
2759	4672	1.0
4672	2759	1.0
4598	1956	1.0
1956	4598	1.0
2058	2219	0.01
2219	2058	0.01
4192	4368	1.0
4368	4192	1.0
1832	2579	1.0
2579	1832	1.0
3088	141	1.0
141	3088	1.0
1183	2378	0.01
2378	1183	0.01
414	3897	0.01
3897	414	0.01
57	3652	0.01
3652	57	0.01
3088	462	0.01
462	3088	0.01
3044	1434	0.01
1434	3044	0.01
3105	4202	0.01
4202	3105	0.01
4211	763	0.01
763	4211	0.01
3673	4252	1.0
4252	3673	1.0
2759	2897	1.0
2897	2759	1.0
572	843	0.01
843	572	0.01
2296	2378	0.01
2378	2296	0.01
5117	2857	0.01
2857	5117	0.01
1202	411	0.01
411	1202	0.01
3105	1517	1.0
1517	3105	1.0
322	2037	0.01
2037	322	0.01
4598	3608	1.0
3608	4598	1.0
3014	3647	0.01
3647	3014	0.01
3673	2036	0.01
2036	3673	0.01
4689	2759	0.01
2759	4689	0.01
4598	293	1.0
293	4598	1.0
2758	3486	1.0
3486	2758	1.0
763	5082	0.01
5082	763	0.01
1753	462	0.01
462	1753	0.01
4304	2945	1.0
2945	4304	1.0
4248	4368	1.0
4368	4248	1.0
1459	4368	1.0
4368	1459	1.0
958	4700	0.01
4700	958	0.01
2036	5082	0.01
5082	2036	0.01
4252	5028	0.01
5028	4252	0.01
926	1517	1.0
1517	926	1.0
996	1672	1.0
1672	996	1.0
4598	3652	1.0
3652	4598	1.0
1832	160	1.0
160	1832	1.0
4542	2036	0.01
2036	4542	0.01
2219	1956	1.0
1956	2219	1.0
2758	3487	1.0
3487	2758	1.0
3206	5082	0.01
5082	3206	0.01
4187	322	0.01
322	4187	0.01
5254	4097	0.01
4097	5254	0.01
1434	4935	1.0
4935	1434	1.0
1342	1202	1.0
1202	1342	1.0
1211	662	1.0
662	1211	1.0
717	366	0.01
366	717	0.01
3487	5185	0.01
5185	3487	0.01
3206	2010	0.01
2010	3206	0.01
3626	2738	0.01
2738	3626	0.01
3171	2466	0.01
2466	3171	0.01
1517	3171	0.01
3171	1517	0.01
4368	4542	0.01
4542	4368	0.01
4970	2036	1.0
2036	4970	1.0
3426	1956	0.01
1956	3426	0.01
2037	5082	1.0
5082	2037	1.0
3723	1202	0.01
1202	3723	0.01
3692	1856	1.0
1856	3692	1.0
5036	141	0.01
141	5036	0.01
141	3927	1.0
3927	141	1.0
926	4172	1.0
4172	926	1.0
3206	4970	0.01
4970	3206	0.01
2306	4368	1.0
4368	2306	1.0
2159	868	1.0
868	2159	1.0
2945	4813	0.01
4813	2945	0.01
1562	4970	1.0
4970	1562	1.0
4598	4368	1.0
4368	4598	1.0
4700	1956	0.01
1956	4700	0.01
4598	5322	1.0
5322	4598	1.0
1883	1342	1.0
1342	1883	1.0
216	2945	1.0
2945	216	1.0
5022	4197	0.01
4197	5022	0.01
4256	958	1.0
958	4256	1.0
2963	2058	0.01
2058	2963	0.01
1832	1200	0.01
1200	1832	0.01
1929	167	0.01
167	1929	0.01
3486	4672	1.0
4672	3486	1.0
2758	2579	1.0
2579	2758	1.0
3491	4368	1.0
4368	3491	1.0
606	868	0.01
868	606	0.01
1211	3626	0.01
3626	1211	0.01
2759	338	1.0
338	2759	1.0
781	2945	1.0
2945	781	1.0
508	5036	0.01
5036	508	0.01
995	1153	0.01
1153	995	0.01
2462	3511	1.0
3511	2462	1.0
925	4970	1.0
4970	925	1.0
1399	3992	0.01
3992	1399	0.01
1182	1968	1.0
1968	1182	1.0
1832	3105	1.0
3105	1832	1.0
1684	1342	0.01
1342	1684	0.01
3442	1399	1.0
1399	3442	1.0
1832	2945	1.0
2945	1832	1.0
1183	2963	1.0
2963	1183	1.0
3487	293	1.0
293	3487	1.0
141	4503	1.0
4503	141	1.0
662	414	0.01
414	662	0.01
763	3608	1.0
3608	763	1.0
233	4206	0.01
4206	233	0.01
2375	3992	0.01
3992	2375	0.01
3442	2306	1.0
2306	3442	1.0
160	293	1.0
293	160	1.0
1434	5028	0.01
5028	1434	0.01
414	2759	0.01
2759	414	0.01
4935	5322	1.0
5322	4935	1.0
3467	2857	0.01
2857	3467	0.01
4672	1684	0.01
1684	4672	0.01
2738	414	0.01
414	2738	0.01
1856	4689	1.0
4689	1856	1.0
5185	4996	0.01
4996	5185	0.01
2759	926	1.0
926	2759	1.0
5182	338	0.01
338	5182	0.01
3346	2378	0.01
2378	3346	0.01
843	4197	1.0
4197	843	1.0
4598	2007	1.0
2007	4598	1.0
763	411	0.01
411	763	0.01
3171	4256	1.0
4256	3171	1.0
3171	4689	1.0
4689	3171	1.0
160	926	1.0
926	160	1.0
1153	2246	0.01
2246	1153	0.01
293	1883	0.01
1883	293	0.01
4789	4672	1.0
4672	4789	1.0
1182	3436	0.01
3436	1182	0.01
322	5182	0.01
5182	322	0.01
3678	868	0.01
868	3678	0.01
4256	233	1.0
233	4256	1.0
3491	1956	1.0
1956	3491	1.0
4304	160	0.01
160	4304	0.01
3897	4172	1.0
4172	3897	1.0
1968	462	0.01
462	1968	0.01
925	1956	1.0
1956	925	1.0
4368	3426	0.01
3426	4368	0.01
4970	763	0.01
763	4970	0.01
4789	4202	0.01
4202	4789	0.01
3897	2010	0.01
2010	3897	0.01
3171	995	1.0
995	3171	1.0
1200	2491	0.01
2491	1200	0.01
3044	3105	0.01
3105	3044	0.01
4598	2246	1.0
2246	4598	1.0
1082	462	0.01
462	1082	0.01
1832	3628	1.0
3628	1832	1.0
2037	4672	1.0
4672	2037	1.0
1832	926	1.0
926	1832	1.0
4598	3626	1.0
3626	4598	1.0
3897	4689	1.0
4689	3897	1.0
2159	4503	1.0
4503	2159	1.0
5322	3014	0.01
3014	5322	0.01
2159	4598	1.0
4598	2159	1.0
1342	4248	1.0
4248	1342	1.0
470	1883	1.0
1883	470	1.0
3206	606	0.01
606	3206	0.01
662	2472	0.01
2472	662	0.01
1211	958	1.0
958	1211	1.0
1434	2579	1.0
2579	1434	1.0
2362	1153	0.01
1153	2362	0.01
2652	2857	0.01
2857	2652	0.01
2093	3023	0.01
3023	2093	0.01
2306	293	1.0
293	2306	1.0
3171	233	1.0
233	3171	1.0
3673	5082	1.0
5082	3673	1.0
763	4598	1.0
4598	763	1.0
3486	4935	0.01
4935	3486	0.01
4598	4935	1.0
4935	4598	1.0
4755	2246	0.01
2246	4755	0.01
2219	4172	1.0
4172	2219	1.0
141	5082	1.0
5082	141	1.0
2159	1183	1.0
1183	2159	1.0
1956	1672	1.0
1672	1956	1.0
216	781	0.01
781	216	0.01
1562	606	1.0
606	1562	1.0
2945	3088	0.01
3088	2945	0.01
5322	4192	0.01
4192	5322	0.01
4789	3992	0.01
3992	4789	0.01
1211	4689	1.0
4689	1211	1.0
411	3442	0.01
3442	411	0.01
843	3346	0.01
3346	843	0.01
2375	2472	0.01
2472	2375	0.01
233	1956	1.0
1956	233	1.0
3723	2652	0.01
2652	3723	0.01
3105	4503	1.0
4503	3105	1.0
3023	5170	0.01
5170	3023	0.01
3487	4970	1.0
4970	3487	1.0
1342	411	0.01
411	1342	0.01
3678	2945	0.01
2945	3678	0.01
2579	1968	1.0
1968	2579	1.0
167	1832	1.0
1832	167	1.0
1182	1883	1.0
1883	1182	1.0
925	2037	1.0
2037	925	1.0
1399	2246	0.01
2246	1399	0.01
3626	4503	1.0
4503	3626	1.0
3487	3105	1.0
3105	3487	1.0
3436	4368	1.0
4368	3436	1.0
4097	1202	0.01
1202	4097	0.01
4192	1342	1.0
1342	4192	1.0
4193	995	0.01
995	4193	0.01
4970	3692	0.01
3692	4970	0.01
141	57	1.0
57	141	1.0
238	4193	1.0
4193	238	1.0
2759	3673	1.0
3673	2759	1.0
1517	5322	0.01
5322	1517	0.01
3023	1781	0.01
1781	3023	0.01
3626	1929	0.01
1929	3626	0.01
3088	5170	1.0
5170	3088	1.0
141	1342	1.0
1342	141	1.0
3044	1781	0.01
1781	3044	0.01
1832	1342	1.0
1342	1832	1.0
4996	1342	0.01
1342	4996	0.01
2897	4655	1.0
4655	2897	1.0
2758	470	1.0
470	2758	1.0
4248	717	0.01
717	4248	0.01
3171	3608	0.01
3608	3171	0.01
859	3105	1.0
3105	859	1.0
925	1211	0.01
1211	925	0.01
4192	4248	1.0
4248	4192	1.0
2093	3346	0.01
3346	2093	0.01
15	3461	0.01
3461	15	0.01
2758	3088	1.0
3088	2758	1.0
160	4248	1.0
4248	160	1.0
3736	2945	0.01
2945	3736	0.01
1153	2476	0.01
2476	1153	0.01
3486	926	1.0
926	3486	1.0
925	4503	1.0
4503	925	1.0
2246	4193	0.01
4193	2246	0.01
3206	4598	1.0
4598	3206	1.0
3647	5027	0.01
5027	3647	0.01
1211	4193	1.0
4193	1211	1.0
958	995	1.0
995	958	1.0
1672	238	0.01
238	1672	0.01
4598	4970	1.0
4970	4598	1.0
4202	1929	0.01
1929	4202	0.01
3673	4996	1.0
4996	3673	1.0
293	1722	0.01
1722	293	0.01
3486	338	0.01
338	3486	0.01
2010	4202	0.01
4202	2010	0.01
1202	4996	1.0
4996	1202	1.0
5185	322	0.01
322	5185	0.01
2219	3346	0.01
3346	2219	0.01
4368	2026	0.01
2026	4368	0.01
1832	5082	1.0
5082	1832	1.0
3678	5082	1.0
5082	3678	1.0
948	392	0.01
392	948	0.01
859	4304	1.0
4304	859	1.0
1153	763	0.01
763	1153	0.01
470	4542	0.01
4542	470	0.01
233	1562	0.01
1562	233	0.01
2758	2897	1.0
2897	2758	1.0
3487	859	1.0
859	3487	1.0
2759	2037	1.0
2037	2759	1.0
2036	4996	0.01
4996	2036	0.01
3014	4700	0.01
4700	3014	0.01
3678	662	0.01
662	3678	0.01
572	2945	1.0
2945	572	1.0
3897	4248	1.0
4248	3897	1.0
1929	141	1.0
141	1929	1.0
1781	5117	0.01
5117	1781	0.01
4192	1684	0.01
1684	4192	0.01
5254	3426	0.01
3426	5254	0.01
2945	3647	0.01
3647	2945	0.01
1342	4655	0.01
4655	1342	0.01
4970	4248	1.0
4248	4970	1.0
3486	2159	1.0
2159	3486	1.0
3442	958	1.0
958	3442	1.0
3487	2945	1.0
2945	3487	1.0
4598	470	0.01
470	4598	0.01
1781	2472	1.0
2472	1781	1.0
2758	4813	0.01
4813	2758	0.01
1672	4672	1.0
4672	1672	1.0
2462	2010	0.01
2010	2462	0.01
2758	3628	1.0
3628	2758	1.0
141	2378	1.0
2378	141	1.0
322	3040	0.01
3040	322	0.01
4304	2037	1.0
2037	4304	1.0
3692	4689	0.01
4689	3692	0.01
5182	4197	1.0
4197	5182	1.0
233	3841	0.01
3841	233	0.01
1968	2306	1.0
2306	1968	1.0
2758	4655	1.0
4655	2758	1.0
2246	2007	1.0
2007	2246	1.0
925	4187	0.01
4187	925	0.01
1459	2026	1.0
2026	1459	1.0
2738	4192	0.01
4192	2738	0.01
5117	868	1.0
868	5117	1.0
4304	3678	1.0
3678	4304	1.0
996	4813	0.01
4813	996	0.01
1883	411	0.01
411	1883	0.01
4193	338	1.0
338	4193	1.0
2407	4304	0.01
4304	2407	0.01
4813	141	1.0
141	4813	1.0
4197	926	1.0
926	4197	1.0
141	2472	0.01
2472	141	0.01
2026	996	0.01
996	2026	0.01
5170	4252	1.0
4252	5170	1.0
2466	3608	1.0
3608	2466	1.0
2652	781	0.01
781	2652	0.01
4193	392	0.01
392	4193	0.01
1183	4304	1.0
4304	1183	1.0
926	925	1.0
925	926	1.0
1200	3678	0.01
3678	1200	0.01
4304	1672	1.0
1672	4304	1.0
5185	3023	0.01
3023	5185	0.01
3992	1832	0.01
1832	3992	0.01
3927	3023	0.01
3023	3927	0.01
4197	4503	1.0
4503	4197	1.0
781	4598	1.0
4598	781	1.0
2159	233	1.0
233	2159	1.0
4192	293	1.0
293	4192	1.0
3487	925	1.0
925	3487	1.0
2159	3541	0.01
3541	2159	0.01
1968	2466	0.01
2466	1968	0.01
233	293	1.0
293	233	1.0
1183	2010	1.0
2010	1183	1.0
3673	3105	1.0
3105	3673	1.0
141	4252	1.0
4252	141	1.0
3487	4542	1.0
4542	3487	1.0
1153	4598	1.0
4598	1153	1.0
2378	322	0.01
322	2378	0.01
2037	4689	1.0
4689	2037	1.0
1434	4368	1.0
4368	1434	1.0
958	5254	0.01
5254	958	0.01
1562	2945	1.0
2945	1562	1.0
3442	995	1.0
995	3442	1.0
1399	4970	0.01
4970	1399	0.01
3487	4197	0.01
4197	3487	0.01
5182	2579	1.0
2579	5182	1.0
233	662	1.0
662	233	1.0
3442	4689	1.0
4689	3442	1.0
1434	233	1.0
233	1434	1.0
4187	264	0.01
264	4187	0.01
2466	3628	1.0
3628	2466	1.0
508	4211	0.01
4211	508	0.01
2219	4187	0.01
4187	2219	0.01
4598	3105	1.0
3105	4598	1.0
3040	2418	0.01
2418	3040	0.01
2306	4689	1.0
4689	2306	1.0
3628	4304	1.0
4304	3628	1.0
1211	2963	1.0
2963	1211	1.0
470	1211	1.0
1211	470	1.0
3608	2296	0.01
2296	3608	0.01
926	1956	1.0
1956	926	1.0
1929	3673	1.0
3673	1929	1.0
763	2491	0.01
2491	763	0.01
1832	4304	1.0
4304	1832	1.0
2758	3511	1.0
3511	2758	1.0
2037	4813	0.01
4813	2037	0.01
2246	1672	1.0
1672	2246	1.0
216	4202	1.0
4202	216	1.0
5182	995	1.0
995	5182	1.0
5027	4813	0.01
4813	5027	0.01
2759	4192	1.0
4192	2759	1.0
925	508	0.01
508	925	0.01
3436	2159	1.0
2159	3436	1.0
3876	57	0.01
57	3876	0.01
1929	3511	1.0
3511	1929	1.0
3442	1828	0.01
1828	3442	0.01
4197	2306	1.0
2306	4197	1.0
4252	1968	0.01
1968	4252	0.01
3897	1968	0.01
1968	3897	0.01
948	4368	1.0
4368	948	1.0
322	616	0.01
616	322	0.01
2758	3467	1.0
3467	2758	1.0
4996	264	0.01
264	4996	0.01
4970	3652	0.01
3652	4970	0.01
948	2362	0.01
2362	948	0.01
216	4304	1.0
4304	216	1.0
4097	3171	0.01
3171	4097	0.01
3673	5182	1.0
5182	3673	1.0
2466	3206	1.0
3206	2466	1.0
4097	411	0.01
411	4097	0.01
4789	1968	1.0
1968	4789	1.0
2945	3171	0.01
3171	2945	0.01
1434	5022	0.01
5022	1434	0.01
2159	3014	0.01
3014	2159	0.01
1342	2362	0.01
2362	1342	0.01
4927	264	0.01
264	4927	0.01
5170	995	1.0
995	5170	1.0
3171	1211	1.0
1211	3171	1.0
3171	4197	1.0
4197	3171	1.0
4503	971	0.01
971	4503	0.01
5170	4789	1.0
4789	5170	1.0
1562	4813	0.01
4813	1562	0.01
216	1832	1.0
1832	216	1.0
462	4598	1.0
4598	462	1.0
3486	5182	1.0
5182	3486	1.0
3014	2491	0.01
2491	3014	0.01
3628	3461	0.01
3461	3628	0.01
2462	322	0.01
322	2462	0.01
2466	141	1.0
141	2466	1.0
57	2362	0.01
2362	57	0.01
141	2491	1.0
2491	141	1.0
4598	2476	1.0
2476	4598	1.0
1929	4252	1.0
4252	1929	1.0
763	2037	0.01
2037	763	0.01
4252	4672	1.0
4672	4252	1.0
3692	3511	0.01
3511	3692	0.01
1672	2491	0.01
2491	1672	0.01
4252	763	0.01
763	4252	0.01
2963	3736	0.01
3736	2963	0.01
1929	4935	1.0
4935	1929	1.0
141	238	1.0
238	141	1.0
216	1517	1.0
1517	216	1.0
1459	5082	1.0
5082	1459	1.0
5185	1434	0.01
1434	5185	0.01
1929	4192	1.0
4192	1929	1.0
1856	4503	1.0
4503	1856	1.0
167	4197	0.01
4197	167	0.01
616	2963	0.01
2963	616	0.01
2758	1183	1.0
1183	2758	1.0
4192	717	0.01
717	4192	0.01
1211	2219	1.0
2219	1211	1.0
1856	4996	1.0
4996	1856	1.0
3876	4655	0.01
4655	3876	0.01
3442	4197	1.0
4197	3442	1.0
3491	2037	1.0
2037	3491	1.0
508	264	0.01
264	508	0.01
2010	958	1.0
958	2010	1.0
233	4304	1.0
4304	233	1.0
1883	4211	0.01
4211	1883	0.01
3927	1202	1.0
1202	3927	1.0
3927	5322	0.01
5322	3927	0.01
5029	5170	0.01
5170	5029	0.01
238	606	1.0
606	238	1.0
1183	995	1.0
995	1183	1.0
4197	4248	1.0
4248	4197	1.0
1722	392	0.01
392	1722	0.01
3206	2007	1.0
2007	3206	1.0
4705	2963	0.01
2963	4705	0.01
3171	958	1.0
958	3171	1.0
2159	2306	1.0
2306	2159	1.0
2058	843	0.01
843	2058	0.01
995	1672	1.0
1672	995	1.0
3678	4672	0.01
4672	3678	0.01
3088	859	0.01
859	3088	0.01
4927	3712	0.01
3712	4927	0.01
4097	3436	0.01
3436	4097	0.01
3692	2159	0.01
2159	3692	0.01
3442	4655	0.01
4655	3442	0.01
2418	662	0.01
662	2418	0.01
3628	4187	0.01
4187	3628	0.01
3088	1968	1.0
1968	3088	1.0
5182	4755	0.01
4755	5182	0.01
4996	3712	0.01
3712	4996	0.01
3436	2102	0.01
2102	3436	0.01
1929	3692	1.0
3692	1929	1.0
160	4252	1.0
4252	160	1.0
958	3608	0.01
3608	958	0.01
3626	2375	0.01
2375	3626	0.01
3487	3491	1.0
3491	3487	1.0
15	2579	0.01
2579	15	0.01
3171	4672	0.01
4672	3171	0.01
4789	2058	0.01
2058	4789	0.01
1956	2037	1.0
2037	1956	1.0
1434	925	1.0
925	1434	1.0
2476	2058	0.01
2058	2476	0.01
606	2945	0.01
2945	606	0.01
2306	338	1.0
338	2306	1.0
5254	2219	0.01
2219	5254	0.01
411	2378	0.01
2378	411	0.01
1929	4970	1.0
4970	1929	1.0
2026	2963	0.01
2963	2026	0.01
233	4368	1.0
4368	233	1.0
4192	958	1.0
958	4192	1.0
5322	293	0.01
293	5322	0.01
616	5082	0.01
5082	616	0.01
3673	4598	0.01
4598	3673	0.01
4248	5082	1.0
5082	4248	1.0
3105	2362	1.0
2362	3105	1.0
392	5322	0.01
5322	392	0.01
2759	3436	1.0
3436	2759	1.0
4192	1459	0.01
1459	4192	0.01
5170	3876	1.0
3876	5170	1.0
3511	1183	0.01
1183	3511	0.01
4368	3652	0.01
3652	4368	0.01
3487	3897	1.0
3897	3487	1.0
411	3541	0.01
3541	411	0.01
5170	4368	1.0
4368	5170	1.0
3442	57	0.01
57	3442	0.01
2759	1517	1.0
1517	2759	1.0
2759	763	0.01
763	2759	0.01
3626	238	0.01
238	3626	0.01
167	3461	0.01
3461	167	0.01
1781	4598	0.01
4598	1781	0.01
4252	2058	0.01
2058	4252	0.01
322	3442	0.01
3442	322	0.01
616	4172	1.0
4172	616	1.0
5322	1956	0.01
1956	5322	0.01
4192	3897	1.0
3897	4192	1.0
4368	3608	0.01
3608	4368	0.01
4192	2306	1.0
2306	4192	1.0
57	2246	1.0
2246	57	1.0
2758	4206	1.0
4206	2758	1.0
470	4935	1.0
4935	470	1.0
141	338	0.01
338	141	0.01
2579	2963	0.01
2963	2579	0.01
4197	3436	0.01
3436	4197	0.01
2759	4256	0.01
4256	2759	0.01
1956	4304	1.0
4304	1956	1.0
238	996	1.0
996	238	1.0
322	4655	0.01
4655	322	0.01
1211	948	1.0
948	1211	1.0
4211	3608	0.01
3608	4211	0.01
926	996	1.0
996	926	1.0
2036	2466	0.01
2466	2036	0.01
3897	4304	1.0
4304	3897	1.0
2963	4789	0.01
4789	2963	0.01
216	4700	0.01
4700	216	0.01
1956	4996	1.0
4996	1956	1.0
1753	2466	0.01
2466	1753	0.01
4813	3487	0.01
3487	4813	0.01
1722	717	0.01
717	1722	0.01
3088	5254	0.01
5254	3088	0.01
3712	996	0.01
996	3712	0.01
3486	1832	1.0
1832	3486	1.0
4672	2652	0.01
2652	4672	0.01
5117	2159	1.0
2159	5117	1.0
2418	2963	0.01
2963	2418	0.01
2010	4097	0.01
4097	2010	0.01
3436	4206	1.0
4206	3436	1.0
1929	3486	0.01
3486	1929	0.01
264	3014	0.01
3014	264	0.01
2159	2579	1.0
2579	2159	1.0
3647	57	1.0
57	3647	1.0
1672	3678	1.0
3678	1672	1.0
2010	37	0.01
37	2010	0.01
926	4598	1.0
4598	926	1.0
3487	1832	1.0
1832	3487	1.0
1781	141	1.0
141	1781	1.0
4211	4097	0.01
4097	4211	0.01
4187	3652	0.01
3652	4187	0.01
3436	160	1.0
160	3436	1.0
3436	2219	1.0
2219	3436	1.0
141	4996	1.0
4996	141	1.0
2476	1684	0.01
1684	2476	0.01
3511	3678	1.0
3678	3511	1.0
5036	5029	0.01
5029	5036	0.01
2476	4935	0.01
4935	2476	0.01
3088	1956	0.01
1956	3088	0.01
2945	4689	0.01
4689	2945	0.01
1929	4672	1.0
4672	1929	1.0
1956	1182	0.01
1182	1956	0.01
3626	2159	0.01
2159	3626	0.01
1183	1956	1.0
1956	1183	1.0
1856	4248	1.0
4248	1856	1.0
4689	1968	0.01
1968	4689	0.01
4256	1753	0.01
1753	4256	0.01
1182	2579	0.01
2579	1182	0.01
4304	4368	1.0
4368	4304	1.0
1434	3171	0.01
3171	1434	0.01
392	2093	0.01
2093	392	0.01
4252	926	0.01
926	4252	0.01
3044	3608	0.01
3608	3044	0.01
4789	1183	0.01
1183	4789	0.01
926	4248	1.0
4248	926	1.0
4187	4368	1.0
4368	4187	1.0
3626	2476	0.01
2476	3626	0.01
1883	4172	1.0
4172	1883	1.0
1929	925	1.0
925	1929	1.0
781	2897	0.01
2897	781	0.01
2759	1832	1.0
1832	2759	1.0
4193	3281	0.01
3281	4193	0.01
4192	3040	1.0
3040	4192	1.0
4193	3206	0.01
3206	4193	0.01
2159	958	1.0
958	2159	1.0
4813	1183	1.0
1183	4813	1.0
3673	995	1.0
995	3673	1.0
2897	470	0.01
470	2897	0.01
1968	3171	0.01
3171	1968	0.01
2026	1562	0.01
1562	2026	0.01
160	1956	1.0
1956	160	1.0
411	4256	0.01
4256	411	0.01
1684	4368	0.01
4368	1684	0.01
3841	3678	0.01
3678	3841	0.01
1753	3897	0.01
3897	1753	0.01
238	5027	0.01
5027	238	0.01
1828	5036	0.01
5036	1828	0.01
1753	2102	0.01
2102	1753	0.01
1517	5082	1.0
5082	1517	1.0
1684	4598	1.0
4598	1684	1.0
1211	995	1.0
995	1211	1.0
2362	2945	0.01
2945	2362	0.01
1434	3927	1.0
3927	1434	1.0
572	4542	1.0
4542	572	1.0
3673	4197	1.0
4197	3673	1.0
3486	925	1.0
925	3486	1.0
2246	5170	0.01
5170	2246	0.01
2758	971	0.01
971	2758	0.01
2362	859	0.01
859	2362	0.01
3927	3992	0.01
3992	3927	0.01
3723	1722	0.01
1722	3723	0.01
3487	3486	1.0
3486	3487	1.0
4252	5082	1.0
5082	4252	1.0
3486	948	1.0
948	3486	1.0
1672	2159	0.01
2159	1672	0.01
3673	572	1.0
572	3673	1.0
2007	4097	0.01
4097	2007	0.01
4598	2362	1.0
2362	4598	1.0
5027	462	0.01
462	5027	0.01
4252	1956	1.0
1956	4252	1.0
1342	2159	0.01
2159	1342	0.01
2246	995	1.0
995	2246	1.0
3673	925	1.0
925	3673	1.0
2758	1883	1.0
1883	2758	1.0
3040	4755	0.01
4755	3040	0.01
781	2306	1.0
2306	781	1.0
1200	167	0.01
167	1200	0.01
606	1517	0.01
1517	606	0.01
2407	57	0.01
57	2407	0.01
5254	4598	1.0
4598	5254	1.0
5254	2897	0.01
2897	5254	0.01
1562	4598	1.0
4598	1562	1.0
2362	5036	0.01
5036	2362	0.01
3541	3206	0.01
3206	3541	0.01
2579	508	0.01
508	2579	0.01
2246	3897	0.01
3897	2246	0.01
2306	2963	1.0
2963	2306	1.0
3442	4368	1.0
4368	3442	1.0
4705	958	0.01
958	4705	0.01
1202	2159	0.01
2159	1202	0.01
3171	948	1.0
948	3171	1.0
781	414	0.01
414	781	0.01
1183	5182	1.0
5182	1183	1.0
843	1183	1.0
1183	843	1.0
238	5185	0.01
5185	238	0.01
2758	141	1.0
141	2758	1.0
2093	2418	0.01
2418	2093	0.01
2945	3927	0.01
3927	2945	0.01
141	508	1.0
508	141	1.0
1968	995	1.0
995	1968	1.0
3486	616	0.01
616	3486	0.01
2159	4256	1.0
4256	2159	1.0
1956	859	0.01
859	1956	0.01
3511	1832	1.0
1832	3511	1.0
141	5185	1.0
5185	141	1.0
2945	338	1.0
338	2945	1.0
3442	293	1.0
293	3442	1.0
4542	3491	0.01
3491	4542	0.01
5117	5170	0.01
5170	5117	0.01
3487	5182	1.0
5182	3487	1.0
3486	2579	1.0
2579	3486	1.0
2037	996	0.01
996	2037	0.01
4192	3647	0.01
3647	4192	0.01
4206	1672	0.01
1672	4206	0.01
1672	2037	1.0
2037	1672	1.0
3491	5322	0.01
5322	3491	0.01
2652	167	0.01
167	2652	0.01
1434	2159	1.0
2159	1434	1.0
5170	2058	1.0
2058	5170	1.0
606	1434	0.01
1434	606	0.01
4789	4503	0.01
4503	4789	0.01
2897	2945	1.0
2945	2897	1.0
57	2007	1.0
2007	57	1.0
3511	1517	1.0
1517	3511	1.0
4503	3426	0.01
3426	4503	0.01
4927	4368	1.0
4368	4927	1.0
3088	2010	0.01
2010	3088	0.01
4598	4172	1.0
4172	4598	1.0
3436	5117	1.0
5117	3436	1.0
763	662	1.0
662	763	1.0
1929	2362	0.01
2362	1929	0.01
2007	662	1.0
662	2007	1.0
1459	4304	1.0
4304	1459	1.0
4970	2945	1.0
2945	4970	1.0
4192	995	1.0
995	4192	1.0
141	3040	1.0
3040	141	1.0
2219	4368	1.0
4368	2219	1.0
4193	293	0.01
293	4193	0.01
2652	3628	1.0
3628	2652	1.0
4789	5254	0.01
5254	4789	0.01
1929	1517	1.0
1517	1929	1.0
3442	1211	1.0
1211	3442	1.0
2758	1856	1.0
1856	2758	1.0
2159	2246	1.0
2246	2159	1.0
5254	1672	0.01
1672	5254	0.01
3044	366	0.01
366	3044	0.01
2219	958	1.0
958	2219	1.0
1342	3088	0.01
3088	1342	0.01
4197	4789	1.0
4789	4197	1.0
3608	996	1.0
996	3608	1.0
1202	2738	0.01
2738	1202	0.01
1182	868	1.0
868	1182	1.0
3436	470	1.0
470	3436	1.0
4197	1562	1.0
1562	4197	1.0
