5027	470
470	5027
1203	1602
1602	1203
1236	537
537	1236
470	2675
2675	470
2640	2767
2767	2640
800	2658
2658	800
1705	4621
4621	1705
804	3926
3926	804
1765	3608
3608	1765
3204	1315
1315	3204
958	5172
5172	958
3608	4629
4629	3608
1109	5036
5036	1109
502	1898
1898	502
2767	3426
3426	2767
1236	122
122	1236
1975	2857
2857	1975
435	4948
4948	435
4948	2233
2233	4948
3093	2658
2658	3093
3836	57
57	3836
5027	2756
2756	5027
2116	4255
4255	2116
1211	47
47	1211
1211	2570
2570	1211
3244	2582
2582	3244
122	900
900	122
4206	5249
5249	4206
3926	4284
4284	3926
2669	1211
1211	2669
4194	4246
4246	4194
1285	3678
3678	1285
2229	2658
2658	2229
3274	941
941	3274
435	3950
3950	435
2233	920
920	2233
2446	3627
3627	2446
525	4397
4397	525
3346	2669
2669	3346
1473	525
525	1473
470	5203
5203	470
1789	552
552	1789
5036	525
525	5036
5036	122
122	5036
1789	2233
2233	1789
1473	552
552	1473
3980	5172
5172	3980
1975	958
958	1975
435	941
941	435
900	1327
1327	900
448	525
525	448
3627	3573
3573	3627
5027	1211
1211	5027
3274	4345
4345	3274
448	4194
4194	448
57	3627
3627	57
461	4246
4246	461
38	2054
2054	38
4630	1194
1194	4630
1211	2912
2912	1211
3980	1305
1305	3980
1203	4739
4739	1203
4276	3736
3736	4276
525	2870
2870	525
498	941
941	498
5030	3874
3874	5030
3931	2582
2582	3931
470	1315
1315	470
4606	60
60	4606
45	773
773	45
804	5265
5265	804
1958	1898
1898	1958
3067	1705
1705	3067
1109	1423
1423	1109
1765	4552
4552	1765
4630	4948
4948	4630
5036	1599
1599	5036
4630	1203
1203	4630
1965	677
677	1965
5249	5027
5027	5249
1847	4007
4007	1847
2796	2272
2272	2796
4606	4377
4377	4606
5102	55
55	5102
3244	4007
4007	3244
4856	1599
1599	4856
5036	2661
2661	5036
435	3627
3627	435
2857	3782
3782	2857
4979	3765
3765	4979
2767	3624
3624	2767
435	2658
2658	435
2007	1599
1599	2007
3931	3779
3779	3931
461	4255
4255	461
4107	862
862	4107
3436	2229
2229	3436
815	1473
1473	815
1227	5091
5091	1227
5258	1048
1048	5258
532	3244
3244	532
3505	901
901	3505
38	3980
3980	38
2007	5290
5290	2007
2796	901
901	2796
5027	1473
1473	5027
4591	1599
1599	4591
448	4224
4224	448
1211	2319
2319	1211
4814	4958
4958	4814
2337	4643
4643	2337
3479	2825
2825	3479
1194	3888
3888	1194
4630	3950
3950	4630
502	4276
4276	502
448	4107
4107	448
2459	4979
4979	2459
2822	1958
1958	2822
2459	815
815	2459
3093	1705
1705	3093
3274	3479
3479	3274
941	4606
4606	941
2100	4948
4948	2100
3505	3144
3144	3505
1965	3931
3931	1965
5036	4940
4940	5036
3950	2669
2669	3950
3828	3093
3093	3828
4206	2661
2661	4206
2857	974
974	2857
3274	5258
5258	3274
1965	1572
1572	1965
5203	1789
1789	5203
2446	1789
1789	2446
3897	461
461	3897
349	3558
3558	349
3627	1423
1423	3627
38	3959
3959	38
38	371
371	38
2442	5091
5091	2442
4606	2658
2658	4606
113	5081
5081	113
3888	3931
3931	3888
349	448
448	349
552	1722
1722	552
2658	1109
1109	2658
2675	5172
5172	2675
4552	1283
1283	4552
804	4940
4940	804
3331	2420
2420	3331
1722	1327
1327	1722
3897	4643
4643	3897
4328	502
502	4328
2912	3274
3274	2912
1473	1315
1315	1473
1526	4856
4856	1526
2857	1285
1285	2857
1572	1958
1958	1572
4643	800
800	4643
2857	1283
1283	2857
55	4557
4557	55
5036	2007
2007	5036
4279	4591
4591	4279
4630	2658
2658	4630
4206	3897
3897	4206
3346	5091
5091	3346
1211	2661
2661	1211
2446	3371
3371	2446
5249	5258
5258	5249
435	4206
4206	435
122	4591
4591	122
3624	47
47	3624
3268	2661
2661	3268
1327	2233
2233	1327
3558	901
901	3558
3436	4194
4194	3436
4948	3346
3346	4948
2857	4246
4246	2857
470	2582
2582	470
2286	773
773	2286
382	1847
1847	382
470	2661
2661	470
3346	1386
1386	3346
901	2582
2582	901
349	3479
3479	349
2007	45
45	2007
3346	4194
4194	3346
525	5265
5265	525
5081	1327
1327	5081
3926	5249
5249	3926
2229	3828
3828	2229
502	4630
4630	502
731	4246
4246	731
4345	1975
1975	4345
2459	958
958	2459
4630	2229
2229	4630
4621	677
677	4621
1480	3627
3627	1480
5030	2100
2100	5030
2796	5172
5172	2796
1937	1526
1526	1937
1765	2272
2272	1765
3438	1473
1473	3438
122	2570
2570	122
2229	3950
3950	2229
4739	2570
2570	4739
4552	5265
5265	4552
349	537
537	349
5203	2286
2286	5203
1473	2640
2640	1473
4007	3573
3573	4007
1315	4606
4606	1315
4979	3950
3950	4979
2539	2298
2298	2539
1480	2054
2054	1480
1211	5290
5290	1211
1572	3888
3888	1572
815	3690
3690	815
2442	55
55	2442
525	2510
2510	525
3678	2272
2272	3678
2446	2582
2582	2446
3436	901
901	3436
1599	2637
2637	1599
1473	5265
5265	1473
470	5249
5249	470
2229	925
925	2229
5249	2286
2286	5249
4194	4958
4958	4194
3897	4621
4621	3897
2446	122
122	2446
5265	3624
3624	5265
5027	2857
2857	5027
2007	2510
2510	2007
941	3268
3268	941
1975	2356
2356	1975
2007	57
57	2007
3436	2857
2857	3436
3093	3274
3274	3093
3093	5036
5036	3093
3828	1958
1958	3828
4206	4629
4629	4206
3959	461
461	3959
2796	925
925	2796
1975	3627
3627	1975
2007	2570
2570	2007
3144	4979
4979	3144
1048	3690
3690	1048
4630	3274
3274	4630
3950	1705
1705	3950
470	502
502	470
3144	1599
1599	3144
2054	2658
2658	2054
4194	3779
3779	4194
5249	925
925	5249
435	1315
1315	435
2912	1236
1236	2912
5172	974
974	5172
2054	3331
3331	2054
1705	3828
3828	1705
3779	4643
4643	3779
804	1975
1975	804
2100	3426
3426	2100
349	773
773	349
1958	4276
4276	1958
502	2675
2675	502
773	4279
4279	773
122	1965
1965	122
38	5027
5027	38
3479	2272
2272	3479
3346	4255
4255	3346
2007	1048
1048	2007
1283	4629
4629	1283
804	925
925	804
2054	4007
4007	2054
1396	3608
3608	1396
4194	3627
3627	4194
122	4397
4397	122
1203	4606
4606	1203
3897	1109
1109	3897
1236	1789
1789	1236
2637	2442
2442	2637
1473	1847
1847	1473
1722	1937
1937	1722
5265	5102
5102	5265
435	1227
1227	435
435	1958
1958	435
2054	1236
1236	2054
2446	2459
2459	2446
1847	1937
1937	1847
2459	3573
3573	2459
461	1211
1211	461
3346	677
677	3346
941	1602
1602	941
3897	4245
4245	3897
804	122
122	804
525	3690
3690	525
435	4552
4552	435
3346	4606
4606	3346
349	122
122	349
2446	3505
3505	2446
4958	4007
4007	4958
2286	2446
2446	2286
5265	925
925	5265
525	2582
2582	525
371	4948
4948	371
4107	1048
1048	4107
2857	4345
4345	2857
4958	5036
5036	4958
2912	941
941	2912
5036	4591
4591	5036
1473	958
958	1473
3779	4621
4621	3779
2116	1898
1898	2116
941	2658
2658	941
3888	2870
2870	3888
958	4814
4814	958
3897	502
502	3897
1041	815
815	1041
4591	1579
1579	4591
2116	941
941	2116
38	815
815	38
113	4284
4284	113
1473	4958
4958	1473
122	5249
5249	122
470	1211
1211	470
1203	4345
4345	1203
2825	1942
1942	2825
1227	5203
5203	1227
3874	731
731	3874
3438	1602
1602	3438
2675	4621
4621	2675
3950	1690
1690	3950
4206	4552
4552	4206
5036	2756
2756	5036
900	5265
5265	900
2658	1526
1526	2658
3828	3371
3371	3828
3946	2272
2272	3946
2796	4246
4246	2796
4007	941
941	4007
3926	4591
4591	3926
3204	3190
3190	3204
2054	4549
4549	2054
1305	1423
1423	1305
941	537
537	941
3779	3782
3782	3779
552	1048
1048	552
2007	435
435	2007
2229	4621
4621	2229
4549	1283
1283	4549
122	2756
2756	122
2100	4549
4549	2100
4107	122
122	4107
2822	3438
3438	2822
1396	1203
1203	1396
2007	2319
2319	2007
1942	4940
4940	1942
4221	3371
3371	4221
3204	2658
2658	3204
4630	2582
2582	4630
815	4206
4206	815
4591	2298
2298	4591
2007	815
815	2007
1227	2822
2822	1227
1327	2272
2272	1327
2857	2669
2669	2857
2356	3093
3093	2356
461	4621
4621	461
3959	3678
3678	3959
1048	2661
2661	1048
1211	4221
4221	1211
1705	3779
3779	1705
3505	4948
4948	3505
1705	901
901	1705
122	4739
4739	122
3782	1227
1227	3782
3268	2319
2319	3268
4179	5102
5102	4179
1396	3950
3950	1396
3190	1579
1579	3190
1048	3755
3755	1048
5203	3244
3244	5203
1526	4643
4643	1526
901	2658
2658	901
1203	60
60	1203
2054	925
925	2054
4549	804
804	4549
3828	5030
5030	3828
4377	532
532	4377
4245	2582
2582	4245
2675	4221
4221	2675
3268	3690
3690	3268
3144	2233
2233	3144
3436	525
525	3436
2582	502
502	2582
2420	1975
1975	2420
2420	4007
4007	2420
113	3371
3371	113
3436	4206
4206	3436
815	2912
2912	815
1975	4206
4206	1975
804	4284
4284	804
3782	4814
4814	3782
900	4246
4246	900
1236	1965
1965	1236
390	4007
4007	390
4552	3573
3573	4552
4591	2233
2233	4591
5249	45
45	5249
3608	1965
1965	3608
2782	731
731	2782
5036	4630
4630	5036
3505	2459
2459	3505
1690	4255
4255	1690
470	3573
3573	470
3931	5081
5081	3931
2510	2658
2658	2510
3573	4739
4739	3573
974	3782
3782	974
525	3573
3573	525
3505	941
941	3505
2420	4979
4979	2420
122	800
800	122
2756	1236
1236	2756
4621	2669
2669	4621
1236	901
901	1236
1327	3624
3624	1327
5036	4255
4255	5036
958	4007
4007	958
3959	2669
2669	3959
4591	2446
2446	4591
4591	677
677	4591
502	2782
2782	502
122	4979
4979	122
4276	925
925	4276
4549	2675
2675	4549
1579	2638
2638	1579
4591	1305
1305	4591
974	3268
3268	974
1041	1958
1958	1041
3436	2912
2912	3436
2782	3779
3779	2782
2420	974
974	2420
349	4007
4007	349
3888	4276
4276	3888
3959	2825
2825	3959
4621	4179
4179	4621
4630	3505
3505	4630
3897	4007
4007	3897
1898	2356
2356	1898
1975	4377
4377	1975
2446	390
390	2446
4276	5265
5265	4276
1847	4194
4194	1847
1236	958
958	1236
4557	2233
2233	4557
435	525
525	435
5027	3346
3346	5027
2570	2510
2510	2570
470	4948
4948	470
3204	3931
3931	3204
4276	2286
2286	4276
4621	3505
3505	4621
5265	1315
1315	5265
2054	3980
3980	2054
4206	2825
2825	4206
5258	3268
3268	5258
4328	38
38	4328
498	4979
4979	498
2857	2229
2229	2857
4814	1722
1722	4814
1194	4591
4591	1194
3897	4739
4739	3897
815	4940
4940	815
4948	2007
2007	4948
804	3950
3950	804
1211	3244
3244	1211
1526	3678
3678	1526
5091	920
920	5091
2675	2229
2229	2675
122	3624
3624	122
2272	4739
4739	2272
4255	2286
2286	4255
5036	1211
1211	5036
390	3573
3573	390
4739	4552
4552	4739
1965	925
925	1965
4940	941
941	4940
122	3897
3897	122
1211	2822
2822	1211
2510	920
920	2510
4591	4552
4552	4591
4107	367
367	4107
3438	815
815	3438
1473	4328
4328	1473
2675	1473
1473	2675
4549	4557
4557	4549
2822	4591
4591	2822
3505	3346
3346	3505
1194	925
925	1194
3765	1203
1203	3765
4206	1211
1211	4206
537	1572
1572	537
3505	677
677	3505
1572	3950
3950	1572
3505	862
862	3505
2007	371
371	2007
4630	3897
3897	4630
4007	3479
3479	4007
1965	5027
5027	1965
1283	4591
4591	1283
4630	3678
3678	4630
2782	4224
4224	2782
390	4958
4958	390
5258	47
47	5258
2233	2319
2319	2233
5290	3980
3980	5290
5091	2570
2570	5091
1285	2272
2272	1285
2298	1211
1211	2298
800	958
958	800
3204	2272
2272	3204
4255	4591
4591	4255
1473	3782
3782	1473
470	4552
4552	470
435	3931
3931	435
502	4345
4345	502
537	4621
4621	537
773	2459
2459	773
5027	1898
1898	5027
2675	920
920	2675
901	941
941	901
5258	2870
2870	5258
1283	3438
3438	1283
4255	5102
5102	4255
3093	5102
5102	3093
2272	4345
4345	2272
1480	4856
4856	1480
3144	5249
5249	3144
2582	2356
2356	2582
4643	4979
4979	4643
3067	1109
1109	3067
3690	4328
4328	3690
1473	4206
4206	1473
4630	941
941	4630
4630	925
925	4630
4246	925
925	4246
2229	1958
1958	2229
2007	5172
5172	2007
60	3190
3190	60
1958	4552
4552	1958
5030	5036
5036	5030
4245	4224
4224	4245
862	1599
1599	862
4591	2669
2669	4591
2233	3624
3624	2233
2459	2756
2756	2459
525	4552
4552	525
2857	3946
3946	2857
4621	941
941	4621
5203	1898
1898	5203
3779	2007
2007	3779
38	3736
3736	38
4279	3828
3828	4279
1473	1937
1937	1473
2446	941
941	2446
900	4552
4552	900
2298	4279
4279	2298
3346	2229
2229	3346
2669	1937
1937	2669
1211	3624
3624	1211
1526	532
532	1526
4940	5172
5172	4940
1473	3836
3836	1473
2233	4194
4194	2233
1473	4552
4552	1473
4279	5172
5172	4279
4279	3190
3190	4279
122	461
461	122
2054	4630
4630	2054
4549	2582
2582	4549
1847	5265
5265	1847
4643	435
435	4643
1480	4276
4276	1480
1211	3782
3782	1211
2870	4221
4221	2870
1942	4007
4007	1942
5027	815
815	5027
900	3779
3779	900
1789	4427
4427	1789
5036	3946
3946	5036
2640	552
552	2640
1965	3779
3779	1965
2459	4206
4206	2459
371	4739
4739	371
1847	1898
1898	1847
4630	4856
4856	4630
1203	5027
5027	1203
122	4328
4328	122
1194	2756
2756	1194
4246	4276
4276	4246
4629	5102
5102	4629
1211	525
525	1211
1579	4328
4328	1579
4179	3779
3779	4179
3931	677
677	3931
4194	2637
2637	4194
122	4629
4629	122
4206	5172
5172	4206
2582	2272
2272	2582
901	2459
2459	901
3931	4621
4621	3931
38	2298
2298	38
3897	2637
2637	3897
5290	3067
3067	5290
1327	4940
4940	1327
349	552
552	349
1975	2661
2661	1975
2446	1194
1194	2446
4255	1386
1386	4255
1602	773
773	1602
4427	371
371	4427
2459	3980
3980	2459
3268	3931
3931	3268
349	3946
3946	349
2912	5265
5265	2912
3836	1572
1572	3836
5027	3067
3067	5027
677	2669
2669	677
532	925
925	532
3624	5172
5172	3624
2007	4552
4552	2007
3436	1211
1211	3436
4557	4279
4279	4557
3627	1690
1690	3627
38	537
537	38
5265	958
958	5265
3346	4397
4397	3346
1473	4948
4948	1473
1283	3558
3558	1283
958	4255
4255	958
2446	4643
4643	2446
3931	2286
2286	3931
3204	3093
3093	3204
3190	4958
4958	3190
3765	2233
2233	3765
925	2658
2658	925
3950	3779
3779	3950
4255	3274
3274	4255
2233	3331
3331	2233
4255	5265
5265	4255
4194	4276
4276	4194
2054	2272
2272	2054
4630	4194
4194	4630
3346	5172
5172	3346
2857	4427
4427	2857
2661	3627
3627	2661
2007	1211
1211	2007
2100	1480
1480	2100
1236	5258
5258	1236
5027	57
57	5027
3346	5265
5265	3346
5203	5265
5265	5203
3573	2661
2661	3573
4606	525
525	4606
45	3274
3274	45
1975	3782
3782	1975
3438	3608
3608	3438
2007	122
122	2007
5030	1958
1958	5030
5030	1283
1283	5030
925	4621
4621	925
461	804
804	461
470	815
815	470
435	2298
2298	435
4397	677
677	4397
38	5172
5172	38
2669	4377
4377	2669
5030	4194
4194	5030
390	1705
1705	390
1211	4246
4246	1211
3608	3678
3678	3608
122	4179
4179	122
3836	4606
4606	3836
4621	2582
2582	4621
3244	4643
4643	3244
4221	3926
3926	4221
3959	4591
4591	3959
2582	1690
1690	2582
901	2233
2233	901
2007	3274
3274	2007
804	2229
2229	804
4194	2661
2661	4194
3782	3690
3690	3782
38	3436
3436	38
2100	731
731	2100
2796	3736
3736	2796
3436	4557
4557	3436
537	2298
2298	537
3959	2796
2796	3959
1048	4397
4397	1048
1480	2229
2229	1480
2054	4246
4246	2054
349	941
941	349
1203	3627
3627	1203
2054	2756
2756	2054
5027	4606
4606	5027
2337	4276
4276	2337
1315	5290
5290	1315
3479	552
552	3479
3897	38
38	3897
925	113
113	925
4345	4427
4427	4345
5258	2756
2756	5258
1473	1480
1480	1473
1975	815
815	1975
804	1602
1602	804
4549	5265
5265	4549
1285	1690
1690	1285
60	4557
4557	60
5036	1194
1194	5036
1194	1203
1203	1194
4856	55
55	4856
2100	5091
5091	2100
3897	4279
4279	3897
2570	1203
1203	2570
60	1937
1937	60
2675	3346
3346	2675
461	4948
4948	461
1211	1898
1898	1211
5027	3874
3874	5027
3608	2442
2442	3608
1283	3931
3931	1283
3874	38
38	3874
2233	4276
4276	2233
470	1473
1473	470
3190	3959
3959	3190
2100	448
448	2100
3828	2658
2658	3828
38	4007
4007	38
461	815
815	461
1975	4643
4643	1975
3959	4224
4224	3959
1041	461
461	1041
5036	4107
4107	5036
2272	4643
4643	2272
1473	5290
5290	1473
925	4643
4643	925
4276	4397
4397	4276
1473	3573
3573	1473
5290	2570
2570	5290
1473	5172
5172	1473
1473	1041
1041	1473
4107	2054
2054	4107
2661	4221
4221	2661
1211	4194
4194	1211
3950	3479
3479	3950
1722	4206
4206	1722
3627	4948
4948	3627
1473	2233
2233	1473
2007	1898
1898	2007
3946	4007
4007	3946
349	390
390	349
3204	925
925	3204
3558	2658
2658	3558
4007	4979
4979	4007
5036	4643
4643	5036
5290	55
55	5290
4284	3690
3690	4284
3950	3331
3331	3950
122	4557
4557	122
1572	862
862	1572
3874	941
941	3874
4377	2782
2782	4377
2675	1572
1572	2675
1937	5249
5249	1937
1847	1109
1109	1847
2912	4345
4345	2912
5036	3436
3436	5036
1473	1211
1211	1473
2233	1937
1937	2233
2007	1975
1975	2007
3888	4856
4856	3888
3505	4643
4643	3505
1386	800
800	1386
3874	1898
1898	3874
2658	2570
2570	2658
3346	4549
4549	3346
2459	382
382	2459
3204	3765
3765	3204
941	4194
4194	941
3573	2570
2570	3573
3608	1526
1526	3608
1975	1315
1315	1975
2459	3274
3274	2459
4221	3946
3946	4221
677	47
47	677
1211	4377
4377	1211
1602	4814
4814	1602
3946	4856
4856	3946
3426	2857
2857	3426
2912	4948
4948	2912
3479	941
941	3479
2822	4179
4179	2822
3436	2582
2582	3436
3782	2870
2870	3782
3624	4643
4643	3624
2822	502
502	2822
5203	2638
2638	5203
371	502
502	371
3874	2582
2582	3874
448	5290
5290	448
1041	3331
3331	1041
5027	3505
3505	5027
2767	3888
3888	2767
4552	2661
2661	4552
804	4276
4276	804
1473	4856
4856	1473
804	5172
5172	804
5091	5203
5203	5091
1898	498
498	1898
958	900
900	958
1765	3950
3950	1765
4246	448
448	4246
2675	2356
2356	2675
2640	4979
4979	2640
1305	1350
1350	1305
532	1283
1283	532
5172	502
502	5172
2912	2637
2637	2912
1942	5265
5265	1942
122	448
448	122
5036	3678
3678	5036
1602	525
525	1602
3274	677
677	3274
2582	4206
4206	2582
2007	2637
2637	2007
920	2638
2638	920
435	461
461	435
5290	4345
4345	5290
4194	925
925	4194
498	2582
2582	498
4221	2669
2669	4221
502	5265
5265	502
2007	1473
1473	2007
3268	2446
2446	3268
122	1203
1203	122
773	1473
1473	773
3678	1236
1236	3678
4194	677
677	4194
3897	2420
2420	3897
1350	1211
1211	1350
122	3779
3779	122
113	349
349	113
2116	2337
2337	2116
38	773
773	38
2054	2298
2298	2054
2912	4007
4007	2912
2229	5265
5265	2229
1211	941
941	1211
2007	3624
3624	2007
4606	4958
4958	4606
4948	5030
5030	4948
1789	2356
2356	1789
2298	3573
3573	2298
1975	470
470	1975
4328	2723
2723	4328
525	3897
3897	525
1975	3836
3836	1975
815	1211
1211	815
2782	4549
4549	2782
1203	4245
4245	1203
2669	2442
2442	2669
4255	1898
1898	4255
1898	3678
3678	1898
525	3624
3624	525
2669	3736
3736	2669
3436	3190
3190	3436
815	4194
4194	815
2582	974
974	2582
4255	4276
4276	4255
5249	3755
3755	5249
470	3782
3782	470
4328	552
552	4328
2442	3828
3828	2442
5027	1423
1423	5027
3874	5081
5081	3874
3779	4591
4591	3779
525	2723
2723	525
1211	4621
4621	1211
5102	537
537	5102
122	4630
4630	122
2796	537
537	2796
2007	4206
4206	2007
2272	2298
2298	2272
3946	1847
1847	3946
3204	4007
4007	3204
4245	941
941	4245
5027	5265
5265	5027
3479	3204
3204	3479
2912	3624
3624	2912
1473	4194
4194	1473
941	2272
2272	941
1975	1194
1194	1975
1048	4194
4194	1048
2446	2356
2356	2446
2675	2570
2570	2675
4630	1579
1579	4630
3244	3371
3371	3244
3779	2229
2229	3779
3950	4856
4856	3950
1473	2272
2272	1473
537	4591
4591	537
1965	3782
3782	1965
2796	3505
3505	2796
5036	2767
2767	5036
2054	1942
1942	2054
2582	2337
2337	2582
5036	371
371	5036
1705	2286
2286	1705
4630	677
677	4630
4630	3946
3946	4630
2319	900
900	2319
3779	5027
5027	3779
1942	1526
1526	1942
349	2100
2100	349
804	773
773	804
2459	3897
3897	2459
4621	3244
3244	4621
1473	1705
1705	1473
2100	3573
3573	2100
5265	677
677	5265
2857	941
941	2857
4814	4621
4621	4814
4276	2912
2912	4276
3980	3736
3736	3980
3426	941
941	3426
4206	3346
3346	4206
3573	3959
3959	3573
4591	3268
3268	4591
390	2116
2116	390
1211	2286
2286	1211
1975	5203
5203	1975
1236	2637
2637	1236
2510	2272
2272	2510
1473	2661
2661	1473
3874	3274
3274	3874
2420	3931
3931	2420
3244	2233
2233	3244
3897	3779
3779	3897
862	3624
3624	862
45	4397
4397	45
1473	2582
2582	1473
525	958
958	525
2229	941
941	2229
5102	4557
4557	5102
958	1898
1898	958
1937	958
958	1937
4621	3782
3782	4621
2229	4224
4224	2229
4284	3765
3765	4284
3093	2675
2675	3093
4940	1048
1048	4940
2825	1572
1572	2825
3608	4279
4279	3608
3836	4427
4427	3836
2822	60
60	2822
2054	4958
4958	2054
2510	958
958	2510
57	1572
1572	57
2510	2582
2582	2510
5027	2007
2007	5027
5027	3436
3436	5027
3888	5258
5258	3888
4814	2233
2233	4814
4630	4940
4940	4630
2054	3779
3779	2054
5036	920
920	5036
1526	941
941	1526
532	1305
1305	532
2796	390
390	2796
5030	3926
3926	5030
3779	3479
3479	3779
5030	2756
2756	5030
2233	4621
4621	2233
3897	3268
3268	3897
2100	4591
4591	2100
4276	2272
2272	4276
4194	2286
2286	4194
5027	5036
5036	5027
2510	1211
1211	2510
2054	901
901	2054
1942	4739
4739	1942
901	5030
5030	901
1473	390
390	1473
4377	2286
2286	4377
2356	4591
4591	2356
2782	4591
4591	2782
1690	4284
4284	1690
1396	2912
2912	1396
3067	2272
2272	3067
5102	2640
2640	5102
804	4221
4221	804
1203	4279
4279	1203
3346	5102
5102	3346
901	2298
2298	901
3573	2356
2356	3573
5081	435
435	5081
1211	2229
2229	1211
4591	5249
5249	4591
2675	1236
1236	2675
2510	941
941	2510
1480	3624
3624	1480
4621	2661
2661	4621
4606	4557
4557	4606
2796	2638
2638	2796
804	1236
1236	804
532	2233
2233	532
60	3779
3779	60
1526	1109
1109	1526
3888	677
677	3888
38	4194
4194	38
5036	2582
2582	5036
2233	1109
1109	2233
1423	3897
3897	1423
3779	2723
2723	3779
1305	2767
2767	1305
5036	5203
5203	5036
2782	3479
3479	2782
4549	1227
1227	4549
1315	677
677	1315
1975	4739
4739	1975
2675	5265
5265	2675
3874	3926
3926	3874
498	3438
3438	498
1473	532
532	1473
2007	4427
4427	2007
1898	2637
2637	1898
5027	804
804	5027
2100	1722
1722	2100
4552	3624
3624	4552
4328	470
470	4328
5258	1599
1599	5258
5091	2116
2116	5091
3608	3274
3274	3608
2229	552
552	2229
1315	4194
4194	1315
804	2286
2286	804
941	5265
5265	941
4630	3931
3931	4630
2229	5258
5258	2229
2539	122
122	2539
5030	4427
4427	5030
349	4427
4427	349
2007	390
390	2007
5030	3244
3244	5030
1236	4739
4739	1236
1599	2233
2233	1599
5030	2007
2007	5030
800	5249
5249	800
5036	3755
3755	5036
5172	4224
4224	5172
2229	4552
4552	2229
3926	3093
3093	3926
2796	4194
4194	2796
4328	2661
2661	4328
2233	2658
2658	2233
2446	57
57	2446
1473	4643
4643	1473
3897	2298
2298	3897
3931	2669
2669	3931
3950	5265
5265	3950
2796	5265
5265	2796
5290	47
47	5290
804	3678
3678	804
1975	4948
4948	1975
5265	5290
5290	5265
3144	925
925	3144
4107	3755
3755	4107
3980	349
349	3980
941	4377
4377	941
4621	2298
2298	4621
3624	2298
2298	3624
1041	60
60	1041
122	3950
3950	122
38	4255
4255	38
2459	2912
2912	2459
5265	5172
5172	5265
4194	3782
3782	4194
113	3931
3931	113
1350	1599
1599	1350
2007	2857
2857	2007
3931	1942
1942	3931
1526	4606
4606	1526
5172	2637
2637	5172
470	4958
4958	470
1315	2356
2356	1315
773	1975
1975	773
5027	2272
2272	5027
3426	2233
2233	3426
4552	4179
4179	4552
2356	2825
2825	2356
38	1203
1203	38
5027	2100
2100	5027
1236	2298
2298	1236
2442	3190
3190	2442
1423	5249
5249	1423
3959	4194
4194	3959
1194	2319
2319	1194
1423	1937
1937	1423
113	2796
2796	113
2116	4591
4591	2116
1480	1203
1203	1480
4221	5290
5290	4221
1041	390
390	1041
4856	4179
4179	4856
4606	367
367	4606
4549	3627
3627	4549
2582	2782
2782	2582
1315	1602
1602	1315
5030	3897
3897	5030
382	448
448	382
3558	4007
4007	3558
5030	1526
1526	5030
532	3931
3931	532
3690	1602
1602	3690
3505	4739
4739	3505
2233	1350
1350	2233
2661	1789
1789	2661
2459	4958
4958	2459
45	1942
1942	45
3479	4279
4279	3479
1236	3268
3268	1236
3505	2857
2857	3505
2459	3624
3624	2459
677	2638
2638	677
4194	1942
1942	4194
1722	2756
2756	1722
3678	3093
3093	3678
3436	3573
3573	3436
4606	4276
4276	4606
3946	3204
3204	3946
498	1283
1283	498
4739	2822
2822	4739
1386	3897
3897	1386
5081	3274
3274	5081
4276	1315
1315	4276
55	1599
1599	55
2459	1473
1473	2459
4630	3093
3093	4630
3888	2233
2233	3888
2442	498
498	2442
4194	5203
5203	4194
5030	1194
1194	5030
2116	1690
1690	2116
3779	57
57	3779
773	1048
1048	773
5172	4194
4194	5172
2446	3624
3624	2446
5290	862
862	5290
5036	5102
5102	5036
2782	38
38	2782
1765	3980
3980	1765
4606	5036
5036	4606
3558	3505
3505	3558
2675	958
958	2675
4814	2870
2870	4814
2661	3736
3736	2661
2723	4557
4557	2723
3608	3331
3331	3608
773	3755
3755	773
2796	4629
4629	2796
3624	4007
4007	3624
3624	2116
2116	3624
4328	4007
4007	4328
5027	4948
4948	5027
2459	4856
4856	2459
4221	941
941	4221
1473	2539
2539	1473
958	45
45	958
1526	3190
3190	1526
4284	4739
4739	4284
470	941
941	470
2116	2582
2582	2116
448	3573
3573	448
2756	3371
3371	2756
3426	4940
4940	3426
3888	55
55	3888
2319	1599
1599	2319
2007	4328
4328	2007
113	3980
3980	113
958	5290
5290	958
2007	5203
5203	2007
3779	3624
3624	3779
2356	1203
1203	2356
3067	461
461	3067
4549	4255
4255	4549
2233	3268
3268	2233
941	1236
1236	941
122	5258
5258	122
920	1285
1285	920
3505	3624
3624	3505
498	4255
4255	498
2459	1975
1975	2459
2233	4940
4940	2233
1765	5249
5249	1765
4606	4621
4621	4606
2822	3946
3946	2822
958	3926
3926	958
4206	3980
3980	4206
5249	3371
3371	5249
804	3980
3980	804
4246	4940
4940	4246
3897	5265
5265	3897
3950	1602
1602	3950
958	1847
1847	958
5258	2640
2640	5258
47	2229
2229	47
498	901
901	498
1975	60
60	1975
4246	4958
4958	4246
461	2100
2100	461
1975	1473
1473	1975
1327	1942
1942	1327
1789	1722
1722	1789
4591	470
470	4591
2446	2796
2796	2446
1965	3479
3479	1965
3779	4224
4224	3779
537	2233
2233	537
5027	1194
1194	5027
2319	4940
4940	2319
1705	941
941	1705
1109	2637
2637	1109
4979	4549
4549	4979
3888	862
862	3888
4630	5030
5030	4630
3346	5203
5203	3346
3067	1975
1975	3067
1847	4940
4940	1847
3874	3331
3331	3874
57	122
122	57
3436	5203
5203	3436
815	1386
1386	815
1283	3874
3874	1283
5172	2658
2658	5172
3244	2669
2669	3244
1203	2337
2337	1203
38	2756
2756	38
815	1898
1898	815
1227	2233
2233	1227
4276	1942
1942	4276
4224	3371
3371	4224
2459	470
470	2459
2912	2661
2661	2912
382	1975
1975	382
552	1327
1327	552
958	4630
4630	958
4221	2582
2582	4221
5203	2272
2272	5203
2298	4194
4194	2298
2054	900
900	2054
5102	4427
4427	5102
2229	4255
4255	2229
3897	55
55	3897
2007	1526
1526	2007
3144	2637
2637	3144
3946	3438
3438	3946
2116	4557
4557	2116
4276	1898
1898	4276
2640	1705
1705	2640
4621	5290
5290	4621
1285	47
47	1285
4284	3931
3931	4284
4606	5265
5265	4606
3950	2442
2442	3950
2446	60
60	2446
4606	920
920	4606
2233	3980
3980	2233
3931	1350
1350	3931
3346	925
925	3346
4591	1480
1480	4591
537	925
925	537
4630	5290
5290	4630
5265	1898
1898	5265
4856	371
371	4856
38	2459
2459	38
2233	1898
1898	2233
3346	537
537	3346
2638	3346
3346	2638
2459	4552
4552	2459
2007	3573
3573	2007
5290	1350
1350	5290
3479	1480
1480	3479
1690	3346
3346	1690
2116	5265
5265	2116
5027	5102
5102	5027
461	3624
3624	461
2857	2233
2233	2857
3346	122
122	3346
773	5265
5265	773
2272	1315
1315	2272
1386	4979
4979	1386
2661	3678
3678	2661
4427	2356
2356	4427
2459	1211
1211	2459
4279	1898
1898	4279
4552	941
941	4552
122	3558
3558	122
2661	1283
1283	2661
941	2356
2356	941
3436	3836
3836	3436
1958	4007
4007	1958
1526	4427
4427	1526
4630	4246
4246	4630
461	1194
1194	461
1473	4221
4221	1473
2912	470
470	2912
4549	2272
2272	4549
3067	2337
2337	3067
1789	4979
4979	1789
55	1109
1109	55
382	4621
4621	382
3438	2658
2658	3438
2337	1480
1480	2337
1236	3144
3144	1236
5030	4629
4629	5030
5258	958
958	5258
2229	1526
1526	2229
525	941
941	525
3736	461
461	3736
3438	4397
4397	3438
3505	2638
2638	3505
2286	2298
2298	2286
2100	1283
1283	2100
1203	5081
5081	1203
3204	1227
1227	3204
901	4255
4255	901
4377	38
38	4377
390	1283
1283	390
4630	2637
2637	4630
1396	3959
3959	1396
1473	4007
4007	1473
1194	1958
1958	1194
2582	4643
4643	2582
122	2637
2637	122
1572	1327
1327	1572
435	4224
4224	435
815	3573
3573	815
122	2459
2459	122
1285	1350
1350	1285
4630	4255
4255	4630
800	57
57	800
3346	1942
1942	3346
1211	2857
2857	1211
3950	4606
4606	3950
1041	1690
1690	1041
3627	1942
1942	3627
4221	1305
1305	4221
57	2723
2723	57
3268	3558
3558	3268
57	4552
4552	57
925	4007
4007	925
804	47
47	804
1109	2298
2298	1109
1473	3627
3627	1473
4221	4246
4246	4221
2870	800
800	2870
3505	2912
2912	3505
1958	3573
3573	1958
3093	804
804	3093
1705	2582
2582	1705
2870	4591
4591	2870
1705	3897
3897	1705
2857	3573
3573	2857
2054	4591
4591	2054
941	1965
1965	941
1473	5203
5203	1473
390	5172
5172	390
3931	4397
4397	3931
38	3244
3244	38
3558	4643
4643	3558
677	2100
2100	677
2661	537
537	2661
5203	4940
4940	5203
5027	4427
4427	5027
122	1526
1526	122
2116	4246
4246	2116
3268	4179
4179	3268
4630	1958
1958	4630
1211	1315
1315	1211
1473	862
862	1473
2658	1473
1473	2658
3426	2870
2870	3426
1236	3980
3980	1236
4856	470
470	4856
4245	349
349	4245
3690	2459
2459	3690
3573	3678
3678	3573
3244	371
371	3244
4606	2582
2582	4606
2796	3678
3678	2796
3505	2233
2233	3505
4397	3627
3627	4397
2637	2825
2825	2637
2007	2912
2912	2007
3346	3950
3950	3346
1473	498
498	1473
2767	2229
2229	2767
5203	1315
1315	5203
3346	3274
3274	3346
2638	1109
1109	2638
3204	3274
3274	3204
4629	2298
2298	4629
5091	45
45	5091
804	900
900	804
1473	3608
3608	1473
4814	45
45	4814
3558	2796
2796	3558
1473	3479
3479	1473
2675	1327
1327	2675
3438	3959
3959	3438
3426	4224
4224	3426
2420	1690
1690	2420
502	552
552	502
3426	3244
3244	3426
5036	1789
1789	5036
2857	3274
3274	2857
3436	3690
3690	3436
5203	4621
4621	5203
1285	3426
3426	1285
3931	1975
1975	3931
1473	2356
2356	1473
1602	1285
1285	1602
4245	4643
4643	4245
1526	3782
3782	1526
4552	2582
2582	4552
4328	1305
1305	4328
2298	4345
4345	2298
800	3268
3268	800
2286	1898
1898	2286
1572	5102
5102	1572
1599	1579
1579	1599
2782	3897
3897	2782
2100	1236
1236	2100
5027	3627
3627	5027
2007	4739
4739	2007
5030	2822
2822	5030
4179	349
349	4179
3627	2298
2298	3627
1526	2272
2272	1526
3755	3268
3268	3755
4246	5027
5027	4246
941	862
862	941
1211	2756
2756	1211
448	461
461	448
4221	4739
4739	4221
5036	2857
2857	5036
2539	1965
1965	2539
3505	2582
2582	3505
122	3931
3931	122
4221	3268
3268	4221
3627	4179
4179	3627
3346	3931
3931	3346
920	60
60	920
1765	4948
4948	1765
2272	2658
2658	2272
2912	925
925	2912
1473	3828
3828	1473
5203	901
901	5203
45	4245
4245	45
38	3755
3755	38
2796	2233
2233	2796
1975	3144
3144	1975
804	4630
4630	804
2007	2661
2661	2007
5036	3736
3736	5036
2756	3627
3627	2756
4427	1350
1350	4427
2582	2658
2658	2582
2286	4246
4246	2286
5290	925
925	5290
2229	677
677	2229
2007	3436
3436	2007
1203	1386
1386	1203
3736	3888
3888	3736
3690	3779
3779	3690
1526	4007
4007	1526
3627	3093
3093	3627
5203	4552
4552	5203
3765	1898
1898	3765
3244	901
901	3244
3268	4940
4940	3268
4549	941
941	4549
862	448
448	862
1194	1526
1526	1194
3779	2582
2582	3779
3371	5172
5172	3371
3426	3624
3624	3426
2539	5290
5290	2539
862	3204
3204	862
4224	4549
4549	4224
5030	4591
4591	5030
2054	2767
2767	2054
5027	958
958	5027
1327	2286
2286	1327
2539	3946
3946	2539
2857	2912
2912	2857
1315	1722
1722	1315
2638	4194
4194	2638
5036	4246
4246	5036
367	47
47	367
3836	941
941	3836
435	2539
2539	435
974	2661
2661	974
1203	3950
3950	1203
2420	5290
5290	2420
4246	55
55	4246
1526	5203
5203	1526
4328	5027
5027	4328
3067	3782
3782	3067
3190	1690
1690	3190
1958	537
537	1958
2510	1473
1473	2510
502	4621
4621	502
122	925
925	122
1847	532
532	1847
122	3874
3874	122
958	552
552	958
5102	2638
2638	5102
470	2510
2510	470
3755	4224
4224	3755
5036	1236
1236	5036
2658	2756
2756	2658
3888	2272
2272	3888
525	4194
4194	525
5036	4345
4345	5036
1236	4246
4246	1236
4630	4276
4276	4630
122	5265
5265	122
38	920
920	38
1236	4328
4328	1236
4552	920
920	4552
122	2286
2286	122
4552	4948
4948	4552
1765	4739
4739	1765
4630	4221
4221	4630
2637	3946
3946	2637
113	3624
3624	113
4629	5290
5290	4629
1041	371
371	1041
5036	4948
4948	5036
3268	4979
4979	3268
2229	1942
1942	2229
3144	800
800	3144
1327	4591
4591	1327
800	941
941	800
3479	1283
1283	3479
3144	3067
3067	3144
5036	815
815	5036
1975	2229
2229	1975
2767	45
45	2767
2510	2356
2356	2510
1965	1958
1958	1965
537	4606
4606	537
2912	1898
1898	2912
371	3371
3371	371
502	4591
4591	502
1236	4630
4630	1236
3765	1789
1789	3765
38	3505
3505	38
2100	532
532	2100
2054	3244
3244	2054
3828	4814
4814	3828
2229	5172
5172	2229
1602	4221
4221	1602
1473	1350
1350	1473
525	3782
3782	525
4630	3268
3268	4630
2007	1722
1722	2007
4814	5172
5172	4814
4814	3765
3765	4814
4007	2638
2638	4007
2272	4958
4958	2272
525	2661
2661	525
1975	1602
1602	1975
2570	815
815	2570
4007	4377
4377	4007
4246	2319
2319	4246
4279	461
461	4279
4194	4255
4255	4194
1975	3190
3190	1975
38	3782
3782	38
1350	2229
2229	1350
3874	3244
3244	3874
122	2638
2638	122
3950	2286
2286	3950
1227	1473
1473	1227
4621	2638
2638	4621
4206	4948
4948	4206
5036	925
925	5036
4621	3926
3926	4621
3505	3950
3950	3505
4194	3931
3931	4194
2054	122
122	2054
2116	4224
4224	2116
815	3950
3950	815
1350	47
47	1350
2796	4345
4345	2796
3959	1572
1572	3959
5265	552
552	5265
5027	3573
3573	5027
2822	3067
3067	2822
3479	2582
2582	3479
1327	731
731	1327
4246	5265
5265	4246
1473	2912
2912	1473
4630	4007
4007	4630
3779	941
941	3779
2640	1722
1722	2640
3436	1194
1194	3436
2229	3874
3874	2229
2570	3274
3274	2570
920	4007
4007	920
38	941
941	38
862	958
958	862
525	5290
5290	525
113	122
122	113
3779	2356
2356	3779
1480	5265
5265	1480
1048	900
900	1048
1480	1572
1572	1480
3736	3926
3926	3736
2233	5265
5265	2233
5265	4007
4007	5265
804	2272
2272	804
1958	2582
2582	1958
4007	2637
2637	4007
5036	4979
4979	5036
1211	4397
4397	1211
2319	2870
2870	2319
1327	5203
5203	1327
5030	4279
4279	5030
4194	4245
4245	4194
3874	470
470	3874
5172	4552
4552	5172
1526	3779
3779	1526
3690	2233
2233	3690
3959	4549
4549	3959
3678	3331
3331	3678
3346	1480
1480	3346
2007	3782
3782	2007
537	498
498	537
57	2233
2233	57
390	941
941	390
4245	4591
4591	4245
2229	3573
3573	2229
4194	4549
4549	4194
4107	4643
4643	4107
2233	974
974	2233
900	2442
2442	900
4979	1041
1041	4979
974	1194
1194	974
773	2446
2446	773
5027	925
925	5027
4621	4643
4643	4621
2661	502
502	2661
920	2298
2298	920
5027	2459
2459	5027
5036	3782
3782	5036
815	925
925	815
537	3144
3144	537
1965	1599
1599	1965
1211	958
958	1211
2822	1194
1194	2822
461	2510
2510	461
1937	3627
3627	1937
2233	1283
1283	2233
1965	2100
2100	1965
3268	2420
2420	3268
3346	4246
4246	3346
5290	4179
4179	5290
4630	2286
2286	4630
2229	2669
2669	2229
4279	382
382	4279
4279	1942
1942	4279
5027	2356
2356	5027
1283	1958
1958	1283
804	2912
2912	804
3624	3573
3573	3624
3931	941
941	3931
800	2582
2582	800
3874	3436
3436	3874
5249	3244
3244	5249
45	1386
1386	45
2822	1473
1473	2822
5036	941
941	5036
1285	371
371	1285
38	2233
2233	38
1705	3274
3274	1705
3836	1315
1315	3836
461	1327
1327	461
3946	2638
2638	3946
3931	3950
3950	3931
60	3624
3624	60
862	2582
2582	862
941	2582
2582	941
5102	3690
3690	5102
3436	3782
3782	3436
5030	435
435	5030
2912	3782
3782	2912
4629	3980
3980	4629
4007	2272
2272	4007
1965	1473
1473	1965
2007	941
941	2007
1194	4621
4621	1194
4221	5091
5091	4221
1690	4958
4958	1690
2319	349
349	2319
1473	3093
3093	1473
3505	2116
2116	3505
4245	4255
4255	4245
2675	4427
4427	2675
1211	435
435	1211
3436	3624
3624	3436
1473	4606
4606	1473
1937	4206
4206	1937
5091	461
461	5091
1473	3678
3678	1473
1480	1937
1937	1480
3274	2638
2638	3274
1236	2796
2796	1236
1203	4007
4007	1203
5265	4621
4621	5265
2233	4345
4345	2233
2510	3608
3608	2510
122	4224
4224	122
3438	2298
2298	3438
2054	45
45	2054
2825	1048
1048	2825
4246	1350
1350	4246
4246	1937
1937	4246
4552	3755
3755	4552
4194	4007
4007	4194
4255	4856
4856	4255
4552	1602
1602	4552
2570	4284
4284	2570
3946	2298
2298	3946
113	390
390	113
435	3736
3736	435
45	2637
2637	45
3426	2582
2582	3426
1109	1473
1473	1109
448	1937
1937	448
3436	4552
4552	3436
4007	1194
1194	4007
1975	4552
4552	1975
2857	958
958	2857
4629	4397
4397	4629
3331	45
45	3331
3608	2767
2767	3608
815	3624
3624	815
3331	2229
2229	3331
537	5172
5172	537
2637	5290
5290	2637
3624	4206
4206	3624
2054	3678
3678	2054
4739	1579
1579	4739
4345	1690
1690	4345
5258	1285
1285	5258
2233	448
448	2233
974	4643
4643	974
901	2661
2661	901
2233	4377
4377	2233
2459	1109
1109	2459
2007	2582
2582	2007
38	2638
2638	38
3736	3190
3190	3736
3946	3244
3244	3946
3436	1473
1473	3436
1211	3093
3093	1211
3346	371
371	3346
1975	4279
4279	1975
3331	3946
3946	3331
5030	1236
1236	5030
2272	435
435	2272
57	2756
2756	57
3558	920
920	3558
2286	1194
1194	2286
3067	537
537	3067
38	3931
3931	38
804	2233
2233	804
5036	3505
3505	5036
2007	4606
4606	2007
390	2582
2582	390
3436	1975
1975	3436
1958	731
731	1958
5203	1599
1599	5203
502	1227
1227	502
3346	1958
1958	3346
5027	525
525	5027
1236	3505
3505	1236
3204	552
552	3204
3888	3274
3274	3888
5203	920
920	5203
5030	525
525	5030
5030	5265
5265	5030
1579	1227
1227	1579
435	2229
2229	435
3558	5030
5030	3558
470	773
773	470
3573	3782
3782	3573
1602	2229
2229	1602
2233	4279
4279	2233
4206	3782
3782	4206
4276	2782
2782	4276
4549	4856
4856	4549
1194	2100
2100	1194
3736	4328
4328	3736
2446	3980
3980	2446
1572	2233
2233	1572
1572	3268
3268	1572
731	4194
4194	731
2756	4979
4979	2756
3268	2510
2510	3268
1690	2446
2446	1690
60	448
448	60
1898	4107
4107	1898
3624	3782
3782	3624
3897	2767
2767	3897
4276	5091
5091	4276
5030	3765
3765	5030
1211	1194
1194	1211
4552	3627
3627	4552
55	2796
2796	55
5030	1599
1599	5030
1211	3888
3888	1211
3836	3980
3980	3836
2356	371
371	2356
2459	3438
3438	2459
1386	4948
4948	1386
38	5265
5265	38
5036	3426
3426	5036
2054	4557
4557	2054
4814	1789
1789	4814
38	5036
5036	38
3144	1526
1526	3144
3244	4557
4557	3244
2007	958
958	2007
4255	925
925	4255
5036	1942
1942	5036
773	4643
4643	773
2796	1194
1194	2796
4856	4276
4276	4856
4549	3946
3946	4549
773	731
731	773
1473	941
941	1473
382	498
498	382
3888	4591
4591	3888
4427	1965
1965	4427
5290	5102
5102	5290
815	958
958	815
371	958
958	371
1396	4276
4276	1396
57	1203
1203	57
1211	3573
3573	1211
2100	1690
1690	2100
4739	2356
2356	4739
3779	2570
2570	3779
122	3946
3946	122
1602	3268
3268	1602
3144	3573
3573	3144
804	537
537	804
2054	2319
2319	2054
4328	3371
3371	4328
815	525
525	815
1473	1602
1602	1473
3950	4948
4948	3950
3950	5249
5249	3950
38	2116
2116	38
38	2669
2669	38
2675	122
122	2675
1599	2570
2570	1599
1396	3624
3624	1396
5265	382
382	5265
55	2582
2582	55
1194	677
677	1194
1305	2669
2669	1305
4621	3690
3690	4621
57	3573
3573	57
2229	2233
2233	2229
3346	4621
4621	3346
1386	1937
1937	1386
4179	1975
1975	4179
804	45
45	804
1480	3779
3779	1480
2582	3268
3268	2582
3436	470
470	3436
