4138	3589
3589	4138
645	817
817	645
4457	3346
3346	4457
4235	3982
3982	4235
2945	1572
1572	2945
3589	4393
4393	3589
4481	3846
3846	4481
4958	3954
3954	4958
2447	1251
1251	2447
1764	5069
5069	1764
2719	1927
1927	2719
4621	3756
3756	4621
2447	208
208	2447
926	4694
4694	926
1805	4559
4559	1805
1743	1601
1601	1743
5069	625
625	5069
1898	3154
3154	1898
4928	4386
4386	4928
3346	1953
1953	3346
1898	2659
2659	1898
3829	1927
1927	3829
2045	4255
4255	2045
2719	3164
3164	2719
2719	4621
4621	2719
2467	892
892	2467
4446	3164
3164	4446
2619	877
877	2619
1953	2765
2765	1953
3883	4694
4694	3883
2156	4221
4221	2156
4522	1783
1783	4522
5033	1451
1451	5033
1743	2659
2659	1743
1572	926
926	1572
1048	4253
4253	1048
892	3441
3441	892
117	3846
3846	117
1805	645
645	1805
1171	2937
2937	1171
892	1927
1927	892
3497	926
926	3497
1791	2582
2582	1791
5130	1132
1132	5130
456	1132
1132	456
3080	2619
2619	3080
2668	1898
1898	2668
5069	15
15	5069
5024	1764
1764	5024
4221	3346
3346	4221
1511	3235
3235	1511
5069	1743
1743	5069
4221	926
926	4221
2508	727
727	2508
2467	4928
4928	2467
817	2937
2937	817
817	3308
3308	817
2447	2937
2937	2447
2945	2527
2527	2945
2071	3846
3846	2071
2447	1093
1093	2447
1132	625
625	1132
3080	983
983	3080
1048	50
50	1048
2424	117
117	2424
2945	1014
1014	2945
4221	4481
4481	4221
50	2945
2945	50
4457	813
813	4457
2458	1251
1251	2458
1605	4559
4559	1605
2690	2527
2527	2690
2447	1511
1511	2447
1764	501
501	1764
2467	1783
1783	2467
50	1093
1093	50
2690	1953
1953	2690
4446	2268
2268	4446
4694	4675
4675	4694
1722	2937
2937	1722
804	5265
5265	804
2607	4938
4938	2607
877	1605
1605	877
3846	983
983	3846
2582	2853
2853	2582
4481	3954
3954	4481
50	1743
1743	50
3346	4694
4694	3346
4481	4255
4255	4481
1764	877
877	1764
3290	3939
3939	3290
456	4225
4225	456
877	4457
4457	877
3756	4253
4253	3756
1159	4938
4938	1159
1132	666
666	1132
3886	5265
5265	3886
2156	2690
2690	2156
2508	117
117	2508
3004	1572
1572	3004
4446	1927
1927	4446
2045	3542
3542	2045
3883	2738
2738	3883
1138	1805
1805	1138
3497	1855
1855	3497
2690	4559
4559	2690
892	5323
5323	892
3939	666
666	3939
1132	4692
4692	1132
1511	1093
1093	1511
1855	3829
3829	1855
2458	983
983	2458
1764	2467
2467	1764
1764	4481
4481	1764
3418	1927
1927	3418
982	2765
2765	982
1722	3346
3346	1722
2853	645
645	2853
4386	2268
2268	4386
804	3846
3846	804
208	3235
3235	208
727	4559
4559	727
2458	456
456	2458
1171	877
877	1171
4446	4255
4255	4446
1048	2690
2690	1048
4481	5235
5235	4481
117	3004
3004	117
3195	3290
3290	3195
3346	982
982	3346
4386	1665
1665	4386
3756	666
666	3756
804	3886
3886	804
208	4928
4928	208
456	926
926	456
208	3308
3308	208
3883	3418
3418	3883
3235	5033
5033	3235
983	2020
2020	983
3290	817
817	3290
625	5033
5033	625
4938	142
142	4938
804	2719
2719	804
1743	1665
1665	1743
1764	2804
2804	1764
5323	731
731	5323
2853	2937
2937	2853
5130	4621
4621	5130
4692	4675
4675	4692
1511	4522
4522	1511
2467	1511
1511	2467
813	1953
1953	813
892	983
983	892
3846	4938
4938	3846
4930	1764
1764	4930
3308	4138
4138	3308
1132	817
817	1132
4255	1722
1722	4255
5265	3846
3846	5265
2738	3195
3195	2738
4446	3982
3982	4446
3883	1605
1605	3883
2458	2619
2619	2458
2527	1665
1665	2527
3883	4446
4446	3883
4276	142
142	4276
4238	4000
4000	4238
4958	763
763	4958
892	2937
2937	892
1805	4253
4253	1805
2020	1898
1898	2020
2607	4692
4692	2607
3497	4238
4238	3497
3846	2527
2527	3846
5069	3164
3164	5069
1722	2659
2659	1722
727	1132
1132	727
4235	3886
3886	4235
4446	2668
2668	4446
1743	4255
4255	1743
1783	4938
4938	1783
804	4225
4225	804
941	2508
2508	941
983	4675
4675	983
3346	877
877	3346
983	4386
4386	983
4928	5048
5048	4928
1048	645
645	1048
3418	4559
4559	3418
2945	1605
1605	2945
3756	2765
2765	3756
2458	142
142	2458
3154	5033
5033	3154
3497	983
983	3497
1805	3308
3308	1805
2020	2582
2582	2020
1722	1798
1798	1722
3756	1898
1898	3756
2765	2668
2668	2765
813	501
501	813
4221	4930
4930	4221
2879	813
813	2879
2424	1953
1953	2424
3316	2071
2071	3316
817	4238
4238	817
4446	1791
1791	4446
1132	1927
1927	1132
5265	2690
2690	5265
3113	5265
5265	3113
3886	892
892	3886
2424	2458
2458	2424
5069	4276
4276	5069
4393	4958
4958	4393
1798	731
731	1798
4692	1171
1171	4692
1743	3418
3418	1743
3497	1451
1451	3497
2582	3235
3235	2582
2458	1572
1572	2458
1783	4928
4928	1783
5024	3846
3846	5024
4958	3316
3316	4958
4457	2527
2527	4457
1855	666
666	1855
940	1665
1665	940
3756	892
892	3756
2467	1605
1605	2467
2045	4138
4138	2045
2719	3308
3308	2719
4138	142
142	4138
3164	2156
2156	3164
1572	2447
2447	1572
1898	4692
4692	1898
2045	4958
4958	2045
1451	4221
4221	1451
2607	3939
3939	2607
3858	1805
1805	3858
2738	4276
4276	2738
208	4276
4276	208
1138	1572
1572	1138
15	1855
1855	15
2945	1855
1855	2945
2458	5323
5323	2458
1159	4393
4393	1159
3939	3441
3441	3939
941	1572
1572	941
2458	3195
3195	2458
877	5265
5265	877
892	4621
4621	892
2447	4446
4446	2447
4235	3846
3846	4235
4481	877
877	4481
456	4446
4446	456
926	3235
3235	926
1451	3589
3589	1451
1138	501
501	1138
2467	2937
2937	2467
4225	1953
1953	4225
1138	1898
1898	1138
2447	3441
3441	2447
2719	117
117	2719
3846	666
666	3846
1159	3846
3846	1159
3418	983
983	3418
3756	501
501	3756
1665	1798
1798	1665
2447	5265
5265	2447
2527	3829
3829	2527
2719	3589
3589	2719
1743	4225
4225	1743
877	4221
4221	877
1138	4938
4938	1138
3589	2607
2607	3589
3346	4255
4255	3346
2447	1791
1791	2447
456	3290
3290	456
1451	3441
3441	1451
2738	817
817	2738
3846	4692
4692	3846
2467	4225
4225	2467
763	4393
4393	763
4446	1159
1159	4446
2690	50
50	2690
2458	2582
2582	2458
2020	1132
1132	2020
1927	2607
2607	1927
3858	1572
1572	3858
3004	501
501	3004
3080	501
501	3080
5130	1927
1927	5130
1743	2937
2937	1743
456	4559
4559	456
804	983
983	804
1132	4559
4559	1132
1764	2937
2937	1764
1764	1014
1014	1764
3756	4225
4225	3756
537	666
666	537
2071	2508
2508	2071
5265	5033
5033	5265
2458	4221
4221	2458
4276	813
813	4276
2879	2765
2765	2879
3589	3846
3846	3589
4255	983
983	4255
3346	1791
1791	3346
1743	983
983	1743
4675	3164
3164	4675
5024	3308
3308	5024
804	4559
4559	804
2508	1605
1605	2508
2156	4928
4928	2156
2719	892
892	2719
3346	5235
5235	3346
1791	1093
1093	1791
817	625
625	817
2659	3939
3939	2659
2719	4276
4276	2719
877	2937
2937	877
5130	3308
3308	5130
1764	2268
2268	1764
3080	4238
4238	3080
2508	3316
3316	2508
3316	1764
1764	3316
1743	2945
2945	1743
4446	2045
2045	4446
5235	4694
4694	5235
3756	456
456	3756
3756	4559
4559	3756
2582	142
142	2582
2738	1898
1898	2738
1798	3316
3316	1798
2659	1511
1511	2659
3846	5323
5323	3846
983	1798
1798	983
877	763
763	877
1791	982
982	1791
2467	1898
1898	2467
4393	813
813	4393
2467	4621
4621	2467
5069	77
77	5069
5048	804
804	5048
3858	645
645	3858
4393	1953
1953	4393
1791	1601
1601	1791
3497	3829
3829	3497
2690	3441
3441	2690
1855	1927
1927	1855
877	3316
3316	877
501	2582
2582	501
3346	926
926	3346
2020	4457
4457	2020
2156	4522
4522	2156
2719	1572
1572	2719
2853	5265
5265	2853
1791	1898
1898	1791
1855	3316
3316	1855
1743	3846
3846	1743
3846	4675
4675	3846
940	3982
3982	940
817	892
892	817
117	926
926	117
1132	1138
1138	1132
3497	2619
2619	3497
2945	456
456	2945
3441	941
941	3441
142	1251
1251	142
2156	2508
2508	2156
804	501
501	804
1722	2582
2582	1722
2447	2458
2458	2447
4930	813
813	4930
3829	1572
1572	3829
3164	4276
4276	3164
3756	5265
5265	3756
2045	2467
2467	2045
1159	1791
1791	1159
3858	4481
4481	3858
1048	4621
4621	1048
117	1093
1093	117
2447	926
926	2447
3858	2582
2582	3858
5048	1791
1791	5048
3886	926
926	3886
3497	4559
4559	3497
2619	1451
1451	2619
4446	892
892	4446
625	4938
4938	625
1511	3441
3441	1511
2738	2945
2945	2738
3883	4255
4255	3883
2458	3589
3589	2458
3756	3497
3497	3756
77	1251
1251	77
2467	4958
4958	2467
3756	817
817	3756
1722	3316
3316	1722
2879	3154
3154	2879
537	3883
3883	537
1743	2619
2619	1743
1601	4255
4255	1601
4958	77
77	4958
1953	1722
1722	1953
456	1898
1898	456
3308	3154
3154	3308
892	4522
4522	892
4958	3036
3036	4958
817	4559
4559	817
2508	1953
1953	2508
4694	3542
3542	4694
1743	3497
3497	1743
456	941
941	456
4559	763
763	4559
2719	3829
3829	2719
4393	2659
2659	4393
2156	892
892	2156
2508	2268
2268	2508
2458	1665
1665	2458
2527	1132
1132	2527
1132	813
813	1132
1764	3954
3954	1764
3113	1665
1665	3113
2945	3418
3418	2945
2690	1572
1572	2690
3756	2659
2659	3756
2765	4694
4694	2765
4000	1722
1722	4000
2508	1927
1927	2508
983	877
877	983
1451	2268
2268	1451
2458	892
892	2458
2719	666
666	2719
501	983
983	501
5235	1572
1572	5235
3004	892
892	3004
3939	2853
2853	3939
2467	2071
2071	2467
77	941
941	77
3883	4928
4928	3883
1743	1855
1855	1743
2045	5235
5235	2045
142	1014
1014	142
3883	982
982	3883
501	2268
2268	501
2424	3542
3542	2424
4446	3954
3954	4446
1855	941
941	1855
2447	1898
1898	2447
4481	926
926	4481
2467	1159
1159	2467
3497	1927
1927	3497
4446	501
501	4446
208	3883
3883	208
4225	4559
4559	4225
727	2467
2467	727
813	1855
1855	813
5024	1138
1138	5024
4253	1798
1798	4253
2467	2804
2804	2467
1601	4522
4522	1601
804	1093
1093	804
1898	813
813	1898
2719	727
727	2719
2156	208
208	2156
1138	892
892	1138
4446	2853
2853	4446
3080	2853
2853	3080
763	142
142	763
5323	2945
2945	5323
892	3308
3308	892
2045	537
537	2045
3886	3589
3589	3886
1764	4225
4225	1764
1138	3846
3846	1138
3316	940
940	3316
3418	5048
5048	3418
817	1159
1159	817
2045	731
731	2045
4276	4235
4235	4276
4481	982
982	4481
4000	731
731	4000
1014	2719
2719	1014
456	4276
4276	456
2458	5130
5130	2458
3113	1048
1048	3113
3886	1927
1927	3886
1743	731
731	1743
50	4225
4225	50
4457	3418
3418	4457
1764	1791
1791	1764
50	877
877	50
1855	2045
2045	1855
501	1805
1805	501
1451	3316
3316	1451
3497	4255
4255	3497
666	3858
3858	666
3036	817
817	3036
3982	3080
3080	3982
4225	3036
3036	4225
2738	1572
1572	2738
4253	3846
3846	4253
2738	3113
3113	2738
3418	4621
4621	3418
5069	537
537	5069
3036	142
142	3036
117	1927
1927	117
142	727
727	142
892	2659
2659	892
1722	3113
3113	1722
940	15
15	940
983	3982
3982	983
2045	501
501	2045
3542	3036
3036	3542
1605	1251
1251	1605
4446	1605
1605	4446
2879	501
501	2879
3883	1093
1093	3883
3846	892
892	3846
3418	3939
3939	3418
645	982
982	645
2719	4255
4255	2719
3418	1798
1798	3418
2020	537
537	2020
77	1605
1605	77
2156	1764
1764	2156
3858	2268
2268	3858
4481	3235
3235	4481
1132	1572
1572	1132
4225	2458
2458	4225
2467	3316
3316	2467
50	1605
1605	50
1764	4559
4559	1764
537	4621
4621	537
2020	1138
1138	2020
1138	3886
3886	1138
940	1601
1601	940
4559	3441
3441	4559
892	941
941	892
3308	877
877	3308
2719	3497
3497	2719
983	3154
3154	983
50	926
926	50
208	4481
4481	208
731	1722
1722	731
1159	1855
1855	1159
2945	501
501	2945
2738	117
117	2738
2458	3829
3829	2458
1132	1665
1665	1132
1572	3418
3418	1572
2719	1665
1665	2719
1665	1605
1605	1665
501	1927
1927	501
982	4138
4138	982
1451	1601
1601	1451
3954	4221
4221	3954
3113	3441
3441	3113
2659	625
625	2659
2071	2945
2945	2071
2020	2659
2659	2020
3497	4692
4692	3497
2071	727
727	2071
2045	2508
2508	2045
456	1855
1855	456
3418	5323
5323	3418
1927	4928
4928	1927
501	4276
4276	501
2527	5323
5323	2527
2071	4225
4225	2071
1132	501
501	1132
5033	1605
1605	5033
4675	2424
2424	4675
3195	1927
1927	3195
2045	2458
2458	2045
2945	1953
1953	2945
2045	877
877	2045
3235	2508
2508	3235
2447	727
727	2447
3113	1898
1898	3113
926	5235
5235	926
877	2020
2020	877
1138	1927
1927	1138
15	2582
2582	15
4930	1572
1572	4930
2738	5048
5048	2738
4559	5024
5024	4559
4481	1783
1783	4481
2765	4276
4276	2765
3418	892
892	3418
3195	2447
2447	3195
3756	1665
1665	3756
1171	2738
2738	1171
4225	4457
4457	4225
1722	5323
5323	1722
208	1783
1783	208
877	3982
3982	877
3756	2268
2268	3756
50	817
817	50
4692	2853
2853	4692
2804	3441
3441	2804
940	2424
2424	940
1722	1601
1601	1722
3829	941
941	3829
4938	4393
4393	4938
1743	3308
3308	1743
4386	2508
2508	4386
3113	2690
2690	3113
2045	4481
4481	2045
3858	892
892	3858
817	983
983	817
4481	1605
1605	4481
2467	4255
4255	2467
4522	1132
1132	4522
2458	1927
1927	2458
2738	2937
2937	2738
4938	2020
2020	4938
208	4255
4255	208
3004	1805
1805	3004
501	3290
3290	501
1743	3113
3113	1743
1132	4253
4253	1132
2619	3316
3316	2619
4393	4928
4928	4393
2945	4276
4276	2945
1451	2582
2582	1451
2719	4692
4692	2719
3080	1138
1138	3080
3418	1665
1665	3418
5069	817
817	5069
892	50
50	892
4255	4235
4235	4255
3308	1014
1014	3308
645	2071
2071	645
4225	727
727	4225
1743	3589
3589	1743
1743	2458
2458	1743
3195	4930
4930	3195
2879	2945
2945	2879
2937	4393
4393	2937
4938	2668
2668	4938
645	456
456	645
1805	3589
3589	1805
892	3235
3235	892
3154	3316
3316	3154
4446	4276
4276	4446
4000	817
817	4000
763	3441
3441	763
142	501
501	142
4000	4481
4481	4000
2668	4457
4457	2668
50	4393
4393	50
2619	3290
3290	2619
2945	3886
3886	2945
2458	763
763	2458
1764	1898
1898	1764
1511	1605
1605	1511
2467	3982
3982	2467
1511	982
982	1511
3346	5265
5265	3346
2447	3883
3883	2447
2508	3497
3497	2508
2458	1138
1138	2458
4481	2458
2458	4481
763	3829
3829	763
2458	3886
3886	2458
3195	4225
4225	3195
1132	892
892	1132
1451	3858
3858	1451
892	1898
1898	892
3004	1798
1798	3004
1805	1927
1927	1805
4276	3846
3846	4276
2045	2424
2424	2045
892	5069
5069	892
2738	4446
4446	2738
2508	926
926	2508
1927	2804
2804	1927
2945	3589
3589	2945
50	2719
2719	50
2045	813
813	2045
3497	3589
3589	3497
1743	1927
1927	1743
1764	926
926	1764
537	892
892	537
2508	4255
4255	2508
2045	1927
1927	2045
1743	4138
4138	1743
3954	3846
3846	3954
2458	4559
4559	2458
3883	3441
3441	3883
4393	1093
1093	4393
1805	813
813	1805
2467	5235
5235	2467
3954	2765
2765	3954
537	4522
4522	537
817	1855
1855	817
3346	1665
1665	3346
2619	625
625	2619
1171	1798
1798	1171
3418	5265
5265	3418
1132	877
877	1132
2071	941
941	2071
4481	1093
1093	4481
1132	983
983	1132
941	3080
3080	941
5069	1665
1665	5069
2467	3164
3164	2467
5069	456
456	5069
3883	3316
3316	3883
3004	5265
5265	3004
1138	813
813	1138
3829	625
625	3829
1798	1132
1132	1798
4481	1511
1511	4481
1764	3886
3886	1764
804	2668
2668	804
4255	3846
3846	4255
645	1855
1855	645
2738	2527
2527	2738
983	3036
3036	983
50	5323
5323	50
5130	1665
1665	5130
3164	5323
5323	3164
1722	4621
4621	1722
117	1855
1855	117
1722	1665
1665	1722
2582	4928
4928	2582
2071	1132
1132	2071
1132	3886
3886	1132
2738	1014
1014	2738
3195	940
940	3195
4446	1132
1132	4446
3164	4928
4928	3164
2719	3418
3418	2719
4694	3886
3886	4694
2045	456
456	2045
2508	4276
4276	2508
3542	3418
3418	3542
4000	501
501	4000
804	2659
2659	804
5130	3497
3497	5130
4276	2467
2467	4276
142	1805
1805	142
4559	5048
5048	4559
5024	2582
2582	5024
117	1665
1665	117
2945	4958
4958	2945
3954	2045
2045	3954
50	3164
3164	50
727	3756
3756	727
3497	4253
4253	3497
804	3497
3497	804
941	727
727	941
4692	5033
5033	4692
2719	2619
2619	2719
1451	2447
2447	1451
727	1093
1093	727
3418	2659
2659	3418
4694	1171
1171	4694
4559	2527
2527	4559
3497	1805
1805	3497
877	666
666	877
2719	5069
5069	2719
3441	3542
3542	3441
817	3195
3195	817
2020	2937
2937	2020
2659	2690
2690	2659
941	3756
3756	941
1132	3441
3441	1132
2945	3497
3497	2945
1132	142
142	1132
4255	2582
2582	4255
2607	4559
4559	2607
813	5323
5323	813
4238	2071
2071	4238
1159	2447
2447	1159
456	1927
1927	456
4276	3154
3154	4276
3886	4276
4276	3886
50	1511
1511	50
5235	3113
3113	5235
4000	1132
1132	4000
2582	1855
1855	2582
892	2690
2690	892
5130	2879
2879	5130
5069	2945
2945	5069
1764	1665
1665	1764
2719	1743
1743	2719
3829	4138
4138	3829
804	4276
4276	804
2045	3004
3004	2045
3154	2738
2738	3154
2527	117
117	2527
2607	1953
1953	2607
2719	1764
1764	2719
4675	2804
2804	4675
4446	4235
4235	4446
892	4253
4253	892
3346	3418
3418	3346
3756	926
926	3756
2719	2738
2738	2719
4938	5235
5235	4938
2071	3080
3080	2071
2467	3846
3846	2467
4276	4221
4221	4276
2937	3886
3886	2937
2458	1898
1898	2458
3036	1601
1601	3036
5069	3113
3113	5069
2719	4559
4559	2719
5048	983
983	5048
1572	5323
5323	1572
3497	1665
1665	3497
1855	2659
2659	1855
456	982
982	456
3195	3154
3154	3195
2467	1251
1251	2467
3441	877
877	3441
2020	1743
1743	2020
2690	804
804	2690
731	1132
1132	731
2458	3308
3308	2458
117	2945
2945	117
537	1601
1601	537
727	926
926	727
142	2853
2853	142
2945	3858
3858	2945
501	1898
1898	501
892	4559
4559	892
2508	1138
1138	2508
2508	4930
4930	2508
813	3497
3497	813
456	892
892	456
1138	1251
1251	1138
3113	2020
2020	3113
2582	2424
2424	2582
2804	3316
3316	2804
817	4276
4276	817
3982	1511
1511	3982
4235	3756
3756	4235
501	3308
3308	501
4235	1572
1572	4235
1855	4522
4522	1855
3164	1764
1764	3164
1251	1927
1927	1251
1805	1171
1171	1805
2424	1014
1014	2424
537	3982
3982	537
4457	4238
4238	4457
4446	2937
2937	4446
1511	4238
4238	1511
3113	3954
3954	3113
817	1665
1665	817
1722	3036
3036	1722
4481	2945
2945	4481
1159	5024
5024	1159
2853	5033
5033	2853
2424	817
817	2424
2458	4253
4253	2458
501	877
877	501
2447	3982
3982	2447
3316	3346
3346	3316
1093	3346
3346	1093
5235	4692
4692	5235
892	1953
1953	892
3004	3113
3113	3004
1743	2804
2804	1743
2467	1093
1093	2467
5130	1138
1138	5130
4255	1159
1159	4255
2719	5265
5265	2719
2424	1572
1572	2424
3080	1898
1898	3080
804	1855
1855	804
1132	2467
2467	1132
3756	4481
4481	3756
1764	3235
3235	1764
2765	3858
3858	2765
4000	3080
3080	4000
817	1572
1572	817
2071	3308
3308	2071
3290	4559
4559	3290
1159	3858
3858	1159
817	4958
4958	817
1132	2690
2690	1132
4938	1251
1251	4938
1898	1783
1783	1898
2424	2804
2804	2424
3883	4276
4276	3883
2447	4255
4255	2447
5069	2447
2447	5069
3982	4621
4621	3982
501	3886
3886	501
4393	3316
3316	4393
5130	4386
4386	5130
3036	4928
4928	3036
3164	5265
5265	3164
3883	983
983	3883
1132	3497
3497	1132
1511	4255
4255	1511
208	763
763	208
983	3004
3004	983
3346	3497
3497	3346
877	982
982	877
982	2045
2045	982
817	3589
3589	817
3756	4930
4930	3756
3080	4253
4253	3080
3113	4692
4692	3113
3290	666
666	3290
3756	1138
1138	3756
1171	1601
1601	1171
3418	3004
3004	3418
804	892
892	804
804	2458
2458	804
2690	2447
2447	2690
537	2619
2619	537
2719	926
926	2719
877	3954
3954	877
5323	2045
2045	5323
2945	3346
3346	2945
3846	926
926	3846
2879	1783
1783	2879
877	1251
1251	877
4446	4621
4621	4446
2045	2719
2719	2045
727	5265
5265	727
4000	3589
3589	4000
3308	537
537	3308
5069	2619
2619	5069
2458	4276
4276	2458
5033	4386
4386	5033
2045	1953
1953	2045
817	1927
1927	817
1783	892
892	1783
2424	926
926	2424
4621	1927
1927	4621
77	2020
2020	77
1783	2020
2020	1783
3080	3308
3308	3080
4621	731
731	4621
4457	940
940	4457
2853	3316
3316	2853
2447	2582
2582	2447
3195	3954
3954	3195
208	982
982	208
2424	645
645	2424
1014	2659
2659	1014
4000	1093
1093	4000
983	50
50	983
982	940
940	982
77	4138
4138	77
5130	3542
3542	5130
3004	3589
3589	3004
3316	501
501	3316
142	5265
5265	142
117	3290
3290	117
2719	1898
1898	2719
804	3290
3290	804
3080	4276
4276	3080
3542	1764
1764	3542
208	3441
3441	208
1511	537
537	1511
3497	3982
3982	3497
813	941
941	813
3004	666
666	3004
4393	731
731	4393
2467	5024
5024	2467
877	1093
1093	877
501	2937
2937	501
4138	2156
2156	4138
3497	3308
3308	3497
50	1791
1791	50
1898	3954
3954	1898
4000	4522
4522	4000
1791	3497
3497	1791
3113	1927
1927	3113
2447	4276
4276	2447
1764	4958
4958	1764
2508	1665
1665	2508
3886	3113
3113	3886
625	940
940	625
501	1605
1605	501
3346	2156
2156	3346
804	4221
4221	804
4928	5323
5323	4928
1511	5265
5265	1511
2424	4276
4276	2424
982	4393
4393	982
3036	3939
3939	3036
666	2156
2156	666
804	4930
4930	804
892	1665
1665	892
1171	3982
3982	1171
3886	3308
3308	3886
3886	4559
4559	3886
117	666
666	117
3346	3589
3589	3346
1783	3308
3308	1783
2045	666
666	2045
2690	1171
1171	2690
2467	1572
1572	2467
208	5048
5048	208
2020	3982
3982	2020
2853	3346
3346	2853
3756	5235
5235	3756
5033	117
117	5033
2045	940
940	2045
731	2945
2945	731
2738	1764
1764	2738
3954	1953
1953	3954
2668	2690
2690	2668
50	4928
4928	50
3846	4559
4559	3846
3308	2447
2447	3308
3164	1798
1798	3164
3080	1665
1665	3080
3418	4930
4930	3418
2668	2527
2527	2668
2071	1665
1665	2071
2659	5048
5048	2659
2619	1605
1605	2619
1511	2945
2945	1511
1171	1783
1783	1171
3497	1898
1898	3497
1743	5235
5235	1743
2447	4225
4225	2447
3441	5033
5033	3441
817	4692
4692	817
3756	3589
3589	3756
4386	3316
3316	4386
645	4255
4255	645
4675	1791
1791	4675
4692	2937
2937	4692
2458	926
926	2458
2467	3441
3441	2467
1132	4930
4930	1132
4000	1791
1791	4000
2020	3497
3497	2020
3858	941
941	3858
727	2582
2582	727
1159	941
941	1159
877	3939
3939	877
4138	2458
2458	4138
892	4276
4276	892
3004	537
537	3004
4481	4276
4276	4481
2508	625
625	2508
2071	3886
3886	2071
1159	3316
3316	1159
2508	3308
3308	2508
2668	3235
3235	2668
2804	2937
2937	2804
2945	1805
1805	2945
4481	4446
4446	4481
1014	3346
3346	1014
4958	2268
2268	4958
3497	4928
4928	3497
4559	3308
3308	4559
666	1898
1898	666
813	142
142	813
877	4225
4225	877
1138	537
537	1138
813	3308
3308	813
142	3589
3589	142
3829	877
877	3829
4238	2690
2690	4238
1855	4235
4235	1855
5235	983
983	5235
4000	1251
1251	4000
2853	4000
4000	2853
1791	941
941	1791
2719	877
877	2719
4928	5130
5130	4928
3497	5265
5265	3497
4446	2020
2020	4446
3589	4386
4386	3589
456	3954
3954	456
2765	3316
3316	2765
1665	4694
4694	1665
4457	5033
5033	4457
3036	3346
3346	3036
666	2268
2268	666
3756	4393
4393	3756
3004	4138
4138	3004
3235	2607
2607	3235
892	1805
1805	892
892	1572
1572	892
4457	892
892	4457
3195	3939
3939	3195
877	4235
4235	877
2020	1572
1572	2020
2690	2424
2424	2690
2607	2447
2447	2607
2582	1743
1743	2582
2458	817
817	2458
3113	2879
2879	3113
813	2582
2582	813
4928	1743
1743	4928
456	983
983	456
2045	4928
4928	2045
804	982
982	804
4138	4928
4928	4138
2508	1601
1601	2508
2719	1855
1855	2719
3290	2071
2071	3290
4276	731
731	4276
645	625
625	645
77	3346
3346	77
3954	2719
2719	3954
3113	3080
3080	3113
117	3418
3418	117
2719	2447
2447	2719
2156	2659
2659	2156
2945	1665
1665	2945
4000	208
208	4000
4694	5265
5265	4694
877	926
926	877
1764	4446
4446	1764
982	3542
3542	982
208	2467
2467	208
3418	4276
4276	3418
208	1927
1927	208
2447	4694
4694	2447
1511	2937
2937	1511
5033	3316
3316	5033
3195	4481
4481	3195
5069	4928
4928	5069
3858	4253
4253	3858
2804	1093
1093	2804
5323	4235
4235	5323
3589	4238
4238	3589
142	3316
3316	142
3756	2945
2945	3756
625	3982
3982	625
2719	2659
2659	2719
892	3290
3290	892
3846	2659
2659	3846
727	3441
3441	727
1138	5235
5235	1138
2582	3113
3113	2582
1805	2659
2659	1805
1138	2668
2668	1138
2945	4457
4457	2945
1171	15
15	1171
3346	1601
1601	3346
4221	941
941	4221
2424	2508
2508	2424
2945	5265
5265	2945
537	4253
4253	537
3756	1132
1132	3756
1743	4692
4692	1743
2508	3858
3858	2508
2765	1791
1791	2765
1132	2659
2659	1132
501	5323
5323	501
2424	3497
3497	2424
3441	4930
4930	3441
4446	982
982	4446
2458	3858
3858	2458
2467	926
926	2467
1798	3308
3308	1798
817	1251
1251	817
1132	3589
3589	1132
3886	3154
3154	3886
1605	2156
2156	1605
1132	1953
1953	1132
50	3195
3195	50
3113	50
50	3113
763	4253
4253	763
3164	983
983	3164
117	1132
1132	117
3346	2268
2268	3346
5024	1132
1132	5024
2508	2937
2937	2508
3497	3195
3195	3497
813	3954
3954	813
3418	926
926	3418
1159	4235
4235	1159
5069	3308
3308	5069
1764	1927
1927	1764
3195	2268
2268	3195
4446	1251
1251	4446
4446	1665
1665	4446
1132	3542
3542	1132
804	817
817	804
1511	1898
1898	1511
817	2619
2619	817
1171	2268
2268	1171
3346	1605
1605	3346
2668	5235
5235	2668
1132	940
940	1132
3004	4621
4621	3004
5265	4235
4235	5265
1764	3418
3418	1764
3004	1665
1665	3004
1764	892
892	1764
3164	813
813	3164
817	5265
5265	817
3113	142
142	3113
763	3308
3308	763
2738	4255
4255	2738
208	5235
5235	208
501	4559
4559	501
3954	2690
2690	3954
983	4138
4138	983
1722	4225
4225	1722
208	1791
1791	208
1805	983
983	1805
2765	645
645	2765
2508	1805
1805	2508
2690	3756
3756	2690
1451	941
941	1451
1665	625
625	1665
731	1601
1601	731
3982	3883
3883	3982
3542	5069
5069	3542
5033	456
456	5033
4621	4276
4276	4621
5069	3939
3939	5069
4692	3441
3441	4692
4000	4225
4225	4000
2690	3004
3004	2690
3308	3290
3290	3308
4000	2424
2424	4000
1953	4238
4238	1953
3846	941
941	3846
2458	4692
4692	2458
666	3195
3195	666
1511	4225
4225	1511
2719	5235
5235	2719
2045	2020
2020	2045
1764	2607
2607	1764
2607	727
727	2607
3235	2853
2853	3235
1138	817
817	1138
1251	1093
1093	1251
4221	2582
2582	4221
5069	763
763	5069
731	537
537	731
1048	1132
1132	1048
537	1572
1572	537
1743	2424
2424	1743
3308	2268
2268	3308
208	1093
1093	208
731	3235
3235	731
2458	2668
2668	2458
1764	817
817	1764
2719	2458
2458	2719
1743	5265
5265	1743
892	926
926	892
892	117
117	892
3756	3308
3308	3756
892	3589
3589	892
2945	4253
4253	2945
4235	727
727	4235
3756	4276
4276	3756
1953	4938
4938	1953
892	4938
4938	892
4481	2467
2467	4481
2945	1251
1251	2945
1743	926
926	1743
4675	4457
4457	4675
1743	3164
3164	1743
2719	1138
1138	2719
4221	4559
4559	4221
1171	4276
4276	1171
1898	4235
4235	1898
2804	763
763	2804
2458	2659
2659	2458
1722	4694
4694	1722
2719	731
731	2719
4138	4481
4481	4138
77	208
208	77
3346	537
537	3346
2045	941
941	2045
2467	3542
3542	2467
3004	1132
1132	3004
3497	4621
4621	3497
117	1251
1251	117
1093	456
456	1093
1132	4621
4621	1132
4138	2508
2508	4138
117	2937
2937	117
4235	2853
2853	4235
2458	1783
1783	2458
3154	1601
1601	3154
4221	4225
4225	4221
537	2765
2765	537
2458	2937
2937	2458
4386	501
501	4386
877	1805
1805	877
5265	456
456	5265
4675	1798
1798	4675
1764	1605
1605	1764
1511	1783
1783	1511
3418	1132
1132	3418
1722	1251
1251	1722
5130	1251
1251	5130
3418	3497
3497	3418
4225	3829
3829	4225
877	4522
4522	877
666	456
456	666
2719	3004
3004	2719
1171	1093
1093	1171
1805	5323
5323	1805
3036	4393
4393	3036
3756	983
983	3756
2467	982
982	2467
1743	5130
5130	1743
501	940
940	501
813	1251
1251	813
2945	537
537	2945
4694	1805
1805	4694
1783	2582
2582	1783
4559	2659
2659	4559
2447	1764
1764	2447
3883	2937
2937	3883
727	4255
4255	727
3164	645
645	3164
3113	1132
1132	3113
2527	3542
3542	2527
117	645
645	117
4692	117
117	4692
501	2659
2659	501
5024	2937
2937	5024
1798	142
142	1798
804	456
456	804
1171	2765
2765	1171
2458	3113
3113	2458
2424	4481
4481	2424
117	817
817	117
817	77
77	817
117	4621
4621	117
77	4446
4446	77
3886	1572
1572	3886
1743	1791
1791	1743
2619	3235
3235	2619
3235	1138
1138	3235
2690	456
456	2690
2045	1665
1665	2045
645	983
983	645
1601	1855
1855	1601
50	3497
3497	50
2719	763
763	2719
4522	3939
3939	4522
5033	4675
4675	5033
4253	1764
1764	4253
2668	3004
3004	2668
117	731
731	117
1451	2508
2508	1451
2765	50
50	2765
1601	15
15	1601
1132	2607
2607	1132
2458	501
501	2458
4692	4930
4930	4692
4386	3497
3497	4386
2424	1601
1601	2424
1743	1138
1138	1743
2458	1605
1605	2458
3235	5235
5235	3235
645	3829
3829	645
1953	4138
4138	1953
537	1927
1927	537
4386	4958
4958	4386
2738	3418
3418	2738
3164	727
727	3164
4938	2853
2853	4938
1451	1605
1605	1451
3195	1898
1898	3195
1855	4276
4276	1855
3756	3846
3846	3756
2945	1132
1132	2945
5069	3195
3195	5069
941	877
877	941
3004	4522
4522	3004
2045	4253
4253	2045
3080	1048
1048	3080
877	4675
4675	877
2582	4559
4559	2582
1722	3846
3846	1722
4938	731
731	4938
4481	3982
3982	4481
4446	1783
1783	4446
1138	3497
3497	1138
2424	5323
5323	2424
3418	2582
2582	3418
2668	1093
1093	2668
2945	1927
1927	2945
3497	537
537	3497
1605	1855
1855	1605
456	3589
3589	456
2447	3316
3316	2447
1743	5323
5323	1743
3497	1953
1953	3497
4255	892
892	4255
1953	4928
4928	1953
3858	1665
1665	3858
501	1159
1159	501
501	3497
3497	501
2424	813
813	2424
4221	1093
1093	4221
5069	4253
4253	5069
1132	2619
2619	1132
1138	5323
5323	1138
50	77
77	50
1855	5048
5048	1855
2765	1132
1132	2765
2937	666
666	2937
1805	2719
2719	1805
727	4221
4221	727
142	5323
5323	142
3954	4675
4675	3954
4276	3441
3441	4276
3939	1601
1601	3939
1132	3858
3858	1132
456	3858
3858	456
2447	4928
4928	2447
4621	4457
4457	4621
4393	4457
4457	4393
3497	892
892	3497
208	3939
3939	208
1791	877
877	1791
3235	3886
3886	3235
666	2738
2738	666
2719	2937
2937	2719
4138	4253
4253	4138
3886	1805
1805	3886
4457	2690
2690	4457
813	15
15	813
5323	3154
3154	5323
1665	727
727	1665
1048	763
763	1048
3858	537
537	3858
817	501
501	817
1132	1093
1093	1132
4694	4958
4958	4694
1743	1572
1572	1743
3756	2458
2458	3756
1743	941
941	1743
117	2668
2668	117
1791	1605
1605	1791
804	1138
1138	804
4481	2937
2937	4481
3195	892
892	3195
804	625
625	804
3346	2937
2937	3346
1251	3954
3954	1251
3154	3939
3939	3154
804	1743
1743	804
763	1132
1132	763
1138	2467
2467	1138
3113	2765
2765	3113
2020	15
15	2020
804	3235
3235	804
3883	4238
4238	3883
3346	2508
2508	3346
4694	1855
1855	4694
1601	4559
4559	1601
1511	877
877	1511
2424	1093
1093	2424
1798	5265
5265	1798
1171	666
666	1171
3235	3542
3542	3235
4481	4225
4225	4481
2945	3829
3829	2945
2045	1572
1572	2045
2719	2424
2424	2719
4938	4446
4446	4938
1132	4386
4386	1132
2268	813
813	2268
1048	5323
5323	1048
817	4255
4255	817
804	3756
3756	804
4276	763
763	4276
3080	1132
1132	3080
2424	2879
2879	2424
2508	2945
2945	2508
4522	2619
2619	4522
2156	2020
2020	2156
4928	3308
3308	4928
2668	2045
2045	2668
3080	3497
3497	3080
3846	501
501	3846
1132	1251
1251	1132
1451	2690
2690	1451
2424	1665
1665	2424
4221	537
537	4221
501	1665
1665	501
2719	501
501	2719
2738	4930
4930	2738
813	1665
1665	813
2508	1791
1791	2508
3497	3846
3846	3497
982	763
763	982
1743	2268
2268	1743
3316	2527
2527	3316
3756	117
117	3756
208	3316
3316	208
2719	1605
1605	2719
1722	2668
2668	1722
4481	4928
4928	4481
2156	1743
1743	2156
983	77
77	983
1014	941
941	1014
1805	4958
4958	1805
2508	15
15	2508
4938	1665
1665	4938
2071	2268
2268	2071
1572	4694
4694	1572
645	1511
1511	645
2765	4235
4235	2765
2458	1132
1132	2458
645	1159
1159	645
2045	804
804	2045
2945	4621
4621	2945
2619	4238
4238	2619
208	4225
4225	208
1132	5323
5323	1132
3004	1791
1791	3004
5033	926
926	5033
4446	4225
4225	4446
2765	926
926	2765
4138	1572
1572	4138
3497	1048
1048	3497
2447	5235
5235	2447
763	1898
1898	763
501	4255
4255	501
2719	2690
2690	2719
5130	1605
1605	5130
2020	892
892	2020
501	1014
1014	501
4255	2879
2879	4255
763	4225
4225	763
5069	1171
1171	5069
117	5323
5323	117
2020	2945
2945	2020
3756	1511
1511	3756
2719	2527
2527	2719
3497	5323
5323	3497
1743	4253
4253	1743
208	1722
1722	208
3497	3235
3235	3497
1251	2879
2879	1251
817	3497
3497	817
3982	3418
3418	3982
2607	2268
2268	2607
877	4276
4276	877
5265	941
941	5265
1138	1665
1665	1138
4221	1665
1665	4221
1855	4225
4225	1855
2156	1138
1138	2156
117	1605
1605	117
4000	4621
4621	4000
4457	1953
1953	4457
3164	2582
2582	3164
3418	2458
2458	3418
456	2619
2619	456
2719	4481
4481	2719
77	2582
2582	77
2853	3004
3004	2853
817	926
926	817
1048	2719
2719	1048
3497	625
625	3497
2458	3497
3497	2458
983	208
208	983
2156	3036
3036	2156
2156	877
877	2156
3418	2619
2619	3418
3418	1138
1138	3418
1132	3883
3883	1132
4522	941
941	4522
1132	3846
3846	1132
3308	666
666	3308
804	2424
2424	804
3939	2447
2447	3939
877	4694
4694	877
3954	117
117	3954
1791	645
645	1791
3883	1783
1783	3883
926	4457
4457	926
2945	4559
4559	2945
4446	926
926	4446
3756	1927
1927	3756
1132	3316
3316	1132
4522	77
77	4522
501	3195
3195	501
3164	941
941	3164
2467	2619
2619	2467
501	941
941	501
2045	2945
2945	2045
926	1855
1855	926
817	2659
2659	817
1805	4930
4930	1805
2945	926
926	2945
2619	1171
1171	2619
2619	4958
4958	2619
2945	142
142	2945
2619	2937
2937	2619
804	3939
3939	804
2458	1805
1805	2458
727	3316
3316	727
2447	1171
1171	2447
456	1743
1743	456
3441	2582
2582	3441
142	4675
4675	142
983	2853
2853	983
727	2659
2659	727
4621	2045
2045	4621
2467	1927
1927	2467
3164	2659
2659	3164
2447	2508
2508	2447
5130	5048
5048	5130
117	3164
3164	117
4446	2690
2690	4446
117	813
813	117
2156	1927
1927	2156
1132	4138
4138	1132
3756	2582
2582	3756
2738	625
625	2738
4694	4522
4522	4694
3290	537
537	3290
3418	817
817	3418
1132	3308
3308	1132
15	3418
3418	15
3346	1764
1764	3346
2719	982
982	2719
3497	3886
3886	3497
4235	1451
1451	4235
1743	1132
1132	1743
1722	2508
2508	1722
1855	2619
2619	1855
1783	456
456	1783
5265	3939
3939	5265
3497	1605
1605	3497
3846	4386
4386	3846
3418	813
813	3418
1953	1805
1805	1953
625	813
813	625
208	1511
1511	208
1898	1855
1855	1898
3164	1855
1855	3164
2945	1138
1138	2945
3004	1511
1511	3004
2268	2527
2527	2268
1855	5265
5265	1855
4393	817
817	4393
3497	3858
3858	3497
5048	3164
3164	5048
537	4559
4559	537
501	4621
4621	501
1159	4276
4276	1159
2719	4958
4958	2719
117	3542
3542	117
1014	2804
2804	1014
501	892
892	501
1743	3886
3886	1743
2467	3883
3883	2467
77	2268
2268	77
208	3846
3846	208
3164	2668
2668	3164
2945	3846
3846	2945
2045	3886
3886	2045
2045	3441
3441	2045
3164	1572
1572	3164
4522	2582
2582	4522
1132	1014
1014	1132
3195	1805
1805	3195
4481	4238
4238	4481
2447	1855
1855	2447
4446	2945
2945	4446
2424	3316
3316	2424
804	3316
3316	804
2619	117
117	2619
1138	5033
5033	1138
1805	731
731	1805
804	117
117	804
3113	4000
4000	3113
877	1783
1783	877
804	4958
4958	804
763	3858
3858	763
3542	2508
2508	3542
1791	3883
3883	1791
2853	1171
1171	2853
2879	1855
1855	2879
2690	3316
3316	2690
2156	4446
4446	2156
2045	3589
3589	2045
537	1805
1805	537
456	3497
3497	456
983	5130
5130	983
3883	4692
4692	3883
1805	1014
1014	1805
625	5235
5235	625
2447	4621
4621	2447
2738	2582
2582	2738
1048	4255
4255	1048
1014	3154
3154	1014
3346	4000
4000	3346
2447	731
731	2447
817	4621
4621	817
456	1138
1138	456
3235	645
645	3235
2458	3846
3846	2458
501	1572
1572	501
2071	3418
3418	2071
2508	1132
1132	2508
1171	3883
3883	1171
1764	1132
1132	1764
1722	5235
5235	1722
1138	4255
4255	1138
5323	3939
3939	5323
2879	2268
2268	2879
2508	3829
3829	2508
763	117
117	763
804	1927
1927	804
2045	2619
2619	2045
1132	2668
2668	1132
4481	1898
1898	4481
3883	3235
3235	3883
4675	2458
2458	4675
817	2527
2527	817
2945	2937
2937	2945
2853	4221
4221	2853
817	5024
5024	817
5130	501
501	5130
3195	1572
1572	3195
2447	1605
1605	2447
3441	2619
2619	3441
208	1605
1605	208
1132	537
537	1132
4138	3756
3756	4138
4522	2804
2804	4522
1743	501
501	1743
3195	2659
2659	3195
3346	1805
1805	3346
2045	892
892	2045
3004	4386
4386	3004
727	645
645	727
1138	2659
2659	1138
666	1953
1953	666
1138	3954
3954	1138
2156	3497
3497	2156
1855	77
77	1855
5265	3829
3829	5265
2690	2268
2268	2690
1764	2619
2619	1764
1855	3235
3235	1855
2156	2879
2879	2156
3441	3756
3756	3441
1855	5323
5323	1855
2738	1132
1132	2738
1743	2690
2690	1743
1764	5265
5265	1764
2719	3846
3846	2719
2020	2527
2527	2020
804	4255
4255	804
2045	4457
4457	2045
3858	3886
3886	3858
1132	5048
5048	1132
1132	3195
3195	1132
804	3441
3441	804
982	4694
4694	982
5069	2268
2268	5069
501	4221
4221	501
1132	3164
3164	1132
2879	456
456	2879
3080	1791
1791	3080
50	2527
2527	50
2738	3497
3497	2738
3346	1159
1159	3346
15	666
666	15
3589	1048
1048	3589
2071	1722
1722	2071
142	4559
4559	142
3195	5265
5265	3195
2071	456
456	2071
982	1132
1132	982
4446	1953
1953	4446
1798	763
763	1798
2458	1953
1953	2458
1805	804
804	1805
4930	117
117	4930
2738	4253
4253	2738
1927	3542
3542	1927
1132	1898
1898	1132
5069	4457
4457	5069
3290	1048
1048	3290
892	4238
4238	892
645	4446
4446	645
2458	4958
4958	2458
982	5048
5048	982
2937	1132
1132	2937
3080	4446
4446	3080
1665	2765
2765	1665
3846	3308
3308	3846
1743	4559
4559	1743
3113	3195
3195	3113
1132	3036
3036	1132
5069	1132
1132	5069
537	817
817	537
3846	3982
3982	3846
4138	3858
3858	4138
2945	1791
1791	2945
4446	3589
3589	4446
4675	5069
5069	4675
804	727
727	804
2719	1722
1722	2719
804	2945
2945	804
3858	1927
1927	3858
2719	813
813	2719
1601	4221
4221	1601
4255	1927
1927	4255
2508	3036
3036	2508
804	3883
3883	804
1783	813
813	1783
3195	1014
1014	3195
4446	2458
2458	4446
4000	1805
1805	4000
1605	2424
2424	1605
2467	456
456	2467
3497	2659
2659	3497
5033	5048
5048	5033
1601	77
77	1601
50	3589
3589	50
2945	5130
5130	2945
4000	3939
3939	4000
4000	5033
5033	4000
2738	501
501	2738
1953	3290
3290	1953
5323	3235
3235	5323
2945	4386
4386	2945
1132	4958
4958	1132
3154	2804
2804	3154
1451	813
813	1451
5130	3004
3004	5130
4559	5069
5069	4559
1743	3858
3858	1743
117	5265
5265	117
1132	804
804	1132
2508	1855
1855	2508
4393	2619
2619	4393
1805	208
208	1805
892	4692
4692	892
3858	4255
4255	3858
117	3441
3441	117
2447	3846
3846	2447
817	3846
3846	817
2719	1251
1251	2719
2467	2853
2853	2467
1132	3346
3346	1132
1138	3589
3589	1138
1855	4255
4255	1855
501	4692
4692	501
1665	2020
2020	1665
3080	1927
1927	3080
4138	1601
1601	4138
1764	2945
2945	1764
2690	3164
3164	2690
3756	4958
4958	3756
142	2937
2937	142
2582	456
456	2582
1138	5069
5069	1138
456	1572
1572	456
3113	3858
3858	3113
3154	3113
3113	3154
1014	2937
2937	1014
2738	1805
1805	2738
1138	727
727	1138
1855	4930
4930	1855
3497	2045
2045	3497
1511	4457
4457	1511
1511	5235
5235	1511
3954	4621
4621	3954
2508	2659
2659	2508
3164	926
926	3164
3982	804
804	3982
3195	3982
3982	3195
3497	2937
2937	3497
456	1805
1805	456
2719	1953
1953	2719
3195	1783
1783	3195
3195	3004
3004	3195
731	2582
2582	731
4694	15
15	4694
1743	892
892	1743
2045	2582
2582	2045
4000	537
537	4000
804	537
537	804
3164	4393
4393	3164
2020	1014
1014	2020
2071	3883
3883	2071
142	117
117	142
15	877
877	15
1251	3316
3316	1251
1791	4276
4276	1791
2719	983
983	2719
2447	982
982	2447
2045	5069
5069	2045
5323	940
940	5323
2458	2804
2804	2458
77	877
877	77
142	892
892	142
813	1791
1791	813
4235	4225
4225	4235
3756	1572
1572	3756
142	3346
3346	142
3346	4621
4621	3346
3829	1898
1898	3829
4238	2945
2945	4238
208	817
817	208
456	501
501	456
4481	3316
3316	4481
4522	4958
4958	4522
1171	1898
1898	1171
