4549	2461	0.01
2461	4549	0.01
3570	3615	1.0
3615	3570	1.0
3479	2432	0.01
2432	3479	0.01
77	4940	0.01
4940	77	0.01
3881	1769	1.0
1769	3881	1.0
2807	1800	0.01
1800	2807	0.01
2358	2582	0.01
2582	2358	0.01
4795	49	0.01
49	4795	0.01
3861	501	0.01
501	3861	0.01
1665	3497	1.0
3497	1665	1.0
1928	4549	0.01
4549	1928	0.01
3570	4522	0.01
4522	3570	0.01
4522	1928	0.01
1928	4522	0.01
941	77	1.0
77	941	1.0
4288	616	0.01
616	4288	0.01
4962	1585	0.01
1585	4962	0.01
440	3570	0.01
3570	440	0.01
1769	4457	1.0
4457	1769	1.0
126	545	0.01
545	126	0.01
366	15	1.0
15	366	1.0
1769	3301	1.0
3301	1769	1.0
1769	5278	1.0
5278	1769	1.0
3497	3570	1.0
3570	3497	1.0
3861	5265	0.01
5265	3861	0.01
2582	4549	1.0
4549	2582	1.0
2250	3301	1.0
3301	2250	1.0
2807	1769	1.0
1769	2807	1.0
366	4962	0.01
4962	366	0.01
3301	941	0.01
941	3301	0.01
1572	2807	1.0
2807	1572	1.0
892	2310	0.01
2310	892	0.01
4457	2582	0.01
2582	4457	0.01
49	15	1.0
15	49	1.0
366	941	1.0
941	366	1.0
3570	5278	0.01
5278	3570	0.01
3507	4288	0.01
4288	3507	0.01
4418	4457	1.0
4457	4418	1.0
3507	1769	1.0
1769	3507	1.0
892	4795	1.0
4795	892	1.0
4225	2045	0.01
2045	4225	0.01
5	4940	0.01
4940	5	0.01
4276	15	0.01
15	4276	0.01
501	3104	0.01
3104	501	0.01
4868	91	1.0
91	4868	1.0
4549	941	1.0
941	4549	1.0
4868	2358	1.0
2358	4868	1.0
5	4868	1.0
4868	5	1.0
1769	2358	1.0
2358	1769	1.0
1935	43	0.01
43	1935	0.01
1487	2432	0.01
2432	1487	0.01
2582	501	1.0
501	2582	1.0
77	1769	1.0
1769	77	1.0
892	43	0.01
43	892	0.01
892	941	1.0
941	892	1.0
77	91	0.01
91	77	0.01
3497	4868	1.0
4868	3497	1.0
5	15	1.0
15	5	1.0
2807	1487	1.0
1487	2807	1.0
1585	545	0.01
545	1585	0.01
501	3497	1.0
3497	501	1.0
1665	1572	1.0
1572	1665	1.0
1585	4868	1.0
4868	1585	1.0
4288	2508	1.0
2508	4288	1.0
967	1769	1.0
1769	967	1.0
3497	2508	1.0
2508	3497	1.0
126	1769	1.0
1769	126	1.0
5	1935	1.0
1935	5	1.0
982	4481	1.0
4481	982	1.0
3548	2310	0.01
2310	3548	0.01
1800	2388	0.01
2388	1800	0.01
5	2432	0.01
2432	5	0.01
941	1769	1.0
1769	941	1.0
3548	2582	0.01
2582	3548	0.01
941	1935	1.0
1935	941	1.0
4457	94	0.01
94	4457	0.01
2508	3888	0.01
3888	2508	0.01
366	892	0.01
892	366	0.01
5	4795	1.0
4795	5	1.0
4457	1935	1.0
1935	4457	1.0
3507	2358	0.01
2358	3507	0.01
804	2506	0.01
2506	804	0.01
2461	4225	0.01
4225	2461	0.01
3507	1935	0.01
1935	3507	0.01
892	4276	1.0
4276	892	1.0
967	1572	0.01
1572	967	0.01
3548	1585	1.0
1585	3548	1.0
2229	3497	1.0
3497	2229	1.0
1572	15	0.01
15	1572	0.01
2582	1935	1.0
1935	2582	1.0
1769	1935	1.0
1935	1769	1.0
3570	2388	0.01
2388	3570	0.01
2461	4795	0.01
4795	2461	0.01
3615	2508	1.0
2508	3615	1.0
91	1928	1.0
1928	91	1.0
1928	982	0.01
982	1928	0.01
2365	4457	0.01
4457	2365	0.01
883	1487	0.01
1487	883	0.01
892	4549	1.0
4549	892	1.0
4288	3497	1.0
3497	4288	1.0
366	3301	0.01
3301	366	0.01
2582	1928	1.0
1928	2582	1.0
3570	1769	1.0
1769	3570	1.0
2229	4868	1.0
4868	2229	1.0
1585	1769	1.0
1769	1585	1.0
4795	982	0.01
982	4795	0.01
2506	5278	0.01
5278	2506	0.01
5	2508	1.0
2508	5	1.0
616	3785	0.01
3785	616	0.01
4549	3785	0.01
3785	4549	0.01
941	91	1.0
91	941	1.0
967	616	0.01
616	967	0.01
1214	3881	0.01
3881	1214	0.01
4795	3861	1.0
3861	4795	1.0
3479	2310	0.01
2310	3479	0.01
15	1769	1.0
1769	15	1.0
3479	440	0.01
440	3479	0.01
5	4962	1.0
4962	5	1.0
4276	4481	1.0
4481	4276	1.0
982	1163	0.01
1163	982	0.01
4549	1935	0.01
1935	4549	0.01
1665	2807	1.0
2807	1665	1.0
2582	1769	1.0
1769	2582	1.0
2582	941	1.0
941	2582	1.0
4795	616	0.01
616	4795	0.01
3104	3888	0.01
3888	3104	0.01
1769	4184	1.0
4184	1769	1.0
941	1487	0.01
1487	941	0.01
4795	2229	1.0
2229	4795	1.0
1572	1769	1.0
1769	1572	1.0
1214	883	0.01
883	1214	0.01
5	2229	1.0
2229	5	1.0
2229	1585	1.0
1585	2229	1.0
3301	2508	1.0
2508	3301	1.0
941	1928	1.0
1928	941	1.0
94	91	0.01
91	94	0.01
1769	3615	1.0
3615	1769	1.0
3615	3881	0.01
3881	3615	0.01
1769	3861	1.0
3861	1769	1.0
2388	77	0.01
77	2388	0.01
941	4868	1.0
4868	941	1.0
3497	94	1.0
94	3497	1.0
49	3615	1.0
3615	49	1.0
2388	2582	1.0
2582	2388	1.0
4276	2250	1.0
2250	4276	1.0
2250	2992	0.01
2992	2250	0.01
2432	616	0.01
616	2432	0.01
892	77	0.01
77	892	0.01
3785	4522	0.01
4522	3785	0.01
545	3301	0.01
3301	545	0.01
1665	501	1.0
501	1665	1.0
941	4962	0.01
4962	941	0.01
1665	3615	1.0
3615	1665	1.0
4225	4481	1.0
4481	4225	1.0
4418	3479	1.0
3479	4418	1.0
366	2582	1.0
2582	366	1.0
2388	2358	1.0
2358	2388	1.0
2388	4795	0.01
4795	2388	0.01
2432	4522	0.01
4522	2432	0.01
2388	3479	0.01
3479	2388	0.01
4288	1769	1.0
1769	4288	1.0
2582	91	1.0
91	2582	1.0
49	1935	1.0
1935	49	1.0
982	1769	1.0
1769	982	1.0
2310	43	0.01
43	2310	0.01
43	91	1.0
91	43	1.0
3615	1935	1.0
1935	3615	1.0
2644	448	0.01
448	2644	0.01
4549	1769	1.0
1769	4549	1.0
4225	94	0.01
94	4225	0.01
4481	2388	0.01
2388	4481	0.01
77	4481	0.01
4481	77	0.01
4549	4418	1.0
4418	4549	1.0
3479	91	1.0
91	3479	1.0
49	94	1.0
94	49	1.0
4225	2250	0.01
2250	4225	0.01
2229	4522	0.01
4522	2229	0.01
448	2506	0.01
2506	448	0.01
1311	2388	0.01
2388	1311	0.01
4457	5	0.01
5	4457	0.01
1665	3507	0.01
3507	1665	0.01
4868	1769	1.0
1769	4868	1.0
892	3888	0.01
3888	892	0.01
2310	1769	1.0
1769	2310	1.0
4481	366	0.01
366	4481	0.01
1769	1208	1.0
1208	1769	1.0
3479	967	0.01
967	3479	0.01
2229	1769	1.0
1769	2229	1.0
77	3479	0.01
3479	77	0.01
2807	2644	0.01
2644	2807	0.01
1208	4522	0.01
4522	1208	0.01
4225	4276	1.0
4276	4225	1.0
4549	2045	0.01
2045	4549	0.01
4481	1208	1.0
1208	4481	1.0
2229	2358	1.0
2358	2229	1.0
49	91	0.01
91	49	0.01
2461	804	0.01
804	2461	0.01
2807	883	0.01
883	2807	0.01
3785	4481	0.01
4481	3785	0.01
440	49	0.01
49	440	0.01
1800	2250	0.01
2250	1800	0.01
1800	501	0.01
501	1800	0.01
941	5278	0.01
5278	941	0.01
501	4276	1.0
4276	501	1.0
49	3548	0.01
3548	49	0.01
448	2508	0.01
2508	448	0.01
501	1572	1.0
1572	501	1.0
501	941	1.0
941	501	1.0
3615	2045	0.01
2045	3615	0.01
3104	2388	0.01
2388	3104	0.01
5	4225	1.0
4225	5	1.0
1572	4868	1.0
4868	1572	1.0
1214	2582	0.01
2582	1214	0.01
982	3615	1.0
3615	982	1.0
4184	94	0.01
94	4184	0.01
49	1769	1.0
1769	49	1.0
892	1800	1.0
1800	892	1.0
43	3104	0.01
3104	43	0.01
2229	1800	0.01
1800	2229	0.01
2582	3479	1.0
3479	2582	1.0
501	1769	1.0
1769	501	1.0
804	1665	0.01
1665	804	0.01
2229	3615	0.01
3615	2229	0.01
1769	1928	1.0
1928	1769	1.0
2388	883	0.01
883	2388	0.01
2461	43	0.01
43	2461	0.01
4276	3615	1.0
3615	4276	1.0
892	982	0.01
982	892	0.01
3497	1769	1.0
1769	3497	1.0
941	126	0.01
126	941	0.01
5	3570	0.01
3570	5	0.01
2644	3615	0.01
3615	2644	0.01
2807	1928	1.0
1928	2807	1.0
2807	15	1.0
15	2807	1.0
4795	1800	0.01
1800	4795	0.01
49	4457	0.01
4457	49	0.01
2250	5265	0.01
5265	2250	0.01
1928	4962	0.01
4962	1928	0.01
1769	4481	1.0
4481	1769	1.0
4795	941	1.0
941	4795	1.0
2229	2508	1.0
2508	2229	1.0
4457	126	0.01
126	4457	0.01
5	3497	1.0
3497	5	1.0
1935	4868	0.01
4868	1935	0.01
5	1572	1.0
1572	5	1.0
4795	2358	1.0
2358	4795	1.0
3570	3785	0.01
3785	3570	0.01
3570	1800	0.01
1800	3570	0.01
3881	2506	0.01
2506	3881	0.01
2229	1665	1.0
1665	2229	1.0
3570	77	0.01
77	3570	0.01
366	4225	0.01
4225	366	0.01
2582	4868	1.0
4868	2582	1.0
5	982	1.0
982	5	1.0
2432	4418	0.01
4418	2432	0.01
4276	1769	1.0
1769	4276	1.0
43	1769	1.0
1769	43	1.0
941	2432	0.01
2432	941	0.01
892	2358	1.0
2358	892	1.0
1572	883	0.01
883	1572	0.01
1928	2992	0.01
2992	1928	0.01
892	3479	0.01
3479	892	0.01
5	91	1.0
91	5	1.0
3479	982	0.01
982	3479	0.01
982	4868	1.0
4868	982	1.0
4868	1487	0.01
1487	4868	0.01
2388	3497	1.0
3497	2388	1.0
1665	1769	1.0
1769	1665	1.0
4868	3570	1.0
3570	4868	1.0
2807	2358	1.0
2358	2807	1.0
2807	3881	1.0
3881	2807	1.0
3881	941	1.0
941	3881	1.0
126	1311	0.01
1311	126	0.01
4868	2250	1.0
2250	4868	1.0
982	4225	1.0
4225	982	1.0
1665	1800	0.01
1800	1665	0.01
4184	2365	0.01
2365	4184	0.01
2582	94	1.0
94	2582	1.0
2229	2250	1.0
2250	2229	1.0
4549	3615	1.0
3615	4549	1.0
2229	1935	0.01
1935	2229	0.01
440	2582	0.01
2582	440	0.01
545	1208	0.01
1208	545	0.01
3497	91	1.0
91	3497	1.0
2229	2807	1.0
2807	2229	1.0
545	4962	0.01
4962	545	0.01
91	1311	0.01
1311	91	0.01
49	941	1.0
941	49	1.0
804	1208	0.01
1208	804	0.01
43	4522	0.01
4522	43	0.01
15	2250	0.01
2250	15	0.01
4795	2508	1.0
2508	4795	1.0
4481	2310	0.01
2310	4481	0.01
77	2250	1.0
2250	77	1.0
616	43	0.01
43	616	0.01
126	2807	1.0
2807	126	1.0
2310	1487	0.01
1487	2310	0.01
2644	4962	0.01
4962	2644	0.01
1311	2461	0.01
2461	1311	0.01
4457	2992	0.01
2992	4457	0.01
4418	1769	1.0
1769	4418	1.0
2365	3888	0.01
3888	2365	0.01
2388	1208	1.0
1208	2388	1.0
4795	3497	1.0
3497	4795	1.0
1572	2250	1.0
2250	1572	1.0
91	4276	0.01
4276	91	0.01
4225	1769	1.0
1769	4225	1.0
804	4962	0.01
4962	804	0.01
2461	616	0.01
616	2461	0.01
2310	2807	1.0
2807	2310	1.0
501	1487	0.01
1487	501	0.01
2992	2365	0.01
2365	2992	0.01
49	3301	0.01
3301	49	0.01
4795	1769	1.0
1769	4795	1.0
1769	2365	0.01
2365	1769	0.01
3861	448	0.01
448	3861	0.01
1163	1769	1.0
1769	1163	1.0
4868	3301	1.0
3301	4868	1.0
49	4418	0.01
4418	49	0.01
1572	94	1.0
94	1572	1.0
4481	3507	0.01
3507	4481	0.01
1928	1935	1.0
1935	1928	1.0
43	2250	1.0
2250	43	1.0
3785	1769	1.0
1769	3785	1.0
4868	3615	1.0
3615	4868	1.0
1585	2358	1.0
2358	1585	1.0
1665	4276	1.0
4276	1665	1.0
1665	3881	0.01
3881	1665	0.01
1487	3497	0.01
3497	1487	0.01
4418	3615	1.0
3615	4418	1.0
2250	2432	1.0
2432	2250	1.0
1665	94	0.01
94	1665	0.01
1311	4288	0.01
4288	1311	0.01
3104	440	0.01
440	3104	0.01
3615	2250	1.0
2250	3615	1.0
2992	2388	0.01
2388	2992	0.01
4795	2582	1.0
2582	4795	1.0
1487	1769	1.0
1769	1487	1.0
3104	804	0.01
804	3104	0.01
1769	2508	1.0
2508	1769	1.0
892	4868	1.0
4868	892	1.0
1769	3479	1.0
3479	1769	1.0
366	3615	1.0
3615	366	1.0
1585	3479	0.01
3479	1585	0.01
2582	49	1.0
49	2582	1.0
2388	448	0.01
448	2388	0.01
1163	366	0.01
366	1163	0.01
366	1935	1.0
1935	366	1.0
616	2358	0.01
2358	616	0.01
982	2045	0.01
2045	982	0.01
366	1769	1.0
1769	366	1.0
4795	3570	1.0
3570	4795	1.0
2432	3301	0.01
3301	2432	0.01
5	1665	1.0
1665	5	1.0
1800	1769	1.0
1769	1800	1.0
366	1928	0.01
1928	366	0.01
3548	1769	1.0
1769	3548	1.0
982	1665	0.01
1665	982	0.01
1928	5278	0.01
5278	1928	0.01
2358	4418	0.01
4418	2358	0.01
2388	1769	1.0
1769	2388	1.0
4418	1163	1.0
1163	4418	1.0
2388	94	0.01
94	2388	0.01
4276	2508	1.0
2508	4276	1.0
545	91	0.01
91	545	0.01
2992	4522	0.01
4522	2992	0.01
1769	91	1.0
91	1769	1.0
1769	2250	0.01
2250	1769	0.01
49	2250	1.0
2250	49	1.0
4795	4868	1.0
4868	4795	1.0
366	2508	1.0
2508	366	1.0
4225	1928	0.01
1928	4225	0.01
3301	2358	1.0
2358	3301	1.0
2506	1769	1.0
1769	2506	1.0
4962	1769	1.0
1769	4962	1.0
3301	1208	0.01
1208	3301	0.01
967	4868	1.0
4868	967	1.0
3548	2358	1.0
2358	3548	1.0
501	4481	0.01
4481	501	0.01
2229	94	1.0
94	2229	1.0
1800	2358	0.01
2358	1800	0.01
3888	2045	0.01
2045	3888	0.01
2644	1665	1.0
1665	2644	1.0
982	1572	1.0
1572	982	1.0
1769	94	1.0
94	1769	1.0
1769	2432	1.0
2432	1769	1.0
1163	3881	0.01
3881	1163	0.01
941	3479	1.0
3479	941	1.0
2582	77	1.0
77	2582	1.0
2992	3570	0.01
3570	2992	0.01
616	91	0.01
91	616	0.01
15	1487	0.01
1487	15	0.01
2582	4418	0.01
4418	2582	0.01
2432	1585	0.01
1585	2432	0.01
5	1769	1.0
1769	5	1.0
2229	941	1.0
941	2229	1.0
4225	501	0.01
501	4225	0.01
2461	3301	0.01
3301	2461	0.01
892	15	0.01
15	892	0.01
2644	1769	1.0
1769	2644	1.0
1665	4549	0.01
4549	1665	0.01
2388	3548	1.0
3548	2388	1.0
892	91	1.0
91	892	1.0
