1935	819	0.0
1195	2659	0.0
3004	3370	0.444483210383
2291	3799	0.713394816291
4573	5266	0.0
925	3346	0.0
3178	2678	0.0
278	5266	0.0
368	1927	0.0
501	2412	0.0
1748	1572	0.0
185	1572	0.445795312983
2305	1222	0.0
131	4846	0.0
501	2458	0.0
1239	1363	0.642777143559
2945	2020	0.0
5126	383	0.0
537	4676	0.0
2010	2280	0.0
537	3516	0.0
4069	4065	0.630388949535
4303	1805	0.0
537	1312	0.0
30	383	0.474317755079
3622	1699	0.457336801487
2331	2480	0.0
3004	1807	0.507573187089
2733	1634	0.0
1195	925	0.0
1427	4922	0.0
1195	465	0.0
537	1771	0.0
668	5265	0.0
2331	4682	0.469399194501
524	3440	0.0
366	2216	0.0
42	1132	0.0
3560	501	0.0
3908	5172	0.0
2235	3105	0.0
1169	4341	0.0
3440	3262	0.0
4972	4558	0.0
1695	2739	0.0
3940	2700	0.705036947656
3504	2513	0.0
1169	2739	0.0
1665	2739	0.0
537	2292	0.0
3886	501	0.0
4972	473	0.0
1771	4296	0.0
4303	3966	0.0
1699	2678	0.0
2330	131	0.0
4925	5265	0.0
3622	878	0.0
2458	3370	0.0
1665	3622	0.0
4253	2045	0.0
4559	72	0.0
4440	4069	0.670624708046
1294	2412	0.0
278	4566	0.0
1896	2796	0.0
42	2536	0.0
596	3346	0.0
666	2619	0.0
2311	2796	0.0
3858	786	0.0
1376	767	0.0
892	2020	0.0
537	4728	0.0
2311	5126	0.0
2216	1757	0.0
666	4418	0.0
3440	2536	0.0
100	1258	0.0
2586	4341	0.0
233	2052	0.0
3843	4182	0.0
804	1807	0.0
1896	3262	0.0
278	416	0.0
3896	1236	0.0
366	4069	0.639265311769
2311	5069	0.0
3497	3622	0.454499707397
4182	1312	0.0
2388	2235	0.0
2458	233	0.0
4972	3553	0.0
278	3346	0.0
1427	4558	0.0
2388	3440	0.0
4418	4676	0.0
5315	3799	0.0
2305	5266	0.0
1695	5276	0.0
1665	3858	0.0
537	1132	0.499310379758
1863	878	0.0
3858	892	0.0
3262	4846	0.0
892	761	0.44161693446
3497	2619	0.0
1601	3262	0.0
2796	3529	0.0
3383	1132	0.462071495776
1695	2744	0.0
501	1122	0.0
3497	3858	0.0
5	2619	0.0
278	2331	0.0
338	2170	0.0
4253	2659	0.0
473	1699	0.464009530522
4506	1236	0.629562261196
3510	4440	0.0
892	1807	0.459904474938
3886	1805	0.0
2458	1236	0.0
3105	3120	0.0
1665	4370	0.0
1138	1427	0.0
2311	2314	0.0
822	767	0.0
524	185	0.0
2305	2105	0.0
2170	2216	0.0
3886	2678	0.0
822	3529	0.0
537	1239	0.455934826164
1132	2678	0.0
4253	3370	0.452777177538
3497	3440	0.467833874642
472	1122	0.0
5032	2102	0.0
2796	2587	0.0
3497	4253	0.454499707397
3805	1363	0.691835008733
537	3820	0.446435067155
3589	72	0.440318638633
3262	925	0.0
1634	2945	0.0
537	4829	0.0
2305	4728	0.0
3497	1927	0.462847623749
804	1236	0.0
3772	3529	1.0
4000	1805	0.0
892	2544	0.485033187843
366	3251	0.0
3858	3886	0.0
2330	1195	0.0
501	2742	0.0
4728	1169	0.0
3886	2536	0.0
767	1363	0.0
1294	3510	0.0
4619	4558	0.0
3497	2170	0.0
2365	233	0.621230520447
366	4737	0.0
4114	416	0.0
537	2659	0.0
2330	3534	0.0
1138	1634	0.0
1927	1195	0.462847623749
1665	3940	0.0
2619	2513	0.0
537	5315	0.0
3120	2536	0.0
2114	4619	0.0
1757	804	0.0
5172	1312	0.0
3326	4253	0.452000329469
1896	1236	0.0
5172	5265	0.0
2280	3820	0.0
3886	3749	0.0
2330	2554	0.0
1132	2659	0.0
4818	3808	0.0
1665	4558	0.0
2733	4296	0.0
4253	1303	0.0
2767	5281	0.0
3908	4418	0.0
3628	4522	0.572545327663
1527	4296	0.0
1363	2756	0.592267047887
2388	2114	0.0
3820	878	0.0
1699	4253	0.457336801487
4975	1634	0.0
3440	2480	0.0
5265	5281	0.0
1601	2796	0.0
2796	2536	0.0
4606	1363	0.0
3370	4382	0.0
366	4621	0.0
3589	1195	0.444389771476
804	4370	0.0
3497	1665	0.0
3622	1771	0.0
2365	804	0.0
2020	1572	0.0
3497	2458	0.0
1807	2659	0.0
2412	1572	0.521694915207
4925	888	0.0
2381	5281	0.0
4114	1863	0.0
3886	185	0.466269623896
278	1258	0.0
767	1138	0.0
4972	2381	0.0
4506	2020	0.0
1699	3906	0.0
1927	1805	0.0
537	925	0.0
185	3468	0.477036832472
501	1132	0.0
666	2536	0.0
338	4341	0.0
126	185	0.0
767	1236	0.0
3497	4728	0.0
983	1572	0.0
3589	2412	0.444389771476
3440	2619	0.0
3589	4362	0.0
501	2170	0.0
472	1572	0.481451759651
5	3004	0.422789955568
537	3906	0.0
3589	1699	0.45769249596
892	4818	0.485033187843
5116	3353	0.0
804	5265	0.0
1634	2659	0.0
2586	5	0.0
4559	2945	0.0
38	524	0.0
2045	383	0.0
1665	3468	0.0
185	3440	0.448419222365
2280	3346	0.0
4303	2381	0.0
892	5032	0.45362912268
126	1629	0.0
2045	4566	0.0
3529	5265	0.0
1757	3468	0.635177496419
3326	1258	0.0
1927	4253	0.452777177538
366	3440	0.534605058563
3440	2102	0.0
2388	1236	0.0
2311	233	0.0
1601	465	0.0
3440	2799	0.566465095994
278	2458	0.0
4418	3529	0.0
3516	804	0.0
2311	5309	0.0
383	465	0.0
1699	2945	0.462234615131
537	801	0.509025396306
2235	804	0.0
3622	1695	0.0
746	2945	0.0
2945	3799	0.44085765434
537	2739	0.0
2536	3346	0.0
366	1527	0.0
338	5265	0.0
2291	1572	0.482897700981
2458	746	0.0
2381	3982	0.0
2756	4365	0.612205434368
126	2945	0.0
1376	3820	0.0
5327	888	0.0
2619	2314	0.0
3589	4728	0.0
3589	3370	0.440318638633
2291	3289	0.0
767	1195	0.0
185	2458	0.0
2544	1222	0.0
3105	2102	0.0
1807	416	0.515693767595
4621	1132	0.0
2619	4621	0.0
3575	4370	0.84790179312
983	4566	0.0
3468	761	0.502434879575
32	3982	0.0
3510	416	0.0
666	2544	0.0
2114	2945	0.43287949865
38	5	0.469597146122
537	4182	0.530780840505
2388	1771	0.0
1294	1896	0.0
2045	2678	0.0
3622	5	0.462435607581
3308	3886	0.0
666	878	0.0
822	2464	0.0
3308	1807	0.0
5327	1863	0.0
524	888	0.0
1427	2659	0.0
537	4506	0.495165663906
3886	2045	0.0
1665	72	0.0
4303	2739	0.0
407	4818	0.0
42	3730	0.0
4029	5266	0.0
3370	1807	0.462847623749
2388	1748	0.0
5032	888	0.0
2381	2513	0.0
2742	4522	0.0
2619	801	0.0
5309	804	0.0
1354	4676	0.0
3589	3004	0.459432072462
1427	2102	0.0
1601	5265	0.0
366	2235	0.0
1699	4621	0.0
38	1122	0.0
2280	4728	0.0
1195	1634	0.0
1927	4559	0.0
2203	4566	0.0
2381	2756	0.0
2464	2742	0.0
5032	2659	0.0
1665	4341	0.0
1195	2945	0.451468227873
537	383	0.532290057576
537	2102	0.0
5	2799	0.502043002168
126	5032	0.0
2945	4566	0.0
4303	5172	0.0
4829	1699	0.0
1699	2020	0.0
42	1805	0.0
4922	5265	0.0
4440	4558	0.0
1132	2102	0.0
2311	1291	0.0
38	2280	0.0
2586	4737	0.466269623896
2216	3510	0.0
2554	3534	0.0
3886	4566	0.0
3308	892	0.0
1807	3982	0.0
2203	3799	0.0
4573	5309	0.0
1376	501	0.0
3858	3326	0.0
3440	925	0.0
4619	2619	0.0
3440	1863	0.460122112922
3004	1634	0.0
3440	2678	0.0
1863	4846	0.433720237189
666	1527	0.0
3534	1195	0.457336801487
983	3440	0.0
1665	3308	0.0
1138	4418	0.0
3497	1699	0.467833874642
465	2480	0.0
3497	5032	0.445795312983
32	2733	0.0
465	3529	0.0
4303	983	0.0
4440	2536	0.0
501	1572	0.0
822	888	0.0
5315	2799	0.0
3622	3120	0.0
2388	2464	0.0
746	2619	0.0
3105	1236	0.685274022309
3622	472	0.527605626795
501	1195	0.0
2388	2330	0.0
2330	1807	0.0
4712	2756	0.649346173748
2381	4522	0.0
3534	5309	0.754127964418
3622	1195	0.457336801487
1601	1927	0.0
3589	4365	0.453546675961
4829	3982	0.0
1239	4362	0.56739701771
2105	2945	0.448801780324
2291	1527	0.0
3622	4737	0.442324607813
4728	801	0.0
2311	804	0.0
1863	3529	0.0
537	1805	0.0
2010	2381	1.0
1642	2799	0.488120383953
1634	2756	0.0
1905	2536	0.0
888	3982	0.0
2945	4296	0.0
3004	4506	0.463938802632
1927	804	0.0
2464	925	0.0
3504	5265	0.0
3308	2170	0.0
185	925	0.0
1427	4737	0.0
801	3346	0.0
4069	3346	0.0
5	4619	0.0
185	2619	0.0
3908	2554	0.0
1376	4303	0.0
2388	4506	0.0
72	4365	0.493169723164
822	2305	0.0
465	3353	0.0
1665	3504	0.0
1927	4676	0.0
1195	2102	0.0
185	4418	0.0
4619	4712	0.0
666	416	0.0
5	4621	0.0
4619	3982	0.0
3772	1303	0.0
767	4069	0.0
4303	819	0.0
537	4303	0.0
126	822	0.0
1927	5172	0.0
5172	3510	0.0
4972	1028	0.0
501	4559	0.0
2305	2458	0.0
892	3004	0.482943619626
278	1169	0.0
1699	4737	0.462234615131
3560	3553	0.0
4000	1132	0.507573187089
3440	1258	0.0
501	2381	0.0
4972	3289	0.0
1665	3370	0.0
3966	1572	0.45096206749
3178	4558	0.0
3135	4182	0.0
4341	4561	0.43093634877
3589	2739	0.0
1935	1642	0.0
3497	2678	0.0
537	2305	0.0
1195	2020	0.0
4559	5266	0.0
2045	2945	0.0
537	2303	0.527407341599
1927	1258	0.0
38	2314	0.0
3589	3808	0.0
185	1699	0.448419222365
892	4566	0.0
1771	4370	0.0
1665	5069	0.0
5069	1195	0.0
2586	3940	0.0
3589	4114	0.0
3120	3353	0.0
2458	5032	0.0
501	2216	0.0
1927	1239	0.449292290746
1699	804	0.0
2170	1169	0.0
2330	4573	0.0
3843	2102	0.0
767	2659	0.0
4559	1572	0.0
3858	1805	0.0
1695	1236	0.0
42	4365	0.0
4619	465	0.0
2458	1132	0.0
3308	4566	0.0
3120	4558	0.0
4536	2045	0.0
501	925	0.0
2458	4253	0.0
407	892	0.0
501	761	0.0
4069	1236	0.639265311769
983	2105	0.0
3886	801	0.509025396306
983	1634	0.0
2280	3308	0.0
32	2513	0.0
3589	2458	0.0
1896	501	0.0
5172	1258	0.0
2733	4566	0.0
1905	2292	0.0
2311	1138	0.0
2381	5265	0.0
3858	5032	0.0
185	2045	0.0
3510	2233	0.0
1665	2216	0.0
1572	5281	0.0
5315	4365	0.0
1354	4606	0.0
465	4296	0.0
32	5	0.0
537	822	0.0
185	2587	0.0
537	3135	0.0
1138	1363	0.0
1935	1291	0.0
465	5281	0.0
2305	1195	0.0
32	3966	0.0
3622	1634	0.0
2114	2458	0.0
3886	4253	0.476748035657
2010	2303	0.0
1634	4382	0.0
2458	3440	0.0
3553	2233	0.0
1258	2480	0.0
1312	1572	0.0
366	1896	0.0
338	5069	0.0
3553	2796	0.0
1927	4296	0.0
3135	2744	0.0
1665	3510	0.0
892	1634	0.0
822	596	0.0
1527	5265	0.0
1138	2170	0.0
3440	2020	0.0
524	2945	0.0
2311	3808	0.0
185	3628	0.441494179476
4559	819	0.0
501	4682	0.0
3485	1132	0.0
1427	1222	0.0
2365	3510	0.0
370	1896	0.0
100	4634	0.0
3589	131	0.0
2412	1771	0.0
4925	1863	0.0
38	2742	0.0
4682	3346	0.0
3749	2464	0.0
666	2045	0.0
3497	1132	0.462847623749
5327	1028	0.0
537	2388	0.0
4000	3370	0.486530159383
2045	4522	0.0
3622	3813	0.477413188267
185	2945	0.434493510059
370	4253	0.0
1642	383	0.507573187089
4619	1771	0.0
3886	5032	0.465156265448
2388	3326	0.0
370	2045	0.0
3772	72	0.0
2796	4065	0.0
4253	1236	0.0
3383	3906	0.0
1634	2020	0.0
4303	4253	0.0
2170	4559	0.0
1629	878	0.0
888	4621	0.0
4522	3346	0.0
3497	925	0.0
126	2280	0.0
1427	3966	0.0
4737	1291	0.457923967334
233	383	0.0
524	1222	0.0
822	472	0.0
4000	3730	0.0
3622	1863	0.448288725004
5126	804	0.0
4000	4621	0.0
1294	5265	0.0
537	1695	0.0
2619	1572	0.0
1665	4365	0.0
1195	3120	0.0
1927	1312	0.0
4114	2297	0.0
3628	5266	0.0
2586	4925	0.0
892	5266	0.0
767	3326	0.0
3497	1363	0.477805940514
2203	3468	0.0
366	2586	0.0
3896	4303	0.0
3622	4114	0.0
819	3575	0.84790179312
38	1427	0.0
1805	2945	0.0
4619	1222	0.0
3858	1169	0.0
2331	2945	0.43093634877
2311	4606	0.0
1376	1236	0.0
2365	4069	0.617057305782
2330	185	0.0
5069	2619	0.0
4303	3346	0.0
2305	925	0.0
2544	4065	0.755905074328
3628	5309	0.471301129546
1427	2458	0.0
786	2678	0.0
5126	3805	0.0
2587	3575	0.702142695286
185	888	0.0
2291	3370	0.480705518917
38	2756	0.812360882976
524	3886	0.0
1665	4728	0.0
3497	4440	0.4604064953
3120	1807	0.0
3468	4296	0.0
2305	131	0.0
185	786	0.437278534309
3589	1138	0.0
368	4846	0.0
2799	925	0.0
2010	1757	0.0
1122	2678	0.0
2700	5265	0.0
1354	1927	0.515693767595
892	4341	0.451761516994
3813	5265	0.0
2480	5265	0.0
3308	2458	0.0
4303	3820	0.0
3813	1807	0.4799650284
278	2659	0.0
2311	2513	0.0
2280	1771	0.0
3886	892	0.484248527178
38	4114	0.0
383	4621	0.0
501	4296	0.0
38	4370	0.66756243263
3004	1132	0.507573187089
3135	4987	0.0
5312	5276	0.0
3589	3886	0.460499864882
5016	2799	0.0
2280	5172	0.0
1695	5309	0.522869709352
537	1748	0.0
233	3906	0.0
1239	4296	0.0
2739	1028	0.0
3251	185	0.0
3534	4253	0.450753143792
4682	5276	0.0
1132	2020	0.0
1896	472	0.0
3497	3178	0.0
4975	4682	0.0
3251	1629	0.0
1312	5266	0.0
537	5126	0.0
2388	185	0.0
537	2678	0.0
4114	1195	0.0
4682	819	0.737198196614
1239	465	0.0
3940	1927	0.493169723164
537	5172	0.0
2216	4296	0.0
370	2292	0.0
3440	3510	0.0
4634	2292	0.0
1935	3628	0.0
4536	3510	0.0
366	1363	0.611476243301
1935	3553	0.0
4829	2102	0.0
668	3906	0.0
668	3178	0.0
4000	4065	0.475195108111
2170	4846	0.0
4972	3560	0.0
1896	2536	0.0
2297	3808	0.0
3622	4972	0.0
3004	3346	0.0
100	3772	0.0
3004	1303	0.0
338	3534	0.0
2458	2536	0.0
407	185	0.0
3497	1896	0.0
1138	2945	0.0
3772	4382	1.0
3622	1807	0.452777177538
2303	3105	1.0
1642	3004	0.466533817471
4621	2102	0.0
2756	3799	0.563871751488
3497	185	0.445795312983
1601	1236	0.0
2458	4728	0.0
5126	2045	0.0
366	5069	0.0
1642	3886	0.487172784855
4619	4566	0.0
3510	804	0.0
368	1629	0.0
537	3326	0.458808293856
537	3799	0.457923967334
3628	4606	0.0
3370	4712	0.506324601117
4606	4619	0.0
596	804	0.0
4303	30	0.0
3497	2305	0.0
4440	4418	0.0
126	1896	0.0
5	3346	0.0
537	2052	0.0
1376	1303	0.0
366	1236	0.786278651405
1695	3820	0.0
5069	4296	0.0
1896	3346	0.0
888	925	0.0
5069	3799	0.0
185	4253	0.443811298424
1807	2945	0.452777177538
888	2102	0.0
4303	5265	0.0
1695	2678	0.0
537	4561	0.44361127758
1376	4621	0.0
3308	5172	0.0
5315	1771	0.0
4253	1807	0.452777177538
746	804	0.0
1138	2458	0.0
473	465	0.0
4682	1363	0.78164544108
537	2744	0.0
278	1291	0.0
4303	3575	0.0
746	3346	0.0
1222	3289	0.0
72	2536	0.0
537	3940	0.502909368534
3858	72	0.0
1665	4303	0.0
100	1699	0.510910550766
888	383	0.0
4922	925	0.0
2388	3940	0.0
4972	100	0.0
3135	3510	0.0
3326	888	0.0
3896	4712	0.0
2742	1697	0.0
1427	2331	0.0
5116	5281	0.0
1195	3529	0.0
801	1222	0.0
4506	2796	0.0
537	5327	0.0
4621	3529	0.0
4987	4296	0.0
3820	2742	0.0
1138	5032	0.0
5315	2114	0.0
4682	4846	0.587758191339
983	1169	0.0
4737	2945	0.434493510059
668	2303	0.0
185	1927	0.474787085103
3440	4728	0.0
537	2767	0.448675714193
3497	3308	0.0
501	3534	0.0
2010	3529	1.0
3326	1634	0.0
2305	892	0.0
2305	2311	0.0
3504	888	0.0
4829	2554	0.0
2388	1527	0.0
767	2536	0.0
537	3485	0.0
1222	2700	0.0
537	3308	0.0
2388	383	0.0
983	2756	0.0
383	3575	0.506842049152
3589	278	0.0
3308	4296	0.0
3858	4561	0.0
5016	5265	0.0
3940	3326	0.506942294387
3886	2170	0.0
4182	42	0.0
4506	888	0.0
2045	4621	0.0
1665	1195	0.0
4114	2659	0.0
4728	2659	0.0
2388	3843	0.0
2388	4829	0.0
472	596	0.0
5327	5265	0.0
3510	1169	0.0
3886	2203	0.0
472	878	0.0
3886	4362	0.0
892	1572	0.46173881056
3534	4029	0.44059166722
501	1699	0.0
2733	3262	0.0
2554	1771	0.0
1665	4253	0.0
2458	5266	0.0
1896	4728	0.0
501	2045	0.0
2170	4000	0.0
3908	1354	0.833029191533
5116	4069	0.0
4536	888	0.0
4522	5266	0.0
2045	4029	0.0
1376	1807	0.0
1634	3808	0.0
2945	5266	0.0
4382	804	0.0
368	3622	0.0
3843	767	0.0
983	1699	0.0
3383	5032	0.43093634877
38	5172	0.0
537	1572	0.501865272758
472	4682	0.701357264468
2458	1805	0.0
366	3820	0.553086433997
4418	2945	0.0
473	3370	0.445712629025
1642	2388	0.0
892	185	0.448419222365
1195	1807	0.462847623749
1665	983	0.0
2305	3886	0.0
1629	888	0.0
3589	4566	0.0
1699	4559	0.0
3966	4559	0.0
4573	4296	0.0
2010	1132	0.0
1195	4558	0.0
4362	5265	0.0
368	32	0.0
2388	4922	0.0
4341	2105	0.451761516994
2330	2799	0.0
524	2114	0.0
2458	596	0.0
3886	72	0.481324820558
1699	2458	0.0
366	4296	0.0
983	4296	0.0
2458	1771	0.0
4619	3346	0.0
1239	1028	0.448023037877
2052	4682	0.0
185	4069	0.0
2388	4621	0.0
1699	1169	0.0
761	3906	0.0
2114	1805	0.0
537	2010	0.0
3858	1195	0.0
131	4370	0.0
1138	1169	0.0
983	1195	0.0
767	3772	0.0
1935	5276	0.0
5172	4418	0.0
1376	3346	0.0
5032	2945	0.434493510059
1354	1697	0.0
1905	1572	0.0
3485	3982	0.0
3251	4069	0.0
2619	925	0.0
366	4728	0.0
1896	2305	0.0
5126	4606	0.0
4440	3516	0.0
1195	2536	0.0
804	3730	0.0
3886	2114	0.46413237851
2554	2412	0.0
3749	2045	0.0
3178	4676	0.0
338	42	0.0
668	819	0.0
4418	1169	0.0
72	4621	0.0
524	4558	0.0
4418	4029	0.0
4728	4621	0.0
666	1642	0.0
666	1935	0.0
2330	888	0.0
2305	1771	0.0
1935	465	0.0
2305	2045	0.0
668	5312	0.0
4418	3105	0.0
2305	185	0.0
185	4522	0.466060412329
370	5016	0.0
2586	1195	0.0
366	4987	0.0
3966	3982	0.0
2010	1169	0.0
5	2331	0.429790093511
472	804	0.0
2767	4029	0.644419746905
1665	3534	0.0
501	3799	0.0
4253	5032	0.442324607813
1935	2314	0.0
537	1629	0.0
4712	3346	0.0
501	1239	0.0
4573	1258	0.0
1195	1312	0.0
767	383	0.0
1312	3370	0.0
524	2739	0.0
2170	4621	0.0
3820	2536	0.0
2388	2619	0.0
3440	4737	0.462234615131
2297	3346	0.0
2388	3534	0.0
2365	983	0.0
4522	2700	0.601749245532
1376	4712	0.0
3497	983	0.0
3497	767	0.0
3440	804	0.0
4303	4029	0.0
2458	888	0.0
473	5172	0.0
3105	5265	0.0
5032	1312	0.0
4561	1572	0.439147472864
892	1927	0.459904474938
1028	801	0.558767444191
473	1572	0.447329498673
2365	4619	0.0
5016	2045	0.0
2233	2742	0.0
4506	5327	0.0
368	878	0.0
2458	3326	0.0
2280	5016	0.0
3858	5069	0.0
2170	4253	0.0
4506	4559	0.0
2742	1771	0.0
3553	888	0.0
3004	5172	0.0
38	5265	0.0
4818	1312	0.0
4000	3504	0.58001687291
185	72	0.444200409013
3896	4634	0.0
1642	4029	0.464646031706
2458	1757	0.0
4303	4559	0.0
892	2045	0.0
3004	1572	0.494863122318
3886	5016	0.0
2619	5265	0.0
1239	4522	0.571120466828
537	4536	0.558657046157
72	2945	0.452777177538
2010	4972	0.0
2280	4619	0.0
2945	5265	0.0
4922	5276	0.0
338	72	0.0
537	32	0.0
2114	1572	0.444007628788
537	4522	0.48553005746
1927	5032	0.444200409013
767	501	0.0
473	4606	0.0
338	2945	0.0
4925	3105	0.0
666	338	0.0
2216	3370	0.0
3820	2619	0.0
537	4114	0.0
5126	4341	0.0
668	4506	0.0
4522	3799	0.626062499288
3589	1572	0.441858189987
892	3353	0.0
537	4418	0.0
2331	4382	0.0
1601	2554	0.0
30	1905	0.0
5032	3529	0.0
2733	4737	0.0
1896	185	0.0
1927	3370	0.462847623749
1028	4619	0.0
1665	4922	0.0
5	4737	0.428481881799
3906	1222	0.0
3346	4370	0.0
2365	524	0.0
2045	804	0.0
3906	1363	0.0
5032	4065	0.442987534916
2052	3906	0.0
38	537	0.474913877663
2303	767	0.0
1169	4029	0.0
3135	4253	0.0
819	5265	0.0
3308	4619	0.0
3135	3820	0.0
5312	5265	0.0
3497	1634	0.0
2045	2020	0.0
2330	1239	0.0
1665	1527	0.0
3485	3886	0.0
3966	888	0.0
2280	2045	0.0
1748	2020	0.0
5	3178	0.0
537	2742	0.0
3308	2544	0.0
4619	2536	0.0
3858	1222	0.0
3516	2102	0.0
472	3510	0.0
3468	72	0.489127189782
185	3346	0.0
4829	501	0.0
3497	1195	0.464729694617
3628	4362	0.568972712984
3534	3628	0.448288725004
3326	4558	0.0
1665	3560	0.0
3135	5069	0.0
3485	5266	0.0
4987	2796	0.0
4182	3004	0.553182831316
2330	1222	0.0
5069	4712	0.0
2233	3516	0.0
2458	72	0.0
368	5315	0.0
1138	3004	0.0
746	1363	0.0
4634	2203	0.0
537	3575	0.487944630875
3308	2102	0.0
4418	5265	0.0
2280	4829	0.0
4712	2619	0.0
537	465	0.0
2305	2464	0.0
3886	1699	0.487172784855
1195	1572	0.464729694617
5	4341	0.43093634877
3622	4558	0.0
537	2235	0.0
4573	4418	0.0
537	3105	0.527407341599
5	1195	0.44161693446
4972	4365	0.0
537	2464	0.0
501	596	0.0
100	3534	0.500766964954
366	2233	0.635177496419
1601	185	0.0
2700	3346	0.0
3326	4065	0.463228019074
2303	1138	0.0
2292	596	0.0
892	888	0.0
2331	5312	0.0
501	1629	0.0
3886	1312	0.0
878	1572	0.0
1601	4987	0.0
2203	2291	0.0
4975	3772	0.0
1634	1697	0.0
3589	3440	0.45769249596
1748	801	0.0
3135	4922	0.0
4925	2742	0.0
3485	1905	0.0
1138	2105	0.0
878	2314	0.0
767	1291	0.0
5	3440	0.44161693446
537	2586	0.0
4536	5265	0.0
822	4365	0.0
668	5016	0.0
925	2480	0.0
5032	2536	0.0
407	472	0.0
1665	5	0.0
1665	761	0.0
2305	3440	0.0
1138	3105	0.0
5172	4000	0.0
3004	3772	0.0
4818	2203	0.0
4975	3808	0.0
3886	786	0.468107753485
3440	4558	0.0
2305	3534	0.0
131	4341	0.0
407	2233	0.0
233	4065	0.633794389643
473	2739	0.0
892	4253	0.457336801487
2742	3730	0.0
666	524	0.0
3497	1138	0.0
1363	2020	0.0
42	2381	0.0
3497	4558	0.0
3105	4296	0.0
1896	3799	0.0
3589	1132	0.440318638633
407	4975	0.0
5327	2619	0.0
2102	925	0.0
3813	465	0.0
2678	1572	0.0
804	2536	0.0
4818	1291	0.723558022968
2480	4296	0.0
2291	5281	0.0
5069	2170	0.0
2388	2170	0.0
2235	2796	0.0
3820	2700	0.621477706664
3468	1697	0.0
983	4558	0.0
4728	1195	0.0
1138	4000	0.0
3896	2756	0.0
3858	1699	0.0
4829	3346	0.0
537	2331	0.446435067155
278	4922	0.0
3497	3886	0.483528408057
804	4365	0.0
2412	888	0.0
1665	4296	0.0
3485	4253	0.0
38	1222	0.0
1863	4341	0.442771164826
1634	4559	0.0
2305	1527	0.0
2216	1807	0.0
761	786	0.454763727701
38	1258	0.0
3940	3982	0.0
1699	1572	0.476872509488
2733	3560	0.0
2052	4846	0.0
1695	1748	0.0
767	465	0.0
4634	5265	0.0
2045	465	0.0
3843	5	0.0
3622	2536	0.0
3440	1805	0.0
2365	2733	0.0
5	4558	0.0
3886	4558	0.0
1122	2292	0.0
3440	233	0.0
1132	4676	0.0
2412	5172	0.0
1748	4522	0.0
3440	1236	0.534605058563
1665	892	0.0
501	3370	0.0
3516	786	0.0
5032	2020	0.0
5032	4000	0.464044749488
3896	5172	0.0
3529	5266	0.775132755295
5172	4606	0.0
42	72	0.0
3135	1697	0.0
4182	1236	0.736580530472
2303	2742	0.0
3808	5281	0.0
1169	4559	0.0
1303	416	0.0
3440	3468	0.495371537072
983	4619	0.0
2388	4303	0.0
2388	3178	0.0
1665	888	0.0
537	4382	0.0
3497	5266	0.0
1935	3440	0.0
1665	1132	0.0
537	472	0.487944630875
338	1634	0.0
2216	1236	0.0
892	2412	0.464763009356
4418	4362	0.0
3622	888	0.0
4303	3440	0.0
1927	3326	0.452000329469
2388	3982	0.0
4925	4634	0.0
4418	2297	0.0
4975	3105	0.0
666	1132	0.0
2330	3896	0.0
1665	2744	0.0
4450	383	0.0
4362	4559	0.0
5016	4728	0.0
1699	2480	0.0
925	4566	0.0
983	3105	0.0
2733	3529	0.0
1427	2945	0.0
4972	4606	0.0
1427	4559	0.0
1601	416	0.0
1927	2170	0.0
3772	5309	0.0
32	2464	0.0
1236	4065	0.574224383368
3497	3982	0.0
524	4925	0.0
892	983	0.0
3886	2587	0.0
2388	2020	0.0
1169	1807	0.0
4972	1427	0.0
537	4987	0.0
1138	2742	0.0
2291	2536	0.0
1807	1572	0.48204669997
1642	2052	0.0
1665	1807	0.0
892	746	0.0
368	537	0.0
366	1863	0.0
5327	2700	0.0
4621	4065	0.0
3326	2045	0.0
4972	2767	0.0
4829	5265	0.0
1376	5276	0.0
1665	1572	0.0
4069	4682	0.753624164441
370	3346	0.0
537	3560	0.0
3251	1572	0.0
2045	4370	0.0
472	4566	0.0
3534	4522	0.474546263227
537	233	0.0
4253	1195	0.457336801487
3497	42	0.0
368	3813	0.0
3560	416	0.0
407	2513	0.0
233	1312	0.0
537	30	0.459633180564
473	2945	0.435877118406
501	2203	0.0
2292	4029	0.0
38	42	0.0
4418	2756	0.0
1665	4975	0.0
3510	4634	0.0
4676	5265	0.0
4303	4975	0.0
2330	1863	0.0
3589	1634	0.0
4573	4000	0.0
5315	3346	0.0
3485	5327	0.0
2233	925	0.0
5126	1195	0.0
501	72	0.0
1665	2659	0.0
1896	2742	0.0
2464	1771	0.0
4972	1771	0.0
4303	1363	0.0
4634	3353	0.0
1642	2659	0.0
1376	2105	0.0
2102	1572	0.0
278	3534	0.463760264906
1303	4362	0.0
2311	3468	0.0
2796	3468	0.0
38	366	0.660942608594
1376	2945	0.0
368	4440	0.0
2305	1138	0.0
3749	1222	0.0
3886	2297	0.0
501	42	0.0
3966	819	0.777110742368
3383	4362	0.443199559226
38	822	0.0
100	4296	0.0
537	819	0.509243869999
1699	2314	0.0
3820	2945	0.43093634877
2010	3178	1.0
666	3808	0.0
4559	2105	0.0
537	2544	0.487944630875
3843	1527	0.0
1312	3105	0.0
2292	925	0.0
537	3468	0.498541957676
2216	1132	0.0
2305	4737	0.0
4559	4029	0.0
5327	383	0.0
5069	5309	0.0
537	3749	0.0
537	2412	0.506102795696
473	4253	0.443811298424
2733	4418	0.0
1748	2480	0.0
1138	3772	0.0
2733	1697	0.0
4573	3510	0.0
472	5312	0.0
1527	1572	0.0
537	2314	0.0
3510	72	0.0
2388	3485	0.0
3589	3534	0.452777177538
2102	4846	0.0
2767	4621	0.0
767	2700	0.0
804	416	0.0
3982	4846	0.0
2235	4606	0.0
501	1236	0.0
3251	2458	0.0
2203	2235	0.0
822	761	0.0
2513	4296	0.0
3440	2233	0.495371537072
5172	804	0.0
3370	1805	0.0
278	5309	0.595660540414
1699	1258	0.0
1927	4619	0.0
5	2700	0.506942294387
2331	4846	0.469597146122
38	3004	0.513512157656
3120	2945	0.0
185	1629	0.0
1665	5327	0.0
2388	5309	0.0
4506	5312	0.0
2586	501	0.0
3120	786	0.0
38	2700	0.600981800758
2233	2700	0.618958188198
501	4606	0.0
1927	1572	0.524037227996
2767	3982	0.0
1294	1132	0.0
4069	2020	0.0
4000	465	0.0
668	4450	0.0
1771	5265	0.0
4621	1807	0.0
3004	1748	0.0
407	3628	0.0
537	2619	0.0
2045	2480	0.0
3560	2464	0.0
4573	2767	0.0
2233	4621	0.0
2305	1572	0.0
1312	4682	0.0
537	1236	0.0
3813	2331	0.462153317932
3589	2045	0.0
666	3534	0.0
2105	2659	0.0
3622	2170	0.0
278	2203	0.0
1138	1195	0.0
888	2536	0.0
4450	3370	0.0
3497	4619	0.0
2388	3886	0.0
822	983	0.0
3622	4069	0.0
2303	3308	0.0
4682	804	0.0
4728	4566	0.0
4737	3289	0.757294508983
1376	1927	0.0
4972	4987	0.0
3628	1132	0.450268532145
3468	3346	0.0
2311	801	0.0
537	1807	0.499310379758
4253	804	0.0
767	1697	0.0
4253	2619	0.0
2365	3628	0.658766201817
537	4069	0.0
1757	1236	0.786278651405
370	4975	0.0
925	2536	0.0
3886	4506	0.51867555137
1634	4676	0.0
3004	4712	0.553182831316
1291	3346	0.0
4303	2678	0.0
3896	2291	0.0
3813	3805	0.0
983	4846	0.0
3326	4621	0.0
537	2045	0.0
1665	4621	0.0
5327	1239	0.0
537	761	0.44361127758
1427	3289	0.0
3346	5265	0.0
892	2742	0.0
4728	1634	0.0
822	3560	0.0
4069	5312	0.0
3906	3178	0.0
2744	4621	0.0
3553	3346	0.0
537	4975	0.0
3440	465	0.0
4737	804	0.0
1195	2513	0.0
1927	2945	0.452777177538
278	4253	0.0
3105	4559	0.0
4559	1805	0.0
383	2020	0.0
3440	2796	0.0
1195	1629	0.0
746	1629	0.0
366	4114	0.0
1258	1527	0.0
1935	2020	0.0
2739	5265	0.0
2305	2945	0.0
819	2536	0.0
1195	3346	0.0
668	4029	0.0
3589	925	0.0
1699	5032	0.462234615131
2330	4558	0.0
1427	4728	0.0
278	2105	0.0
3622	185	0.443811298424
3485	2314	0.0
4621	925	0.0
2114	3534	0.44059166722
3896	3799	0.0
4182	4634	0.0
3308	2536	0.0
4987	3529	0.0
1935	2756	0.0
1927	2412	0.592345702345
983	3370	0.0
4522	801	0.589016930801
2554	3346	0.0
5	4253	0.437645191085
473	3534	0.458538745197
4114	5265	0.0
3383	4573	0.0
1927	72	0.479869837417
2216	233	0.0
4114	2292	0.0
822	501	0.0
1629	4846	0.46749863493
4536	3730	0.0
5315	3966	0.0
2314	3982	0.0
1748	3529	0.0
888	1028	0.0
1665	278	0.0
524	4737	0.0
5069	5	0.0
1896	4566	0.0
185	4619	0.0
1665	465	0.0
2170	1634	0.0
3560	1572	0.0
2235	2945	0.0
4987	5032	0.0
3485	3346	0.0
1629	1757	0.529408458825
892	3440	0.480318055275
126	131	0.0
2233	1748	0.0
1805	1222	0.0
4253	1132	0.452777177538
537	2216	0.0
2303	416	1.0
1258	4558	0.0
4634	4370	0.0
3308	1629	0.0
1665	1905	0.0
537	1258	0.0
761	3982	0.0
5116	3468	0.47505518505
5172	3820	0.0
3497	501	0.0
2365	32	0.0
2554	3326	0.0
72	4558	0.0
1927	2233	0.489127189782
1138	4818	0.0
5327	4362	0.0
537	4573	0.0
3730	4846	0.0
4341	5309	0.567734228662
2305	72	0.0
1771	4846	0.0
3886	1863	0.472484143572
4000	2544	0.506842049152
3966	2292	0.0
4450	3982	0.0
1312	1634	0.0
537	3628	0.456970342127
2619	1132	0.0
3504	5266	0.0
3485	2311	0.0
3589	32	0.0
746	1258	0.0
2330	3440	0.0
3105	416	1.0
3440	1028	0.473205624728
4253	1805	0.0
100	473	0.490307418383
1699	3808	0.0
3308	1572	0.0
72	1572	0.48204669997
888	4558	0.0
1695	4619	0.0
4559	2102	0.0
4559	1132	0.0
2216	2102	0.0
5172	746	0.0
4303	3982	0.0
3251	3440	0.0
3622	42	0.0
983	4737	0.463058241143
3886	1132	0.481324820558
2619	72	0.0
2235	3982	0.0
983	4418	0.0
2388	278	0.0
465	2513	0.0
4737	1771	0.0
1935	2700	0.0
501	2945	0.0
38	2233	0.598475024957
1935	2536	0.0
3820	2659	0.0
3966	5265	0.0
472	3772	0.0
1695	3346	0.0
1427	2756	0.0
3813	4606	0.0
1028	4621	0.0
4728	3370	0.0
4253	4559	0.0
537	3534	0.484976994524
1601	3534	0.44059166722
3004	2170	0.0
4573	2544	0.0
2291	4566	0.0
3308	5032	0.0
1665	786	0.0
5016	4566	0.0
2464	786	0.0
537	338	0.0
983	5032	0.0
537	3808	0.0
2292	4341	0.0
537	42	0.0
746	4634	0.0
822	2311	0.0
1169	4712	0.0
3468	3799	0.587980817862
537	1354	0.527407341599
1699	5126	0.0
1699	465	0.0
2458	4987	0.0
3485	4303	0.0
2280	2554	0.0
1122	5265	0.0
4382	761	0.0
2114	5309	0.461947762379
2412	1363	0.474110572621
1634	4621	0.0
501	4370	0.0
3497	537	0.470350416882
2365	3308	0.0
38	983	0.0
1935	2659	0.0
3749	383	0.0
3534	1757	0.0
3940	1132	0.493169723164
537	767	0.0
4621	2945	0.0
537	4558	0.0
3622	5265	0.0
4972	925	0.0
4561	2659	0.0
3504	819	0.499909295128
3589	1303	0.0
501	4558	0.0
3497	32	0.0
1905	5126	0.0
4975	2045	0.0
3553	3370	0.0
1363	4365	0.676941843766
4303	746	0.0
746	3468	0.0
537	668	0.0
32	383	0.0
5069	4559	0.0
338	1303	0.0
3308	1805	0.0
4114	925	0.0
1665	5032	0.0
3908	4682	0.753624164441
1138	3440	0.0
2458	2659	0.0
2280	3813	0.0
1927	3534	0.452777177538
1642	3440	0.480318055275
4382	2105	0.0
131	3370	0.0
5069	5032	0.0
3370	2659	0.0
383	819	0.531913439825
1665	1222	0.0
2796	5265	0.0
4418	1748	0.0
1665	1122	0.0
5069	3982	0.0
1427	2796	0.0
537	3805	0.0
2280	5266	0.0
3813	3440	0.505104482912
338	888	0.0
537	804	0.0
925	4296	0.0
1665	2291	0.0
3497	2659	0.0
1195	2233	0.495371537072
30	2331	0.439147472864
2105	1363	0.472314410649
4506	4987	0.0
3966	2480	0.0
233	2799	0.653553185771
537	5276	0.0
4114	5312	0.0
1807	2020	0.0
1905	1629	0.0
1601	801	0.0
5069	1807	0.0
822	4619	0.0
1303	5265	0.0
370	3908	0.0
4737	4621	0.0
983	2235	0.0
537	2536	0.0
2280	1303	0.0
822	1236	0.0
3308	4253	0.0
2305	3326	0.0
537	2513	0.0
2678	4558	0.0
3510	2020	0.0
3622	1312	0.0
1927	1303	0.0
185	2331	0.432274959045
366	537	0.0
537	786	0.452141273837
537	4253	0.459633180564
888	4619	0.0
126	3516	0.0
4975	416	0.0
2412	131	0.0
4559	4296	0.0
2659	3575	0.0
1376	3858	0.0
2464	2102	0.0
2767	888	0.0
1291	2587	0.675999579839
3886	4000	0.5093967352
892	4296	0.0
4341	5312	0.0
278	801	0.0
983	4365	0.0
2314	5265	0.0
892	3510	0.0
1935	1195	0.0
2203	4362	0.0
3497	1805	0.0
38	3805	0.597247613714
3004	4621	0.0
1138	1699	0.0
4114	4370	0.0
5	1312	0.0
3485	2102	0.0
2045	819	0.0
537	1303	0.0
3799	3346	0.0
30	2170	0.0
2544	3346	0.0
4303	3799	0.0
3772	2203	0.0
3510	3906	0.0
1601	1665	0.0
2659	3529	0.0
3497	3510	0.0
3120	465	0.0
2388	3730	0.0
473	2742	0.0
501	278	0.0
2280	2331	0.0
537	416	0.527407341599
3468	804	0.0
668	2742	0.0
1896	4682	0.0
5116	2412	0.5380437304
3908	416	0.833029191533
3886	888	0.0
38	4975	0.0
3440	4566	0.0
1122	5126	0.0
1169	2102	0.0
2458	1572	0.0
3886	5276	0.0
1863	72	0.450268532145
1935	1927	0.0
3749	465	0.0
2170	2513	0.0
2010	3799	0.0
1312	2739	0.0
524	3622	0.0
3497	524	0.0
2587	1363	0.691835008733
1642	4922	0.0
3510	3504	0.0
1354	4925	0.0
3886	3370	0.481324820558
185	4370	0.485958902045
3497	2330	0.0
1294	2742	0.0
537	2381	0.0
1138	3370	0.0
185	1236	0.514113786931
501	3440	0.0
537	407	0.0
767	1927	0.0
3820	4621	0.0
4536	3982	0.0
4712	3178	0.0
2458	1195	0.0
3440	2945	0.462234615131
126	4365	0.0
4536	4682	0.730920952891
983	3326	0.0
4621	2536	0.0
126	2292	0.0
2365	2314	0.0
3622	746	0.0
1665	3326	0.0
3858	1927	0.0
1354	5265	0.0
4619	2105	0.0
1572	4676	0.0
2733	1572	0.0
2311	925	0.0
1363	5266	0.0
2739	3262	0.0
3858	2619	0.0
4182	4069	0.80249144164
1354	3560	0.0
892	2102	0.0
5	819	0.513486639556
370	3262	0.0
3485	5265	0.0
2554	2233	0.0
2945	4558	0.0
3497	4296	0.0
4253	4558	0.0
3516	2678	0.0
4972	2480	0.0
1699	1807	0.474787085103
370	4573	0.0
767	746	0.0
3308	1138	0.0
407	3553	0.0
1236	4558	0.0
38	5126	0.0
407	2796	0.0
5315	3906	0.0
5116	4303	0.0
3485	3370	0.0
3886	2311	0.0
537	2020	0.0
2388	2739	0.0
1291	3468	0.618958188198
2733	2291	0.0
3622	1258	0.0
1699	4728	0.0
3886	804	0.0
1132	3289	0.0
666	2311	0.0
4621	4558	0.0
3308	1634	0.0
1665	3346	0.0
3485	383	0.0
3510	2659	0.0
4634	2513	0.0
370	537	0.0
537	3120	0.0
2458	2292	0.0
537	4440	0.465817162508
5315	4676	0.0
1601	3346	0.0
1927	1807	0.479869837417
3135	3560	0.0
4303	4829	0.0
1699	4619	0.0
3966	2700	0.665335203566
4253	888	0.0
3622	3326	0.462435607581
366	3529	0.0
1642	3346	0.0
3886	1927	0.481324820558
3908	5069	0.0
666	2554	0.0
2114	3553	0.0
4303	2659	0.0
4536	801	0.677408516156
1665	4559	0.0
2587	2102	0.0
4728	2020	0.0
407	5172	0.0
368	465	0.0
537	2170	0.0
537	666	0.0
4182	1805	0.0
537	4000	0.532290057576
2010	4621	0.0
3622	2945	0.442324607813
537	5266	0.0
3004	1805	0.0
38	666	0.0
5069	72	0.0
1748	804	0.0
892	72	0.459904474938
2297	878	0.0
38	2216	0.0
2311	2945	0.0
3497	804	0.0
4712	4558	0.0
1695	3120	0.0
1699	2216	0.0
5116	5069	0.0
3805	3346	0.0
3886	1634	0.0
2945	1572	0.454499707397
3440	3346	0.0
3105	4029	0.633996702858
4506	2945	0.472266893314
4536	1363	0.716269920781
1312	5312	0.0
3896	100	0.0
4000	888	0.0
537	3178	0.0
4561	1222	0.0
3497	1427	0.0
2744	3346	0.0
3346	4558	0.0
2305	983	0.0
3440	1572	0.476872509488
5	1222	0.0
3858	2945	0.0
3628	2544	0.810311875598
537	2280	0.0
4829	2742	0.0
2216	2297	0.0
2102	2314	0.0
4382	3730	0.0
2381	3346	0.0
465	5276	0.0
126	5172	0.0
3886	4303	0.0
666	3440	0.0
1239	72	0.449292290746
767	3575	0.0
3940	4000	0.524398336618
1195	1028	0.461418748063
2388	925	0.0
38	2412	0.530166678151
1699	3346	0.0
537	878	0.0
2291	4365	0.684934389921
537	3553	0.0
2330	4975	0.0
2388	2311	0.0
2739	3575	0.0
38	3553	0.0
537	3966	0.455934826164
2311	4829	0.0
4000	3346	0.0
3906	5265	0.0
3622	2480	0.0
2311	1354	0.0
2233	2756	0.79880064914
2203	4712	0.0
3896	2742	0.0
501	983	0.0
3510	4676	0.0
3497	3534	0.454499707397
2280	1572	0.0
3497	2388	0.0
4362	2513	0.0
1665	501	0.0
1665	2544	0.0
537	3772	0.0
1665	2412	0.0
1222	2945	0.0
4303	1572	0.0
4559	2756	0.0
2311	2659	0.0
537	1195	0.470350416882
501	2659	0.0
1601	1363	0.0
3589	1805	0.0
537	3504	0.564532142573
767	1757	0.0
1427	5032	0.0
3906	1805	0.0
4561	1807	0.437645191085
1665	3820	0.0
878	1222	0.0
1642	2291	0.486522871052
524	5	0.0
100	2331	0.490307418383
822	1572	0.0
4114	1169	0.0
1935	4362	0.0
5116	892	0.448801780324
473	925	0.0
537	888	0.0
407	1258	0.0
1699	1927	0.474787085103
4829	819	0.0
4000	2102	0.0
1665	925	0.0
3896	5265	0.0
1138	1572	0.0
2412	5276	0.0
3497	3251	0.0
1376	3326	0.0
2388	3966	0.0
3589	2659	0.0
2388	2480	0.0
537	1138	0.0
1239	4069	0.653541637415
4712	1805	0.0
2365	4303	0.0
278	5265	0.0
2233	804	0.0
4362	1236	0.581791882101
473	5032	0.445712629025
983	804	0.0
368	3772	0.0
126	3120	0.0
1665	185	0.0
537	983	0.0
3534	4069	0.0
5327	42	0.0
2945	2678	0.0
3251	5032	0.0
501	3553	0.0
3497	2114	0.444007628788
537	1601	0.0
4418	2659	0.0
4303	2464	0.0
3326	5309	0.473382536617
1195	4621	0.0
4925	1169	0.0
4619	2945	0.0
2586	1258	0.0
1601	1132	0.0
892	4559	0.0
804	2659	0.0
2365	3262	0.0
2330	2756	0.0
2756	4370	0.618829306095
1239	2587	0.623740586939
537	1863	0.456970342127
2303	5016	0.0
1935	2203	0.0
501	1805	0.0
1291	5265	0.0
1695	4972	0.0
4972	3529	0.0
2945	2102	0.0
1195	2678	0.0
131	3353	0.0
2311	2767	0.0
537	4682	0.489470602983
4621	5265	0.0
4573	3808	0.0
4506	2659	0.0
5	925	0.0
1138	5309	0.0
5172	4296	0.0
1935	2010	0.0
4925	1748	0.0
3896	3772	0.0
3534	4362	0.0
1195	1258	0.0
1935	4069	0.0
1138	4362	0.0
1699	233	0.0
1935	3468	0.0
2381	2314	0.0
1642	4619	0.0
3966	2619	0.0
3843	2297	0.0
2796	925	0.0
1665	1258	0.0
3516	2045	0.0
746	2052	0.0
2331	3346	0.0
2170	804	0.0
3886	5	0.458346469099
38	1312	0.0
2796	1363	0.0
3497	1312	0.0
666	3553	0.0
2311	5266	0.0
30	233	0.0
338	1195	0.0
42	1028	0.0
4728	4559	0.0
5	5281	0.0
1195	2105	0.459806508248
1927	925	0.0
30	3730	0.0
3485	4029	0.0
1601	1905	0.0
3497	4621	0.0
5116	1634	0.0
3589	5276	0.0
2305	5309	0.0
3813	3966	0.473116326107
126	5327	0.0
3940	1807	0.493169723164
537	4296	0.0
2536	4370	0.0
2756	4296	0.0
368	4925	0.0
3251	2513	0.0
4975	5069	0.0
501	3004	0.0
338	4566	0.0
2105	878	0.0
4606	3346	0.0
3628	1757	0.568972712984
1634	2536	0.0
892	2659	0.0
2170	2659	0.0
2799	2619	0.0
2330	892	0.0
185	4621	0.0
1169	4619	0.0
3940	3534	0.49032758429
537	3370	0.470350416882
892	2744	0.0
3940	3966	0.665335203566
366	1935	0.0
3820	1807	0.440318638633
925	2659	0.0
3622	3553	0.0
368	5312	0.0
4253	2945	0.442324607813
3135	2554	0.0
537	3622	0.459633180564
4559	2587	0.0
1896	5265	0.0
1927	4737	0.444200409013
366	3896	0.0
2799	1572	0.562740803699
2365	3805	0.621230520447
3560	185	0.0
666	1138	0.0
2010	5265	0.0
2280	2311	0.0
126	5016	0.0
4418	233	0.0
1927	4558	0.0
2744	4440	0.613016496516
2114	804	0.0
2170	4506	0.0
5116	501	0.0
501	5032	0.0
3908	5281	0.0
472	2659	0.0
472	888	0.0
1138	416	0.0
2311	3105	0.0
888	3346	0.0
2114	2170	0.0
3858	2105	0.0
4829	2381	0.0
596	2678	0.0
100	3820	0.661108406731
3858	1312	0.0
3497	72	0.462847623749
42	1363	0.0
131	1697	0.0
822	3346	0.0
30	4365	0.491330014738
1138	804	0.0
2010	1805	0.0
4303	3516	0.0
2305	2659	0.0
3820	925	0.0
30	4065	0.4521878748
38	819	0.66756243263
5032	2203	0.0
1427	4566	0.0
2331	2052	0.0
3135	501	0.0
761	4846	0.540762557735
370	5265	0.0
1665	801	0.0
537	4365	0.502909368534
2796	761	0.0
278	5032	0.0
3858	1572	0.0
746	5276	0.0
1927	233	0.0
892	596	0.0
537	5	0.44361127758
537	1642	0.498541957676
4972	3105	0.0
3308	2412	0.0
3135	1303	0.0
42	465	0.0
537	2796	0.0
3440	3353	0.0
3383	2045	0.0
2659	4370	0.0
888	1572	0.0
1258	2945	0.0
185	1195	0.448419222365
368	1699	0.0
1695	2700	0.0
4559	4558	0.0
2388	4925	0.0
4362	878	0.0
537	746	0.0
4728	3105	0.0
5315	4370	0.0
537	1363	0.484100351579
537	892	0.467213557943
3534	1807	0.452777177538
537	2554	0.0
2114	3346	0.0
2330	5	0.0
537	3730	0.0
38	1239	0.60878277611
2330	4737	0.0
2314	3346	0.0
2458	2105	0.0
1896	3843	0.0
537	3896	0.0
4303	3262	0.0
1699	2102	0.0
2052	3289	0.0
983	2170	0.0
1699	4682	0.486522871052
1312	2233	0.0
804	2945	0.0
1376	3622	0.0
3908	1258	0.0
1138	1807	0.0
892	501	0.0
1376	2619	0.0
3813	1572	0.482143631869
3886	2458	0.0
4573	1169	0.0
131	3346	0.0
2799	1805	0.0
3622	3346	0.0
767	2458	0.0
4418	761	0.0
537	2799	0.509025396306
2331	2739	0.0
1236	4365	0.642511785157
1642	4737	0.448419222365
4506	4922	0.0
3468	2945	0.47505518505
3560	1807	0.0
4182	185	0.564732408036
537	4065	0.4604064953
2659	4296	0.0
38	2331	0.469597146122
925	4558	0.0
501	1169	0.0
1195	1805	0.0
370	5	0.0
2458	2045	0.0
537	4846	0.474913877663
1927	4365	0.493169723164
1896	2303	0.0
3886	1807	0.481324820558
3589	4069	0.0
2311	2619	0.0
2331	2235	0.0
537	1699	0.483116868845
3622	3004	0.435877118406
5032	2619	0.0
4712	1132	0.506324601117
2045	925	0.0
2331	888	0.0
3485	1138	0.0
892	1138	0.0
465	4365	0.0
1927	2619	0.0
892	2170	0.0
666	72	0.0
4975	1258	0.0
537	3440	0.483116868845
3966	801	0.624280288294
2330	3772	0.0
4975	3820	0.0
5172	5266	0.0
1354	4818	0.765023919693
42	761	0.0
2365	1665	0.0
38	32	0.0
2388	3799	0.0
2292	5312	0.0
2412	2945	0.457336801487
1699	2114	0.446589304729
892	4418	0.0
3326	3906	0.0
666	3820	0.0
185	3326	0.443094078803
3813	3370	0.4799650284
1634	2587	0.0
2216	3529	0.0
5116	4029	0.525766713303
1665	4818	0.0
2659	4566	0.0
3628	888	0.0
537	1697	0.0
2305	1258	0.0
4559	3178	0.0
2458	4559	0.0
5172	3346	0.0
1805	4370	0.0
2739	1132	0.0
1935	1896	0.0
4536	2544	0.726702507342
501	1807	0.0
3813	2311	0.0
3589	4450	0.0
2216	2619	0.0
983	1132	0.0
1642	4559	0.0
3004	3440	0.454575746407
1665	3262	0.0
2291	3105	0.86445186526
185	2678	0.0
4506	4065	0.767789161914
537	3843	0.0
2114	786	0.675190337571
1294	465	0.0
32	2388	0.0
1927	2796	0.0
2586	5327	0.0
4253	416	0.515693767595
4440	3346	0.0
892	1699	0.480318055275
4712	3529	0.0
5032	2700	0.457923967334
3326	1572	0.453710992072
4712	1697	0.0
1354	1863	0.5082081272
2105	2102	0.0
5315	42	0.0
983	2458	0.0
30	2203	0.0
2330	4418	0.0
925	2756	0.0
4506	5309	0.515279890731
888	2587	0.0
368	983	0.0
1927	2659	0.0
1195	72	0.462847623749
4606	1132	0.0
4728	1805	0.0
2303	407	0.0
3383	3858	0.0
1935	1258	0.0
4362	5276	0.0
1695	2020	0.0
2799	2102	0.0
4712	2020	0.0
3383	2020	0.0
3886	3440	0.487172784855
3510	42	0.0
370	2052	0.0
1935	3326	0.0
2216	3440	0.0
1427	3516	0.0
2554	473	0.0
537	185	0.450540311044
2799	5265	0.0
746	3504	0.0
2744	3982	0.0
4182	5172	0.0
3308	416	0.0
5069	925	0.0
3308	1863	0.0
537	3004	0.532290057576
2233	5265	0.0
2458	925	0.0
338	30	0.0
537	131	0.0
5116	3749	0.0
5	1236	0.0
3370	4621	0.0
1665	4619	0.0
233	2045	0.0
4925	4606	0.0
537	4370	0.509243869999
2311	2045	0.0
4418	1805	0.0
537	2700	0.502909368534
4418	4987	0.0
3589	3308	0.0
100	761	0.518925932717
3589	4559	0.0
2659	5266	0.0
3553	131	0.0
5069	3805	0.0
801	5265	0.0
3383	3370	0.447329498673
1665	42	0.0
126	4418	0.0
5116	2381	0.0
4303	4922	0.0
2365	3529	0.0
338	5309	0.0
537	5069	0.0
4182	2203	0.0
4987	5265	0.0
3529	4676	0.0
2216	5266	0.0
2733	2458	0.0
3004	72	0.507573187089
1935	2587	0.0
3308	1236	0.0
4558	5276	0.0
537	2733	0.0
5327	3468	0.0
185	4558	0.0
4253	72	0.452777177538
4303	1527	0.0
4000	4029	0.561072440485
4506	4621	0.0
1935	5	0.0
4418	4682	0.0
4561	5265	0.0
5	2756	0.478351140356
4987	3575	0.0
4303	2412	0.0
3808	1572	0.0
1927	2216	0.0
2303	4676	0.0
537	596	0.0
1138	925	0.0
767	983	0.0
2744	2203	0.0
3308	5266	0.0
1138	1805	0.0
2045	2105	0.0
4561	4566	0.0
3940	1572	0.495600231207
126	2619	0.0
2330	2311	0.0
1935	278	0.0
3440	4559	0.0
1195	4619	0.0
5069	2799	0.0
1935	2330	0.0
524	4621	0.0
2536	5265	0.0
1138	3353	0.0
3886	2945	0.468094837944
983	278	0.0
3251	2796	0.0
3622	2619	0.0
3308	5265	0.0
4450	2052	0.0
3353	3289	0.0
537	4619	0.0
3497	2280	0.0
72	1236	0.0
278	4559	0.0
2052	2619	0.0
2045	2513	0.0
2388	3560	0.0
3886	1138	0.0
3497	5265	0.0
537	2291	0.489470602983
131	1195	0.0
1935	3529	0.0
1927	888	0.0
2587	2756	0.611934031797
1699	4440	0.463395574451
524	2659	0.0
4925	4069	0.0
407	4972	0.0
5312	3346	0.0
3560	465	0.0
2105	2756	0.448801780324
3886	1303	0.0
1169	3730	0.0
3858	5	0.0
472	1239	0.649251065214
4440	2945	0.447612162294
5116	472	0.466269623896
3622	465	0.0
4000	1807	0.507573187089
1927	1222	0.0
537	4818	0.487944630875
4818	3346	0.0
3308	4558	0.0
3628	1169	0.0
3504	3799	0.451761516994
4559	804	0.0
3383	3982	0.0
1354	2945	0.498470742041
4114	2756	0.0
888	3529	0.0
3251	5016	0.0
4987	2536	0.0
983	72	0.0
4303	2458	0.0
537	5265	0.0
892	383	0.482943619626
383	3346	0.0
1312	1807	0.0
4253	1634	0.0
2303	72	0.515693767595
822	2045	0.0
2365	746	0.0
524	42	0.0
2311	1312	0.0
3589	2945	0.43093634877
983	4728	0.0
72	804	0.0
1896	465	0.0
2458	1312	0.0
501	1303	0.0
3589	983	0.0
2744	4365	0.627769753838
5126	2480	0.0
537	3908	0.509025396306
5	185	0.429790093511
1195	3370	0.462847623749
4182	4573	0.0
3510	1807	0.0
1195	3906	0.0
3858	4253	0.0
4114	1629	0.0
1757	878	0.0
4114	4619	0.0
465	878	0.0
2412	1291	0.491330014738
5	1572	0.439147472864
278	4341	0.0
4573	1527	0.0
1138	2203	0.0
3370	4559	0.0
3440	3534	0.472342843421
366	5116	0.511905664292
3497	3326	0.453710992072
1935	5327	0.0
1303	4561	0.0
2045	1771	0.0
822	2458	0.0
4303	3353	0.0
1927	1132	0.479869837417
3468	2045	0.0
2412	3516	0.0
537	3262	0.0
666	2756	0.0
1601	888	0.0
4296	416	0.0
4362	819	0.653296887762
131	2105	0.0
2678	5265	0.0
2311	5032	0.0
4253	3346	0.0
501	4621	0.0
5315	5172	0.0
2311	42	0.0
1642	4536	0.553681924471
4382	2587	0.0
185	2297	0.514113786931
473	3346	0.0
3308	1927	0.0
2458	2619	0.0
38	925	0.0
1642	1896	0.0
666	185	0.0
3886	4559	0.0
4728	2314	0.0
473	804	0.0
4634	5032	0.0
3886	1195	0.487172784855
366	1699	0.0
537	4362	0.0
3485	4522	0.0
3468	383	0.519246505031
473	1927	0.445712629025
2381	2102	0.0
4559	4619	0.0
537	1896	0.0
3346	4676	0.0
537	3251	0.0
4634	3346	0.0
2305	3510	0.0
2464	3353	0.0
3886	767	0.0
5	888	0.0
1169	2659	0.0
2170	4065	0.0
2314	2756	0.0
1132	2945	0.452777177538
3497	1258	0.0
407	4987	0.0
983	4253	0.0
5315	2292	0.0
2305	473	0.0
1699	4065	0.458094727841
537	4972	0.0
3886	2700	0.521828512299
3326	4029	0.548040226969
3858	2458	0.0
3628	233	0.626046589508
2733	5266	0.0
1927	3440	0.474787085103
1312	2700	0.0
366	2010	0.0
1699	925	0.0
822	3813	0.0
3004	2297	0.502424465629
746	3799	0.0
786	3346	0.0
2292	2102	0.0
3485	4559	0.0
3308	3370	0.0
185	4341	0.44161693446
537	4712	0.530780840505
1634	2102	0.0
1138	278	0.0
2365	2744	0.566595940303
407	4536	0.0
4536	5172	0.0
3858	1807	0.0
1665	3966	0.0
2045	1572	0.0
1695	3772	0.0
3858	2170	0.0
537	2330	0.0
3497	4737	0.445795312983
2796	2659	0.0
3370	2945	0.451468227873
233	2700	0.675999579839
892	4682	0.486522871052
3820	4370	0.655517419131
2586	5265	0.0
3370	5281	0.0
537	4559	0.0
3589	5	0.425115431523
4182	3468	0.628832298186
1138	1927	0.0
3497	892	0.46173881056
2233	1572	0.491478354237
1236	2314	0.0
1665	2796	0.0
2114	4522	0.561167183466
3749	983	0.0
1601	3820	0.0
4737	1239	0.439147472864
3135	5265	0.0
666	4303	0.0
3589	4000	0.459432072462
5172	2796	0.0
2235	888	0.0
1427	3805	0.0
983	1927	0.0
2280	131	0.0
1239	1697	0.0
4566	4676	0.0
1805	5281	0.0
3497	4566	0.0
233	2381	0.0
2311	819	0.0
537	1291	0.502909368534
1629	1028	0.462653087771
501	4728	0.0
38	3497	0.533379668437
878	3982	0.0
537	3383	0.478634670439
1757	2480	0.0
2114	4558	0.0
2233	2796	0.0
786	5265	0.0
1665	3004	0.0
2796	4382	0.0
5069	1132	0.0
2586	1122	0.0
3886	4728	0.0
3820	2767	0.588355226155
537	2945	0.484083326782
1699	4558	0.0
3135	473	0.0
1122	5327	0.0
1634	4558	0.0
2216	72	0.0
38	2544	0.644598408446
3497	5	0.439147472864
185	383	0.464044749488
537	2480	0.0
1665	1138	0.0
1896	819	0.0
4341	4566	0.0
2945	2536	0.0
3497	2739	0.0
1312	1748	0.0
1376	3308	0.0
3440	2381	0.0
2513	3346	0.0
2303	2659	0.0
1303	3346	0.0
366	2102	0.0
2233	3346	0.0
3308	1699	0.0
126	2587	0.0
4634	1748	0.0
1427	2739	0.0
366	2756	0.673415186277
366	2381	0.0
1927	4728	0.0
2536	4296	0.0
1258	5265	0.0
537	3510	0.0
767	4829	0.0
5	5276	0.0
1935	746	0.0
2305	1699	0.0
3589	4634	0.0
3886	4069	0.0
1169	1132	0.0
30	416	0.513496285979
2388	1138	0.0
4418	4450	0.0
767	1629	0.0
4972	5265	0.0
3004	5265	0.0
2458	4566	0.0
501	4000	0.0
2216	1634	0.0
3896	3289	0.0
668	2102	0.0
5069	2659	0.0
3308	3440	0.0
3120	4682	0.0
1695	3843	0.0
892	4558	0.0
5	2458	0.0
1122	3346	0.0
2619	4296	0.0
1138	4566	0.0
4573	3004	0.0
1195	2314	0.0
524	4619	0.0
2458	4619	0.0
2170	1572	0.0
3886	3534	0.475531490708
2659	4558	0.0
3805	3178	0.0
1665	2480	0.0
537	1028	0.497377790985
472	4561	0.629680586652
5032	4559	0.0
5032	1169	0.0
3908	4925	0.0
4559	1807	0.0
3497	1807	0.462847623749
2045	2102	0.0
3485	3529	0.0
1665	4682	0.0
2554	2742	0.0
892	804	0.0
3534	5312	0.0
3468	4362	0.59927458602
1748	878	0.0
185	1258	0.0
537	4737	0.450540311044
2619	4566	0.0
3886	5265	0.0
537	3529	0.0
1935	1695	0.0
1195	4382	0.0
4829	2796	0.0
366	3622	0.0
3370	925	0.0
2216	4728	0.0
2114	1863	0.438340600554
537	4029	0.481602695298
4573	1863	0.0
3908	5312	0.0
2170	4566	0.0
2544	5266	0.0
3940	4536	0.770178922919
473	501	0.0
1642	4440	0.463395574451
3251	2330	0.0
5327	4069	0.0
892	4737	0.45362912268
2330	3370	0.0
1935	5126	0.0
524	1427	0.0
1771	3799	0.0
2105	2536	0.0
501	1138	0.0
3262	3730	0.0
1291	3906	0.0
2767	2297	0.556438755768
1376	2388	0.0
3589	5032	0.440318638633
537	473	0.452141273837
3516	1748	0.0
1927	2045	0.0
2305	4182	0.0
4728	5032	0.0
3004	1527	0.0
2311	131	0.0
822	3906	0.0
1665	1634	0.0
4712	4296	0.0
3858	1634	0.0
2586	1697	0.0
1699	2412	0.473205624728
3843	3262	0.0
892	1195	0.464763009356
2388	2045	0.0
3353	2700	0.0
1642	3289	0.0
3589	2170	0.0
3251	5265	0.0
42	804	0.0
3534	3346	0.0
3485	4922	0.0
3622	925	0.0
4253	1863	0.448288725004
3858	4737	0.0
3262	2536	0.0
2587	2480	0.0
4712	4069	0.80249144164
1376	1572	0.0
1665	1239	0.0
3516	2796	0.0
2744	2742	0.0
3251	1354	0.0
4506	925	0.0
3906	1572	0.0
3843	233	0.0
1138	4728	0.0
2388	3510	0.0
1665	2945	0.0
2114	3628	0.681893684962
3749	1572	0.0
368	3808	0.0
2305	42	0.0
1634	2619	0.0
537	2756	0.484083326782
1935	925	0.0
2330	3346	0.0
38	3628	0.609965153986
2170	2045	0.0
1642	1665	0.0
4621	3346	0.0
4253	801	0.502043002168
5	3468	0.502434879575
983	5172	0.0
4418	925	0.0
2311	2105	0.0
5172	4253	0.0
537	1634	0.0
4506	3553	0.0
366	5281	0.0
2297	5265	0.0
1927	1634	0.0
3813	4566	0.0
2311	4365	0.0
42	2659	0.0
1665	2170	0.0
1138	4296	0.0
38	4182	0.638523544169
4972	2458	0.0
1195	888	0.0
2586	3485	0.0
3534	2945	0.712743851646
1748	416	0.0
1195	4566	0.0
3440	2659	0.0
501	1291	0.0
2796	1236	0.0
126	537	0.0
892	4621	0.0
888	3808	0.0
2292	4846	0.0
2280	4606	0.0
3510	1239	0.0
366	4558	0.0
2052	1169	0.0
668	1927	0.0
1642	3534	0.457336801487
501	2544	0.0
4418	888	0.0
3589	4506	0.467323536178
5	786	0.454763727701
5116	5265	0.0
983	5266	0.0
892	3370	0.459904474938
2170	3982	0.0
3896	4450	0.0
1699	2659	0.0
3886	465	0.0
3966	42	0.0
3004	131	0.0
32	4676	0.0
366	3308	0.0
3510	3346	0.0
2311	2739	0.0
1354	2739	0.0
3534	819	0.4960405012
878	1236	0.0
72	4029	0.464646031706
4362	3982	0.0
5	5265	0.0
537	2297	0.0
1935	3510	0.0
4818	5309	0.506842049152
3308	72	0.0
1138	3906	0.0
3896	4987	0.0
5	2216	0.0
5116	1122	0.0
370	2311	0.0
278	4634	0.0
4303	4362	0.0
3589	1896	0.0
3497	1757	0.530244482222
4728	1807	0.0
2412	3326	0.450700308069
2739	2796	0.0
2314	2678	0.0
5	4987	0.0
4829	2233	0.0
233	465	0.0
3440	1312	0.0
5069	2052	0.0
4558	4566	0.0
1896	5281	0.0
1927	2235	0.0
3510	5032	0.0
3262	2102	0.0
2619	2045	0.0
1634	1572	0.0
473	2102	0.0
2659	1572	0.0
2744	4382	0.0
5016	2381	0.0
537	5312	0.0
761	5265	0.0
3510	1195	0.0
4682	5265	0.0
3858	3440	0.0
3858	3370	0.0
233	5265	0.0
338	3468	0.0
3510	4418	0.0
4619	72	0.0
1665	1699	0.0
3308	4728	0.0
4506	4253	0.48599663017
366	2796	0.0
473	5265	0.0
537	1122	0.0
5116	5309	0.563619398758
3468	1805	0.0
4341	5266	0.0
3589	892	0.449411635032
4818	1258	0.0
1138	72	0.0
5126	1572	0.0
3589	3497	0.441858189987
368	925	0.0
3308	1169	0.0
537	1222	0.0
3497	2733	0.0
5	3326	0.446039651071
4972	5126	0.0
4606	5265	0.0
4621	4365	0.0
3326	2799	0.573172527268
126	2586	0.0
4440	4846	0.620002905002
1699	2619	0.0
2388	1757	0.0
2536	5266	0.0
4341	1258	0.0
338	5315	0.0
4573	1028	0.0
338	2554	0.0
1258	3799	0.0
3516	2314	0.0
368	4382	0.0
100	2619	0.0
3940	5309	0.524398336618
5	1927	0.437645191085
3886	1572	0.483528408057
537	524	0.0
2365	537	0.489789080167
72	2659	0.0
892	1132	0.459904474938
3497	4559	0.0
338	407	0.0
892	2536	0.0
1771	1572	0.0
3004	804	0.0
2010	2796	0.0
4000	4558	0.0
3843	1028	0.0
1291	1236	0.642511785157
1863	2587	0.0
5312	72	0.0
3843	3534	0.463506073407
2311	1629	0.0
1138	1132	0.0
4114	5069	0.0
3805	4621	0.0
2458	4365	0.0
3858	1132	0.0
1427	2020	0.0
42	1239	0.0
366	2544	0.617706144393
804	878	0.0
2554	746	0.0
1634	3370	0.0
2733	3346	0.0
1927	786	0.445712629025
2544	1572	0.481451759651
3589	1807	0.440318638633
3440	4253	0.457336801487
3135	1028	0.0
2235	3468	0.0
537	3289	0.0
1748	5312	0.0
407	278	0.0
1896	2010	0.0
472	5265	0.0
3370	804	0.0
892	3534	0.462982054382
185	473	0.435877118406
1376	72	0.0
2458	1807	0.0
2458	804	0.0
3326	4737	0.44161693446
1427	3004	0.0
2045	1222	0.0
473	1195	0.449990069007
1935	5116	0.0
5069	786	0.0
1601	383	0.0
3485	2331	0.0
5327	4029	0.0
5312	878	0.0
338	3346	0.0
537	1427	0.0
786	2102	0.0
4362	1527	0.0
1294	3908	0.0
537	278	0.0
2305	3135	0.0
2458	1634	0.0
1665	2742	0.0
2311	3553	0.0
537	4606	0.0
338	1748	0.0
1634	4000	0.0
4506	131	0.0
2235	2739	0.0
3749	100	0.0
4728	2105	0.0
822	3516	0.0
1132	1572	0.48204669997
892	4365	0.47578612431
4182	983	0.0
1195	4559	0.0
2303	2052	0.0
2010	804	0.0
2464	3370	0.0
3516	5265	0.0
2170	4558	0.0
72	3982	0.0
1699	2536	0.0
1195	2291	0.486522871052
4925	1258	0.0
4303	1771	0.0
537	5116	0.484083326782
1195	2619	0.0
1363	1572	0.477805940514
5315	100	0.0
1935	4559	0.0
4559	4566	0.0
4303	383	0.0
3262	3178	0.0
1896	4522	0.0
1601	4682	0.0
4418	1527	0.0
30	3799	0.449876733319
3560	2756	0.0
3510	2513	0.0
465	3906	0.0
3805	1132	0.0
4182	1363	0.792519971946
3886	278	0.0
32	473	0.0
3326	2945	0.44161693446
3940	501	0.0
2458	1258	0.0
2388	2586	0.0
3497	3346	0.0
2733	3628	0.0
4303	767	0.0
5	3262	0.0
4737	1863	0.43287949865
4418	4559	0.0
1132	3730	0.0
4922	3346	0.0
2105	4566	0.0
3353	3982	0.0
2659	2020	0.0
3326	1239	0.458647276698
3308	501	0.0
2739	3346	0.0
4829	746	0.0
2381	1572	0.0
2586	1138	0.0
3251	2767	0.0
4182	746	0.0
2311	4418	0.0
983	5327	0.0
38	3886	0.474913877663
1896	1138	0.0
3589	537	0.446435067155
537	1294	0.0
2330	5315	0.0
3589	3982	0.0
233	1757	0.751625272505
822	4382	0.0
233	2536	0.0
126	2767	0.0
3004	5032	0.464044749488
537	1757	0.0
892	1312	0.0
4987	233	0.0
1376	3813	0.0
2052	3370	0.0
888	2945	0.0
5172	888	0.0
3858	3628	0.0
892	473	0.455274719473
2767	1807	0.442438038699
537	4634	0.0
3326	1236	0.542529937079
1665	2586	0.0
5032	925	0.0
42	5265	0.0
3589	1312	0.0
3589	2767	0.429374302965
2742	5265	0.0
5069	1634	0.0
4728	465	0.0
1642	2292	0.0
1354	1222	0.0
2114	2297	0.556438755768
3772	2767	0.0
3589	2331	0.427492969988
4634	131	0.0
3622	3468	0.530990679212
537	1527	0.0
537	4922	0.0
878	5265	0.0
4450	2700	0.462475427116
3497	2945	0.451468227873
3440	4621	0.0
537	2311	0.0
1376	2311	0.0
5032	1572	0.445795312983
5116	3808	0.0
1138	3289	0.0
38	2458	0.0
4573	5265	0.0
666	3383	0.0
366	3105	0.685274022309
3886	5172	0.0
3370	1572	0.464729694617
3135	1427	0.0
5069	3575	0.0
4182	5265	0.0
668	3896	0.0
2733	5172	0.0
3805	5265	0.0
2365	1303	0.0
1699	1805	0.0
1699	3510	0.0
185	5281	0.0
100	1239	0.784289457422
4619	5266	0.0
501	1634	0.0
3308	3383	0.0
3497	3370	0.462847623749
5	2945	0.428481881799
3622	473	0.443811298424
2458	4846	0.0
524	4382	0.0
2010	5	0.0
416	5265	0.0
4606	2102	0.0
1935	804	0.0
5312	1222	0.0
5172	2742	0.0
368	524	0.0
2742	4382	0.0
822	2586	0.0
5116	4418	0.0
2010	2799	0.0
4000	72	0.507573187089
1935	4303	0.0
3813	4728	0.0
3510	233	0.0
537	3353	0.0
2305	4559	0.0
2587	1805	0.0
3308	1427	0.0
5032	3353	0.0
72	1807	0.479869837417
666	5069	0.0
983	1427	0.0
668	2305	0.0
3908	3353	0.0
2297	1572	0.530244482222
126	596	0.0
1665	596	0.0
1291	2045	0.0
1138	5266	0.0
1665	2045	0.0
822	416	0.0
3326	1132	0.452000329469
1665	3105	0.0
501	746	0.0
4634	1757	0.0
2742	383	0.0
2767	5265	0.0
5016	1634	0.0
4303	801	0.0
38	1935	0.0
1634	3799	0.0
3940	2381	0.0
5312	3730	0.0
2945	1363	0.463058241143
2305	1427	0.0
767	878	0.0
537	2114	0.448675714193
1601	2170	0.0
668	2796	0.0
1601	2102	0.0
1427	5276	0.0
185	2114	0.434242550538
2291	888	0.0
1122	42	0.0
1601	42	0.0
3383	925	0.0
1291	4029	0.609171836904
2330	3820	0.0
1748	4682	0.0
1312	1527	0.0
3308	1195	0.0
1896	3370	0.0
3468	1572	0.491478354237
3820	804	0.0
2311	786	0.0
537	100	0.514502712707
3622	3440	0.457336801487
1376	4606	0.0
2388	1028	0.0
537	1927	0.499310379758
3262	596	0.0
4506	5265	0.0
473	3440	0.464009530522
2586	338	0.0
2170	2458	0.0
3553	4818	0.0
473	1527	0.0
1634	804	0.0
233	2102	0.0
2114	1258	0.0
4606	4621	0.0
804	5266	0.0
2280	3772	0.0
2799	1807	0.488120383953
2388	5172	0.0
822	5126	0.0
32	5265	0.0
3497	2536	0.0
1138	2756	0.0
1665	3440	0.0
4975	473	0.0
4737	2314	0.676757829448
892	3326	0.456528245412
3908	3772	0.0
2365	2796	0.0
524	1258	0.0
3534	2536	0.0
4506	3510	0.0
2170	2945	0.0
537	5016	0.0
1138	4846	0.0
5	42	0.0
3135	1169	0.0
407	4296	0.0
2303	4559	0.0
2291	4712	0.781897170212
501	1927	0.0
537	72	0.499310379758
3622	2102	0.0
925	5265	0.0
537	1376	0.0
4728	5266	0.0
2744	4029	0.559530568215
2412	72	0.485646077048
1807	5266	0.0
2010	5327	0.0
668	2105	0.0
3326	2381	0.0
4566	5266	0.0
1291	888	0.0
4000	4522	0.504034156126
3622	3940	0.548412400145
2756	3575	0.596374514321
537	3858	0.0
2365	501	0.0
1935	3178	0.0
2311	4559	0.0
2744	1363	0.724707428622
892	2458	0.0
3628	1572	0.451952962023
2305	4712	0.0
3370	5276	0.0
2767	3529	0.0
4619	5265	0.0
2052	1748	0.0
2291	4619	0.0
4000	2587	0.0
1312	2796	0.0
983	3504	0.476439190157
2311	983	0.0
2305	4566	0.0
537	3982	0.0
537	5032	0.450540311044
892	2105	0.47020747622
537	3346	0.0
131	4296	0.0
4712	2297	0.736580530472
2733	1028	0.0
38	5266	0.0
2458	4558	0.0
983	1807	0.0
2554	501	0.0
3326	3120	0.0
1805	2659	0.0
2331	3534	0.438507202374
1665	5116	0.0
5069	4253	0.0
2216	786	0.0
2458	465	0.0
501	878	0.0
537	5281	0.0
32	1363	0.0
1927	2458	0.0
822	2799	0.0
2305	1807	0.0
746	2536	0.0
596	4065	0.0
5116	2311	0.0
4296	5265	0.0
1807	925	0.0
2544	5265	0.0
3772	4728	0.0
3560	1863	0.0
3534	1572	0.454499707397
822	100	0.0
1427	233	0.0
3622	1169	0.0
1629	4382	0.0
4846	5265	0.0
2233	1771	0.0
3135	892	0.0
2554	3004	0.0
3308	4418	0.0
3497	2020	0.0
2311	3326	0.0
3251	4370	0.0
3622	3105	0.584137801273
1195	786	0.449990069007
1312	2659	0.0
1665	4606	0.0
4450	596	0.0
407	233	0.0
1665	2458	0.0
4987	2756	0.0
2305	5032	0.0
537	4925	0.0
3497	473	0.447329498673
501	4634	0.0
3575	3289	0.0
888	2480	0.0
4114	2480	0.0
1927	5266	0.0
892	1805	0.0
501	804	0.0
4303	2216	0.0
5	2045	0.0
1294	3120	0.0
2216	2700	0.0
1236	2536	0.0
3622	5266	0.0
1665	4114	0.0
537	3813	0.488674702975
3497	2102	0.0
537	1905	0.0
1138	2020	0.0
1697	4365	0.0
4506	3906	0.0
2536	2756	0.0
3497	888	0.0
3730	5265	0.0
537	2587	0.0
1294	2796	0.0
3497	2381	0.0
233	1634	0.0
2458	1169	0.0
5	1699	0.44161693446
1138	4558	0.0
407	4925	0.0
185	5265	0.0
2311	4619	0.0
2796	1771	0.0
4737	2513	0.0
3440	1807	0.474787085103
822	1427	0.0
3308	278	0.0
1376	1222	0.0
2458	4370	0.0
2330	1699	0.0
2311	1527	0.0
368	2756	0.0
42	1572	0.0
1699	1312	0.0
1427	3440	0.0
3383	5172	0.0
983	1805	0.0
4737	1195	0.448419222365
537	2233	0.0
2586	3353	0.0
537	4450	0.0
4370	4558	0.0
3808	5266	0.0
4440	4621	0.0
4253	1572	0.454499707397
1757	1771	0.0
537	4621	0.0
4382	888	0.0
2020	3799	0.0
3308	1132	0.0
5172	4559	0.0
2796	4676	0.0
3308	2105	0.0
2480	3346	0.0
2464	1169	0.0
2554	4676	0.0
2020	3808	0.0
