1195	2659	0.0
2311	3105	0.389006061813
1935	5	0.358609856588
368	4925	0.392105764649
5327	2700	0.51253384463
1665	3820	0.394269177455
4440	3346	0.332292926182
3510	2233	0.415892447207
3326	1132	0.370807144119
2536	3346	0.323289493131
2365	2314	0.581525854013
1376	4303	0.314035310606
3908	416	0.0
185	4341	0.377913070257
131	4846	0.0
2010	2280	0.0
3504	5265	0.371670138942
1601	3534	0.365604031852
3004	4506	0.385038569261
3135	2554	0.718893764919
1665	1222	0.400954704294
233	2052	0.398225058193
38	537	0.0
2010	3529	0.0
2586	3485	0.0
2311	1291	0.394983107738
4303	3516	0.408406861536
2388	4506	0.40730493696
3510	1195	0.430532167211
366	4069	0.0
524	2945	0.36797514786
1195	3906	0.0
2170	1572	0.401422624689
2796	1363	0.461710900017
892	2544	0.0
537	1771	0.0
3749	1222	0.400954704294
2412	1291	0.365604031852
2796	1236	0.0
3858	3440	0.40730493696
4253	2619	0.369111709488
4418	3529	0.0
366	2216	0.0
4634	2292	0.0
3440	3262	0.0
4303	767	0.29976272014
1695	2739	0.0
524	4619	0.367145873944
822	2045	0.443592150751
5069	1132	0.445904201873
368	1699	0.40730493696
2554	3326	0.409022306058
2365	233	0.398225058193
3589	1805	0.401989192066
1376	2619	0.310425884073
537	801	0.0
2412	2945	0.369958963124
2330	131	0.0
3858	786	0.420152824522
3622	878	0.0
537	668	0.311467571381
1169	4341	0.371670138942
4559	72	0.0
3251	2458	0.385464572835
185	4253	0.376990788682
1294	2412	0.0
278	4566	0.0
1239	72	0.382603926672
1927	2170	0.369111709488
1634	3370	0.378836920125
2170	4065	0.381926034739
3326	2799	0.0
3510	2513	0.415892447207
3251	4370	0.417053772692
892	2020	0.0
537	4728	0.0
1195	4566	0.374529266966
30	2331	0.367145873944
366	4558	0.0
3843	4182	0.0
1896	3262	0.0
3497	3886	0.376990788682
537	2412	0.369111709488
278	416	0.0
3896	1236	0.0
2102	1572	0.341781004488
4182	1312	0.0
370	537	0.364795872256
2659	4566	0.0
537	233	0.367145873944
537	3799	0.400954704294
1665	42	0.403322099002
42	1028	0.0
2291	4619	0.365659696219
2388	3440	0.397901273616
3749	2464	0.0
4303	4362	0.388759206622
2105	2102	0.319459551394
278	3346	0.0
2388	4922	0.40730493696
2020	3808	0.443592150751
4450	2052	0.390954885833
1695	5276	0.0
1863	878	0.0
1896	2536	0.409022306058
3858	892	0.0
767	1697	0.348924755101
3262	4846	0.0
537	1572	0.400954704294
1927	925	0.400954704294
465	4296	0.387192153634
4818	1291	0.394983107738
537	2513	0.382603926672
1601	3262	0.0
2796	3529	0.0
501	1122	0.0
2170	2216	0.381214584821
2388	2235	0.342774953151
278	2331	0.0
4253	2659	0.0
537	4712	0.0
2297	3346	0.0
2311	4829	0.576046050314
30	233	0.367145873944
2458	1236	0.0
1138	1427	0.0
3560	3553	0.385445755343
2388	4829	0.397901273616
3940	1132	0.433390290995
822	761	0.418148254701
42	1239	0.418136585285
4536	2045	0.420152824522
1665	3534	0.371670138942
4296	416	0.40650034671
370	2045	0.394983107738
822	4619	0.382350527589
4559	4296	0.0
2291	4365	0.404626536149
472	1122	0.0
3468	2945	0.413428333584
368	537	0.369111709488
3886	1863	0.369111709488
3628	5309	0.344523313015
537	1927	0.369111709488
5315	2292	0.362526776725
338	3534	0.369111709488
2305	4728	0.0
501	4682	0.414707780015
3105	4029	0.389006061813
1427	4558	0.426788836509
366	3251	0.0
5116	5281	0.40730493696
501	1927	0.400954704294
501	2742	0.0
2412	3516	0.401989192066
1294	3510	0.0
3326	4558	0.403322099002
4987	233	0.398225058193
366	4737	0.0
368	524	0.398225058193
537	2659	0.0
1896	185	0.410601122471
2305	2045	0.399652617973
473	925	0.369027914788
1138	1634	0.0
537	3534	0.369111709488
3383	5032	0.39726042542
3589	4506	0.400954704294
5172	1312	0.0
2700	3346	0.380639094645
3497	767	0.301970584843
1354	4676	0.408406861536
1896	1236	0.0
5172	5265	0.0
4303	3820	0.397901273616
537	2102	0.314625516305
3622	473	0.378454369114
1258	5265	0.394269177455
2365	2796	0.545504075387
3813	2311	0.0
1132	2659	0.0
2388	2330	0.389607197826
5	2756	0.0
2458	4619	0.364795872256
4253	804	0.318224788754
3966	801	0.0
801	3346	0.0
822	2458	0.354354114332
3908	4418	0.0
2458	465	0.336445083795
2619	2314	0.400954704294
668	1927	0.311467571381
2114	4558	0.400954704294
1258	4558	0.400954704294
3820	878	0.0
1927	72	0.369111709488
537	4922	0.398274665084
370	1896	0.394983107738
2744	4621	0.372138206883
38	1222	0.0
537	3808	0.398274665084
4606	1363	0.0
3370	4382	0.0
3858	5	0.438172980912
1601	185	0.394983107738
4619	5265	0.370807144119
4522	801	0.0
2114	1572	0.400954704294
3622	1771	0.0
2544	3346	0.380639094645
4972	4606	0.0
3622	1807	0.364795872256
3886	4566	0.369958963124
2365	3510	0.415892447207
1376	2105	0.315001135856
2365	4069	0.0
1807	2659	0.0
3622	925	0.394983107738
4253	5032	0.369111709488
3497	3251	0.412064003149
278	1258	0.0
767	1138	0.0
3326	1634	0.370807144119
4972	2381	0.0
1195	465	0.345138381255
1427	5032	0.391745865423
1699	3906	0.0
3326	1572	0.403322099002
1572	5281	0.40730493696
2388	4621	0.386634031258
666	2554	0.409022306058
3622	4114	0.394983107738
3370	2945	0.377944885164
3105	4296	0.31296950332
126	185	0.0
767	1236	0.0
2216	1236	0.0
3497	4728	0.0
4619	2536	0.372398185873
2388	185	0.402228615893
5	2945	0.393820440513
2105	2659	0.0
2330	1195	0.389607197826
537	3906	0.0
42	2659	0.0
2586	5	0.0
4559	2945	0.0
3749	1572	0.418136585285
38	524	0.0
3516	2045	0.581525854013
2388	3799	0.40730493696
2305	3534	0.314625516305
1927	4253	0.369111709488
368	3808	0.400954704294
4303	2381	0.0
126	1629	0.0
4829	5265	0.347568422386
3529	5265	0.0
537	3510	0.398274665084
2216	1132	0.381214584821
1665	4253	0.370807144119
2659	3529	0.0
2330	1699	0.40730493696
2303	3105	0.315001135856
185	2587	0.412064003149
2388	1236	0.0
1771	4846	0.0
278	2458	0.0
338	3468	0.417053772692
38	2233	0.0
1699	1805	0.408406861536
537	4536	0.382603926672
3622	1695	0.0
4382	804	0.0
746	2945	0.0
2388	3730	0.0
804	5265	0.319719675062
3589	3886	0.369111709488
366	1527	0.0
3383	3982	0.0
1376	501	0.333888518219
501	4296	0.405418788259
2458	746	0.0
1699	2480	0.40730493696
1312	4682	0.415892447207
2659	3575	0.0
2554	3004	0.374853001531
892	4296	0.0
537	2280	0.398274665084
126	2945	0.0
233	383	0.367145873944
3589	4728	0.0
666	3553	0.403322099002
3886	4506	0.385038569261
4114	2480	0.52265200507
5069	1634	0.414707780015
668	4506	0.324304559794
1427	2796	0.421690503892
983	4566	0.0
2659	4296	0.0
32	3982	0.0
4619	2105	0.351218651106
4634	1748	0.0
1935	3440	0.350789142949
4506	5265	0.403322099002
3510	3906	0.0
1239	1697	0.409551452938
1601	4987	0.394983107738
3589	1312	0.401989192066
465	5281	0.388759206622
2388	1771	0.0
1294	1896	0.0
185	3628	0.350454318267
4000	3730	0.0
2305	185	0.321258585969
3308	3886	0.0
666	878	0.0
3308	1807	0.0
4728	2020	0.0
1427	2659	0.0
822	1572	0.386388417694
2311	925	0.414707780015
537	1807	0.369111709488
2619	5265	0.400954704294
3105	416	0.315001135856
2045	2945	0.413428333584
42	3730	0.0
4029	5266	0.0
892	3440	0.0
746	1258	0.0
1354	1222	0.401989192066
2756	4370	0.0
2742	4522	0.0
1665	4818	0.403322099002
4303	3799	0.40730493696
3105	3120	0.0
3485	2314	0.357830451169
366	2235	0.0
3589	4000	0.369111709488
2388	2114	0.392105764649
3749	983	0.0
38	1122	0.0
2280	4728	0.0
1138	5309	0.0
2381	2756	0.0
3896	3772	0.0
1642	3440	0.408406861536
185	2945	0.377913070257
2464	2742	0.0
5032	2659	0.0
1354	4925	0.383068357783
888	1028	0.0
1665	2544	0.385445755343
126	5032	0.0
4303	5172	0.0
3497	2733	0.349748406578
537	2945	0.369958963124
501	1629	0.445904201873
804	2659	0.0
338	1634	0.378836920125
2458	5032	0.364795872256
537	2587	0.400954704294
1312	1748	0.581525854013
1935	2330	0.34571496718
4522	5266	0.0
4829	2381	0.0
185	2297	0.0
501	2544	0.418738690896
472	1239	0.420152824522
38	2280	0.0
1634	4558	0.387130515599
1935	1195	0.346257834484
3560	1807	0.364795872256
3497	3370	0.376990788682
370	2292	0.403322099002
3622	4558	0.394983107738
3308	892	0.0
3858	1312	0.581525854013
3510	1239	0.443592150751
1807	3982	0.0
786	5265	0.403322099002
4573	5309	0.0
1601	1905	0.394983107738
2458	4987	0.394983107738
2799	925	0.0
668	2796	0.379008087855
1601	5265	0.394983107738
2170	2513	0.382603926672
4303	2412	0.374529266966
370	3346	0.314422235473
983	3440	0.0
1665	3308	0.0
1258	3799	0.350454318267
3468	1572	0.448467709038
1138	4418	0.0
1863	4846	0.0
2458	1169	0.365604031852
32	2733	0.0
2458	1634	0.364795872256
4303	983	0.0
2388	2045	0.40730493696
3843	2102	0.399652617973
1169	4029	0.413428333584
3589	3808	0.400954704294
2216	1807	0.381214584821
5315	2799	0.0
3326	4029	0.403322099002
2280	4606	0.0
3497	524	0.398225058193
2388	2464	0.0
4000	4621	0.364795872256
892	4365	0.0
1807	416	0.374853001531
4303	3353	0.400954704294
668	4450	0.305586161303
1642	1665	0.404381352563
2659	5266	0.0
1195	1028	0.0
38	4182	0.0
5315	2114	0.383468311968
2744	2203	0.0
3589	2739	0.305196251161
465	2513	0.399331732682
4829	3982	0.0
2458	1195	0.374529266966
983	4253	0.0
4712	2297	0.0
3497	2458	0.377913070257
4728	801	0.0
2305	1222	0.314625516305
2365	4619	0.398225058193
537	3966	0.381926034739
4975	5069	0.581525854013
3004	1634	0.369111709488
1863	3529	0.0
1169	2659	0.0
2659	1572	0.0
72	4621	0.364795872256
804	416	0.323289493131
3534	4362	0.401989192066
3622	1169	0.365604031852
2102	925	0.32281176636
5016	2381	0.0
185	4370	0.412064003149
1665	1572	0.403322099002
4303	4253	0.373639484921
2330	4418	0.381181007415
4536	801	0.0
892	5032	0.0
4975	3105	0.389006061813
2464	925	0.0
1935	3468	0.405418788259
537	3353	0.369111709488
3497	185	0.412064003149
537	4362	0.383468311968
3622	3105	0.306976993994
1665	925	0.403322099002
3497	4737	0.0
185	5265	0.403322099002
2619	801	0.0
1699	2114	0.749242426931
1927	4619	0.369111709488
4069	3346	0.0
3908	2554	0.0
5172	4606	0.0
3628	4362	0.393820440513
1805	2945	0.401087922952
3886	801	0.0
3105	2102	0.319459551394
4619	4712	0.0
1665	4922	0.403322099002
3772	1303	0.0
767	4069	0.0
126	822	0.0
1927	5172	0.0
4972	1028	0.0
501	4559	0.0
278	1169	0.0
3622	2170	0.364795872256
501	2381	0.0
473	804	0.326808216372
1312	1527	0.424152175826
3178	4558	0.0
2280	2311	0.443592150751
1427	4566	0.392822005314
3135	4182	0.0
501	1132	0.446817506736
1896	3799	0.410601122471
1807	2945	0.369958963124
3308	1169	0.0
4972	3105	0.356576189801
3497	2330	0.398225058193
338	2170	0.378836920125
1665	3940	0.394269177455
38	2314	0.0
3497	2305	0.321258585969
3497	5265	0.403322099002
2045	2102	0.399652617973
2314	5265	0.403322099002
892	4566	0.0
3004	1527	0.384466574213
925	2756	0.0
2586	3940	0.0
3813	1572	0.0
338	3346	0.328247890114
4712	4069	0.0
2458	2045	0.394983107738
1138	1699	0.40730493696
42	1572	0.418136585285
1427	2020	0.433664719232
3497	5	0.392696257309
537	4382	0.0
4829	746	0.0
767	2659	0.0
4559	1572	0.0
1376	1927	0.310425884073
38	1258	0.0
1665	4558	0.403322099002
1695	1236	0.0
3468	761	0.51253384463
465	3529	0.0
925	3346	0.326808216372
185	4621	0.394983107738
2235	3105	0.311778509331
1665	278	0.0
407	472	0.398225058193
30	3799	0.398225058193
3497	1132	0.376990788682
3440	3534	0.374529266966
3308	4566	0.0
3120	4558	0.0
3886	3749	0.381214584821
185	3468	0.412064003149
4440	4621	0.386634031258
407	892	0.0
42	4365	0.407729988163
524	3440	0.398225058193
983	2105	0.0
1935	1927	0.347257434408
366	2796	0.0
233	1634	0.367145873944
983	1634	0.0
2280	3308	0.0
5327	383	0.381181007415
32	2513	0.0
3622	1699	0.40730493696
537	2045	0.400954704294
4370	4558	0.417053772692
30	4365	0.389607197826
4069	2020	0.0
1699	925	0.40730493696
2311	4418	0.405418788259
2381	5265	0.0
1222	3289	0.383468311968
1757	804	0.35327118966
3504	3799	0.390954885833
668	2102	0.319459551394
3589	3004	0.369111709488
1427	2102	0.333661239146
3485	4253	0.296757549445
2733	1028	0.0
38	3628	0.0
2796	761	0.515313641911
1354	4606	0.0
2045	2678	0.40730493696
3553	888	0.370807144119
2458	4365	0.386634031258
473	1195	0.351113004354
1195	4621	0.386634031258
1896	4682	0.410601122471
2480	5265	0.403322099002
1935	1642	0.40650034671
1138	1363	0.0
5327	1863	0.383468311968
3843	767	0.357830451169
5032	2619	0.369111709488
3510	42	0.443592150751
537	2388	0.373639484921
2010	2303	0.0
3886	3440	0.373639484921
3510	804	0.326808216372
366	1896	0.0
4418	2945	0.373178359037
1927	1239	0.400954704294
2235	4606	0.0
822	5126	0.39651962585
2458	1572	0.394983107738
892	1634	0.0
537	3908	0.0
501	804	0.344461088016
473	2102	0.32281176636
3858	1222	0.400954704294
185	2619	0.400954704294
4114	1863	0.400954704294
3440	2659	0.0
1935	4303	0.350789142949
3886	2536	0.374853001531
30	1905	0.398225058193
4114	2292	0.403322099002
4559	819	0.0
3105	4559	0.0
537	3504	0.361853004885
5016	2045	0.438172980912
786	2102	0.325979804078
3370	804	0.344461088016
100	4634	0.0
366	3105	0.0
366	1236	0.0
2170	2945	0.377944885164
1665	3504	0.371670138942
38	2742	0.0
3622	3440	0.394983107738
5327	1028	0.0
2045	4522	0.0
3589	3440	0.400954704294
4418	4987	0.405418788259
3589	4450	0.390954885833
3553	2796	0.394269177455
4619	1771	0.0
5126	3805	0.0
3628	2544	0.393820440513
3772	72	0.0
4253	1236	0.0
3383	3906	0.0
767	1291	0.293869459487
2170	4559	0.0
822	3346	0.344029599328
3966	5265	0.349748406578
3251	5265	0.403322099002
126	2280	0.0
3622	4737	0.0
100	4296	0.405418788259
338	72	0.38046575476
4418	4450	0.375051383642
1896	2305	0.3203949662
3534	1195	0.374529266966
537	786	0.382603926672
473	5265	0.347568422386
3529	5266	0.0
1294	5265	0.0
537	1695	0.0
1927	5032	0.369111709488
3308	1699	0.408406861536
1195	3120	0.0
1291	1236	0.0
4972	4365	0.494617732275
4114	2297	0.0
3589	925	0.400954704294
2586	4925	0.0
2388	1757	0.397901273616
892	5266	0.0
3589	1303	0.318224788754
1665	892	0.0
3589	131	0.0
3497	4440	0.402228615893
3497	2388	0.402228615893
2203	3468	0.0
366	2586	0.0
3886	4253	0.369111709488
4846	5265	0.0
3896	4303	0.0
131	1697	0.0
1291	3468	0.394983107738
537	5315	0.383468311968
4818	2203	0.0
4561	4566	0.383582637119
38	1427	0.0
537	1376	0.310425884073
72	4029	0.445904201873
1291	4029	0.394983107738
2458	3326	0.371670138942
1896	3370	0.375964476071
2311	4606	0.0
38	366	0.0
32	3966	0.0
1376	1236	0.0
2945	1572	0.402609683356
5069	2170	0.414707780015
2412	1771	0.0
368	465	0.378662058251
3589	1896	0.400954704294
4972	473	0.387419731232
5327	4362	0.51253384463
3504	2513	0.383582637119
2280	1303	0.344029599328
501	1195	0.40730493696
4559	804	0.0
1935	1896	0.352591231894
3628	5266	0.0
3440	2020	0.40730493696
4440	2945	0.386042548153
1665	4728	0.0
38	2544	0.0
2305	131	0.0
3589	1138	0.0
368	4846	0.0
473	1527	0.401545371648
1927	1222	0.400954704294
1642	3534	0.401989192066
2767	3529	0.0
185	4558	0.412064003149
2010	1757	0.0
2052	1748	0.581525854013
1122	2678	0.0
537	1805	0.39991864531
1665	1807	0.370807144119
3813	5265	0.0
3308	2458	0.0
338	5309	0.364795872256
524	4558	0.398225058193
2305	3886	0.314625516305
501	2216	0.418136585285
2280	3346	0.344029599328
2280	1771	0.0
38	4114	0.0
407	2513	0.398225058193
2587	2756	0.0
5312	5276	0.0
2280	5172	0.0
233	3906	0.0
1771	4370	0.0
2739	1028	0.0
1748	3529	0.0
1195	888	0.373639484921
5	2458	0.378454369114
338	4341	0.370807144119
3589	2045	0.400954704294
1312	2739	0.377788797105
3383	3370	0.39726042542
4000	3504	0.361853004885
3497	3178	0.0
1195	2314	0.40730493696
407	278	0.36797514786
4000	1805	0.399231535353
537	4619	0.367145873944
4818	1312	0.525660055554
537	5172	0.0
3370	1807	0.369111709488
3908	5172	0.0
2203	2235	0.0
3004	3440	0.373639484921
668	3178	0.0
822	3560	0.394983107738
3468	3799	0.427376385409
2756	4365	0.0
1642	4440	0.425000608368
2170	4846	0.0
2619	925	0.400954704294
2297	3808	0.0
100	3772	0.0
4506	3906	0.0
4341	4566	0.371670138942
1927	1805	0.401989192066
3516	786	0.421401280391
1807	925	0.378836920125
1138	2945	0.0
2280	1572	0.386388417694
4829	501	0.445904201873
524	1258	0.389607197826
2554	4676	0.409022306058
4440	2536	0.409022306058
537	3383	0.39726042542
3497	4566	0.377913070257
3966	42	0.418136585285
3497	2114	0.400954704294
3440	2233	0.40730493696
366	5069	0.0
1642	4922	0.445145284398
185	383	0.376990788682
2330	2554	0.356057938341
892	72	0.0
2114	786	0.400954704294
4606	4619	0.0
2365	2733	0.412064003149
1642	3886	0.401989192066
126	1896	0.0
3843	1028	0.0
3497	3326	0.403322099002
368	5315	0.383468311968
4182	185	0.0
3440	1258	0.397901273616
5032	4065	0.381926034739
1312	2659	0.0
4922	5276	0.405418788259
5327	42	0.397684439033
2045	383	0.398225058193
4682	5276	0.387419731232
1695	2678	0.0
1665	3440	0.403322099002
5327	4069	0.0
4000	888	0.367145873944
3370	1572	0.401422624689
3497	537	0.376990788682
3308	5172	0.0
5315	1771	0.0
746	804	0.0
1138	2458	0.0
3940	2700	0.476784930235
2586	1258	0.0
5016	4566	0.395839989483
3135	473	0.412064003149
4303	3575	0.0
185	3440	0.40730493696
4972	1771	0.0
746	3346	0.0
1699	4253	0.373639484921
2303	407	0.399231535353
3497	4619	0.376990788682
3589	1195	0.392105764649
537	1195	0.373639484921
3516	2796	0.545504075387
537	1354	0.374853001531
3178	2678	0.0
1665	3004	0.370807144119
3440	925	0.40730493696
1665	2739	0.306459391233
1195	1807	0.373639484921
3004	72	0.369111709488
5	3004	0.383468311968
537	4846	0.0
5315	3346	0.344461088016
233	465	0.352170164979
983	3504	0.0
4303	3440	0.40730493696
1195	1312	0.408406861536
3896	4712	0.0
4975	473	0.414707780015
822	3529	0.0
1665	3858	0.403322099002
801	1222	0.0
4682	4846	0.0
596	3346	0.350133122499
3858	3326	0.403322099002
100	761	0.394872850674
5312	1222	0.0
1138	5032	0.0
1905	1629	0.461370164387
2291	5281	0.414707780015
888	2587	0.403322099002
537	2170	0.369111709488
3497	3510	0.443592150751
4450	3370	0.361853004885
2365	1303	0.409264053212
4922	5265	0.361012634182
983	1169	0.0
3370	1805	0.39991864531
3497	1896	0.410601122471
3622	42	0.394983107738
2365	2744	0.394983107738
537	42	0.381214584821
3440	4728	0.0
1748	804	0.409264053212
2305	892	0.0
3589	1132	0.369111709488
3346	4558	0.334145062794
2458	3440	0.374529266966
2330	1807	0.367145873944
2554	3534	0.375754450334
4975	2045	0.581525854013
4506	2796	0.412757887131
1665	4365	0.394269177455
537	3308	0.0
5126	804	0.334145062794
983	2756	0.0
3940	1572	0.426549357723
4418	888	0.372301309873
537	473	0.378836920125
3178	4676	0.0
3589	278	0.0
3308	4296	0.0
537	3105	0.310425884073
2280	2554	0.385401755689
4182	42	0.0
537	666	0.400954704294
4114	2659	0.0
5016	2799	0.0
2554	2233	0.409022306058
2536	5265	0.353039405111
524	1222	0.398225058193
3886	2203	0.0
5	5281	0.388759206622
472	878	0.0
407	2796	0.399231535353
1699	4621	0.40730493696
370	3262	0.0
4418	2297	0.0
2587	2480	0.581525854013
2733	3262	0.0
3497	72	0.376990788682
2554	1771	0.0
2458	5266	0.0
1935	2020	0.364885161187
537	5116	0.374853001531
1896	4728	0.0
537	1291	0.364795872256
3262	925	0.0
5116	4069	0.0
5	4987	0.421983317345
4975	416	0.409022306058
3622	888	0.364795872256
1303	4561	0.330138676197
501	42	0.418136585285
3906	1572	0.0
3497	2102	0.321258585969
4303	30	0.373639484921
4987	4296	0.405418788259
3886	892	0.0
501	4558	0.426788836509
38	5172	0.0
370	2052	0.394983107738
4114	4619	0.398225058193
3940	1927	0.392105764649
537	3289	0.383468311968
3589	537	0.369111709488
1601	1665	0.394983107738
4829	2554	0.410143024682
1665	983	0.0
2216	1757	0.407729988163
2458	596	0.358609856588
1258	2480	0.400954704294
4573	4296	0.0
2010	1132	0.0
2216	2619	0.400954704294
3805	1363	0.0
368	32	0.0
537	983	0.0
2330	2799	0.0
3886	3534	0.369111709488
366	4296	0.0
878	1572	0.0
3805	4621	0.0
2458	1771	0.0
4712	1805	0.0
3497	1634	0.376990788682
5	3468	0.438172980912
804	1236	0.0
185	4069	0.0
537	4818	0.400954704294
1665	4682	0.403322099002
537	4418	0.372301309873
4682	804	0.326808216372
537	5016	0.394730510995
407	4536	0.398225058193
1138	2170	0.0
3383	1132	0.39726042542
3534	3346	0.318224788754
2480	3346	0.398225058193
537	2010	0.0
4418	1748	0.405418788259
131	4370	0.0
537	2767	0.0
1601	4682	0.394983107738
1138	1169	0.0
983	1195	0.0
5116	892	0.0
767	3772	0.0
30	2203	0.0
1132	2678	0.373639484921
5172	4418	0.0
2796	4382	0.0
3622	1634	0.364795872256
3135	501	0.412064003149
3940	5309	0.386564260904
4559	2587	0.0
1927	2412	0.369958963124
2311	3326	0.403322099002
185	1699	0.40730493696
3485	3982	0.0
3251	4069	0.0
366	4728	0.0
3820	925	0.404626536149
5126	4606	0.0
4114	5265	0.390411757881
3908	4682	0.0
185	925	0.412064003149
3440	2536	0.40730493696
666	2311	0.581525854013
4303	2739	0.308564427831
5315	4676	0.388759206622
892	3534	0.0
5032	2536	0.374853001531
366	5116	0.0
3886	1195	0.373639484921
2233	3346	0.398225058193
1927	2045	0.400954704294
4506	925	0.414707780015
2331	4382	0.0
3886	5265	0.370807144119
3370	5281	0.373639484921
3440	4559	0.0
1601	2102	0.310989327464
1935	1291	0.395957064455
2554	473	0.409022306058
1239	4069	0.0
767	4829	0.303180809964
2305	1771	0.0
2314	2678	0.40730493696
668	5312	0.0
3589	2945	0.369958963124
3858	1805	0.446130898491
4440	4418	0.39618241548
537	4296	0.372301309873
366	4987	0.0
3966	3982	0.0
2010	1169	0.0
1601	888	0.364795872256
767	2536	0.300563817678
2292	4029	0.403322099002
4621	5265	0.394983107738
185	4619	0.376990788682
383	4621	0.364795872256
4418	3105	0.31296950332
3560	1572	0.394983107738
1427	2458	0.350224610575
888	3529	0.0
4682	1363	0.374155298524
4573	1258	0.0
1138	3105	0.0
5315	3799	0.427376385409
5116	501	0.409022306058
2305	473	0.32281176636
1195	2105	0.356631801138
4558	4566	0.388156596446
2464	3353	0.0
2458	72	0.364795872256
3370	5276	0.372301309873
3628	1572	0.3682245178
185	2331	0.398225058193
524	4621	0.394983107738
537	4253	0.369111709488
3622	5265	0.394983107738
1376	4712	0.0
4975	3808	0.443592150751
3497	983	0.0
3886	2587	0.400954704294
767	501	0.315965191603
473	4253	0.378836920125
100	1258	0.400954704294
4114	5069	0.52265200507
2235	2945	0.345807671515
537	1312	0.401989192066
2233	2742	0.0
3622	3813	0.0
368	878	0.0
2678	4558	0.40730493696
2365	524	0.398225058193
3308	3440	0.0
407	5172	0.0
233	2799	0.0
2742	1771	0.0
1195	1258	0.392105764649
2305	1195	0.318438101006
3534	4253	0.369111709488
3497	1699	0.40730493696
38	5265	0.0
3886	185	0.376990788682
1927	233	0.398225058193
3896	4634	0.0
3383	4362	0.416916719728
4303	4559	0.0
892	2045	0.0
1771	4296	0.0
3262	2536	0.0
2010	4972	0.0
1665	5327	0.385445755343
3886	1927	0.369111709488
537	892	0.0
473	5032	0.378836920125
1699	2412	0.374529266966
1665	3622	0.394983107738
4303	3262	0.0
2458	888	0.364795872256
4418	4682	0.394872850674
537	32	0.0
2744	3346	0.314422235473
3485	4303	0.29976272014
4341	5309	0.365604031852
2331	4682	0.398225058193
878	1236	0.0
3497	2536	0.356816394222
537	3326	0.370807144119
2233	1572	0.448467709038
2291	888	0.365659696219
537	3370	0.369111709488
537	5276	0.372301309873
38	3886	0.0
888	2945	0.371670138942
892	3353	0.0
5032	3529	0.0
2733	4737	0.0
1028	4619	0.0
3886	5276	0.372301309873
4682	3346	0.326808216372
4303	2216	0.40730493696
1905	5126	0.39651962585
2105	2536	0.375754450334
4728	2105	0.0
1354	2739	0.309464355167
4712	1132	0.0
5315	4370	0.396797928448
1665	3560	0.385445755343
1699	2678	0.40730493696
2216	786	0.418136585285
2311	1527	0.422870924391
2305	42	0.324811562804
4737	1239	0.0
2170	2045	0.414707780015
3308	4619	0.0
3497	804	0.325177210562
2412	5276	0.373178359037
465	3353	0.361775612271
1699	4440	0.397901273616
4418	5265	0.385445755343
5312	5265	0.0
3135	4987	0.412064003149
3966	2480	0.419167872621
4728	1169	0.0
4000	4065	0.381926034739
5	3178	0.0
888	2102	0.316053408889
537	2742	0.0
3308	2544	0.0
537	1222	0.369111709488
3440	4558	0.40730493696
4621	3346	0.314422235473
185	2678	0.40730493696
3749	465	0.397684439033
3497	2739	0.311046805299
3440	4566	0.374529266966
2412	888	0.369111709488
4925	5265	0.390411757881
2105	2945	0.36019390748
5315	100	0.394872850674
2303	2052	0.409022306058
3251	3440	0.40730493696
5069	4712	0.0
4522	2700	0.0
4253	1572	0.400954704294
1699	5032	0.373639484921
666	3820	0.545504075387
4621	1132	0.364795872256
1169	3730	0.0
2796	4676	0.397901273616
1138	3004	0.0
1132	2945	0.377944885164
5116	472	0.409022306058
2365	537	0.400954704294
746	1363	0.0
892	1807	0.0
1601	416	0.395957064455
666	1642	0.581525854013
3308	2102	0.0
3485	1132	0.315965191603
1927	1132	0.369111709488
4712	2619	0.0
2020	3799	0.427376385409
668	819	0.32062869993
4573	4418	0.0
4972	4558	0.426788836509
1376	2945	0.317458916477
3813	3966	0.0
1699	804	0.322218381749
3004	1303	0.318224788754
925	2480	0.414707780015
2458	1757	0.386634031258
1665	3370	0.370807144119
2303	1138	0.0
892	888	0.0
3135	3820	0.596000103923
501	2203	0.0
2331	5312	0.0
5	3440	0.388759206622
2203	2291	0.0
4975	3772	0.0
3497	42	0.412064003149
1748	801	0.0
5116	5309	0.365435451817
1138	2105	0.0
30	416	0.374853001531
878	2314	0.0
767	1927	0.296757549445
2114	3628	0.350454318267
3589	1699	0.40730493696
3004	3772	0.0
3858	1807	0.400954704294
4676	5265	0.385445755343
822	888	0.382350527589
4818	3808	0.443592150751
2020	1572	0.448467709038
5	2331	0.381181007415
366	3820	0.0
3858	1132	0.446817506736
42	5265	0.403322099002
278	1291	0.0
131	4341	0.0
3497	1138	0.0
42	2381	0.0
1427	5276	0.401608777108
38	3004	0.0
1665	1634	0.370807144119
3383	925	0.385489626111
3813	465	0.0
4559	4558	0.0
3004	4621	0.364795872256
407	4296	0.398225058193
1665	2945	0.371670138942
1258	2945	0.369958963124
4972	100	0.414707780015
501	1805	0.445904201873
2114	2945	0.369958963124
2330	1222	0.398225058193
5032	2020	0.400954704294
1665	72	0.370807144119
2305	1572	0.341781004488
472	3510	0.443592150751
1748	5312	0.0
2458	2292	0.336445083795
185	5281	0.40730493696
1239	4522	0.0
983	4558	0.0
4728	1195	0.0
1138	4000	0.0
3896	2756	0.0
666	4418	0.405418788259
278	4922	0.0
2458	1807	0.364795872256
537	2700	0.383468311968
72	1572	0.401422624689
5	4737	0.0
2203	3799	0.0
501	3370	0.446817506736
537	4561	0.382603926672
1695	3820	0.0
1291	2587	0.394983107738
1863	72	0.369111709488
3553	2233	0.403322099002
666	524	0.398225058193
888	4558	0.387130515599
537	3468	0.400954704294
537	338	0.369111709488
1642	3289	0.439651167411
3940	3982	0.0
3497	4621	0.394983107738
3858	5069	0.581525854013
2052	4846	0.0
4114	2756	0.0
537	2796	0.392105764649
1695	1748	0.0
4972	5126	0.39651962585
4634	5265	0.0
366	4621	0.0
3589	72	0.369111709488
666	3808	0.443592150751
473	3346	0.326808216372
4619	4566	0.36797514786
1122	5327	0.0
1665	2480	0.403322099002
2280	2045	0.443592150751
3622	3326	0.394983107738
3370	4712	0.0
1748	4522	0.0
2767	3982	0.0
1699	3510	0.58111331275
2330	3534	0.36797514786
4303	1805	0.408406861536
3497	2170	0.376990788682
2513	3346	0.330138676197
3896	5172	0.0
4712	2020	0.0
2303	2742	0.0
3886	4362	0.383468311968
3843	1527	0.422870924391
1896	3843	0.410601122471
3497	892	0.0
983	4619	0.0
4619	72	0.367145873944
537	761	0.383468311968
2388	3178	0.0
3510	2020	0.415892447207
3497	5266	0.0
3251	2796	0.412002885008
804	4365	0.394379173612
3135	5265	0.346257834484
2945	2678	0.374529266966
1634	2619	0.369111709488
2303	72	0.374853001531
1376	3820	0.376735004542
1195	2513	0.40730493696
668	5016	0.332068308009
3135	4922	0.385401755689
524	2114	0.400954704294
501	4370	0.417053772692
3858	2619	0.400954704294
1863	2587	0.400954704294
524	2659	0.0
2388	3982	0.0
4925	4634	0.0
3440	4253	0.373639484921
3510	416	0.415892447207
2330	3896	0.0
2233	2700	0.51253384463
983	3105	0.0
2733	3529	0.0
38	32	0.0
3886	2045	0.400954704294
472	4566	0.423709113725
126	5327	0.0
3516	5265	0.404381352563
5126	383	0.387130515599
1427	4559	0.0
1927	1303	0.318224788754
3886	501	0.400954704294
3772	5309	0.0
1427	1222	0.400954704294
32	2464	0.0
1699	4682	0.40730493696
3497	3982	0.0
892	983	0.0
4303	819	0.40730493696
4619	4558	0.387130515599
596	804	0.350133122499
3497	888	0.376990788682
3886	2700	0.383468311968
5312	3730	0.0
537	596	0.405138427071
892	746	0.0
366	1863	0.0
4972	2767	0.0
2045	4621	0.394983107738
761	786	0.399331732682
3510	72	0.398274665084
2388	1748	0.40730493696
1927	2233	0.400954704294
501	2170	0.414707780015
368	3813	0.0
2010	5	0.0
4559	5266	0.0
38	42	0.0
3468	4296	0.405418788259
472	1572	0.426549357723
3510	4634	0.0
537	72	0.369111709488
2742	3730	0.0
1665	5069	0.403322099002
3497	1807	0.376990788682
4987	2536	0.409022306058
2767	4621	0.0
2388	3843	0.40730493696
407	4975	0.398225058193
2292	2102	0.316053408889
3858	1195	0.40730493696
3440	1805	0.408406861536
822	4365	0.430532167211
1665	2659	0.0
1896	2742	0.0
2412	5172	0.0
2464	1771	0.0
4253	2045	0.400954704294
4634	3353	0.0
2280	4829	0.430532167211
4253	1303	0.318224788754
1642	2659	0.0
668	3906	0.0
3886	804	0.318224788754
4573	4000	0.0
1665	1239	0.403322099002
2233	2756	0.0
2305	1138	0.0
3497	1665	0.403322099002
1601	383	0.364795872256
3886	2297	0.0
3497	1258	0.400954704294
1665	4621	0.394983107738
1927	1807	0.369111709488
473	3440	0.388759206622
3468	1697	0.545504075387
767	1757	0.32212745153
1927	786	0.400954704294
4559	2105	0.0
473	501	0.414707780015
4737	1771	0.0
3510	4440	0.430532167211
1376	4621	0.306976993994
4506	4065	0.419167872621
2280	4619	0.382350527589
668	4029	0.391593507421
2311	3808	0.443592150751
2305	4737	0.0
2291	3289	0.364213997963
4975	3820	0.545504075387
2331	2235	0.338140237229
1376	1222	0.310425884073
1138	3772	0.0
4573	3510	0.0
472	5312	0.0
338	2554	0.374853001531
3326	2945	0.371670138942
5126	1572	0.376469694634
100	3820	0.404626536149
2536	2756	0.0
501	1236	0.0
3858	4253	0.400954704294
3440	3468	0.40730493696
3553	131	0.0
5172	804	0.0
2464	786	0.0
1927	1634	0.369111709488
2311	2045	0.581525854013
2114	4619	0.369111709488
5	786	0.399331732682
4619	3346	0.316492260013
3120	2945	0.0
4303	383	0.373639484921
1312	2700	0.515313641911
4506	5312	0.0
2586	501	0.0
1258	1527	0.400954704294
3622	1863	0.394983107738
537	2291	0.378836920125
501	4606	0.0
1665	3510	0.443592150751
5327	1239	0.399331732682
524	3622	0.394983107738
1294	1132	0.0
4253	888	0.369111709488
983	1572	0.0
1601	2796	0.386634031258
4000	72	0.367145873944
3326	1258	0.394269177455
3326	4253	0.370807144119
1376	72	0.333888518219
2235	2739	0.306459391233
3560	2464	0.0
3497	925	0.412064003149
4573	2767	0.0
3510	4676	0.394872850674
131	3370	0.0
1665	1122	0.0
537	1236	0.0
3497	2659	0.0
42	465	0.397684439033
38	819	0.0
2305	2458	0.310989327464
278	2203	0.0
1138	1195	0.0
1376	3858	0.389006061813
2305	5032	0.314625516305
1665	786	0.403322099002
822	983	0.0
2303	3308	0.0
4728	4566	0.0
2733	1697	0.402228615893
888	3346	0.319719675062
1699	4558	0.40730493696
537	1303	0.318224788754
5032	4000	0.367145873944
1527	4296	0.405418788259
2311	801	0.0
2331	2480	0.398225058193
537	1629	0.401989192066
5032	1312	0.401989192066
3628	1132	0.377944885164
537	2756	0.0
537	4069	0.0
2114	1805	0.401989192066
370	5265	0.394983107738
2235	804	0.319719675062
4829	3346	0.326808216372
1695	5309	0.0
3896	2291	0.0
3813	3805	0.0
537	1294	0.0
983	4846	0.0
537	4450	0.361853004885
4000	4522	0.0
4536	5265	0.385445755343
1138	2203	0.0
4536	888	0.382603926672
185	4418	0.392696257309
537	2331	0.367145873944
537	2114	0.369111709488
3004	1805	0.39991864531
892	2742	0.0
3516	2102	0.401287565195
2742	1697	0.0
4069	5312	0.0
3906	3178	0.0
5	1699	0.388759206622
2945	4566	0.378876580652
537	4506	0.385038569261
5	1572	0.421983317345
4182	1236	0.0
767	1629	0.343398844332
1195	3529	0.0
537	3749	0.381214584821
2045	819	0.417053772692
4506	4253	0.385038569261
1427	3440	0.40730493696
473	1927	0.383468311968
2739	5265	0.306459391233
2311	786	0.420152824522
278	4253	0.0
1195	1572	0.40730493696
2297	878	0.0
4559	1805	0.0
366	3440	0.0
2114	3346	0.318224788754
501	4000	0.398225058193
746	1629	0.0
366	4114	0.0
892	1927	0.0
2331	888	0.367145873944
1354	1863	0.401989192066
1642	3004	0.401989192066
1665	1905	0.403322099002
537	2292	0.370807144119
5016	1634	0.394730510995
1527	1572	0.422870924391
1757	1236	0.0
1634	4621	0.364795872256
537	1642	0.401989192066
1427	4728	0.0
38	3497	0.0
278	2105	0.0
2045	2480	0.581525854013
185	1195	0.402228615893
3468	3346	0.398225058193
1665	1258	0.394269177455
3896	3799	0.0
4182	4634	0.0
2311	804	0.409264053212
3308	2536	0.0
1699	1258	0.397901273616
4987	3529	0.0
1935	2756	0.0
983	3370	0.0
5126	2045	0.426788836509
3820	2742	0.0
2010	2381	0.0
501	2045	0.445904201873
2739	3575	0.0
2170	2458	0.364795872256
3383	4573	0.0
3440	2945	0.374529266966
368	4440	0.392105764649
1935	5327	0.405418788259
537	4182	0.0
2303	4559	0.0
2544	5265	0.385445755343
537	3843	0.400954704294
4536	3730	0.0
3135	4253	0.376990788682
2586	4737	0.0
5069	5309	0.394983107738
4382	761	0.0
3622	185	0.394983107738
3497	1927	0.400954704294
185	786	0.412064003149
2796	2536	0.410143024682
2330	3440	0.398225058193
524	4737	0.0
42	2536	0.409022306058
3966	819	0.39080253899
3004	1748	0.400954704294
1642	2292	0.404381352563
3534	5309	0.365604031852
3589	4559	0.0
38	822	0.0
786	3346	0.330138676197
1312	2796	0.545504075387
3251	2513	0.420152824522
1642	4619	0.399231535353
1665	2170	0.370807144119
126	131	0.0
473	465	0.385445755343
2412	1572	0.400954704294
2045	1222	0.400954704294
4303	2458	0.374529266966
4634	4370	0.0
3308	1629	0.0
1665	1699	0.40730493696
1195	2619	0.392105764649
5116	5069	0.409022306058
537	2235	0.339550991809
185	1927	0.400954704294
4362	1236	0.0
2365	32	0.0
501	983	0.0
5069	5	0.438172980912
1601	2170	0.364795872256
30	2170	0.367145873944
3730	4846	0.0
131	2105	0.0
4382	2587	0.0
4450	3982	0.0
2330	1239	0.398225058193
537	4558	0.387130515599
5	2045	0.438172980912
3886	1303	0.318224788754
4450	596	0.355859512878
3504	5266	0.0
3886	2114	0.369111709488
3589	32	0.0
4253	1807	0.369111709488
2330	3820	0.389607197826
3886	1312	0.401989192066
4418	1527	0.401545371648
2388	3510	0.415892447207
2311	5032	0.400954704294
2114	1863	0.400954704294
666	1527	0.422870924391
2619	2045	0.400954704294
3308	1572	0.0
1695	4619	0.0
4559	2102	0.0
472	804	0.385481150384
1634	2020	0.414707780015
5172	746	0.0
4303	3982	0.0
5069	925	0.414707780015
983	1699	0.408406861536
1634	1572	0.401422624689
2235	888	0.340762354293
2305	1807	0.314625516305
1699	2216	0.40730493696
2235	3982	0.0
983	4418	0.0
3553	4818	0.403322099002
2388	278	0.0
537	465	0.370807144119
3622	2102	0.310989327464
3440	2619	0.400954704294
537	1863	0.369111709488
2767	4029	0.0
472	3772	0.0
4728	465	0.0
1695	3346	0.0
1427	2756	0.0
1028	4621	0.0
4728	3370	0.0
537	4925	0.392105764649
2587	1805	0.446130898491
4737	2945	0.0
4253	4559	0.0
3251	2330	0.398225058193
4573	2544	0.0
366	5281	0.0
472	888	0.403322099002
185	473	0.351113004354
537	1527	0.384466574213
3308	5032	0.0
3820	2700	0.545504075387
3326	888	0.370807144119
983	5032	0.0
746	4634	0.0
4712	3346	0.0
1169	4712	0.0
1927	1258	0.392105764649
185	2114	0.400954704294
1927	4365	0.392105764649
2388	5309	0.374529266966
3966	888	0.36833620734
2216	2700	0.397684439033
1122	5265	0.0
3560	465	0.378454369114
1935	2314	0.405418788259
3004	4712	0.0
537	1699	0.373639484921
38	983	0.0
1935	2659	0.0
892	4818	0.0
1138	4558	0.0
2544	4065	0.398527571694
2536	4370	0.409022306058
3886	4000	0.367145873944
3120	1807	0.0
2305	5266	0.0
3497	3622	0.394983107738
473	3534	0.345138381255
2945	4558	0.388156596446
5315	4365	0.445904201873
1748	2480	0.581525854013
3622	1258	0.386634031258
1927	3440	0.400954704294
3497	32	0.0
366	2756	0.0
2311	5126	0.426788836509
42	761	0.397684439033
370	5	0.378454369114
1896	472	0.410601122471
4000	2587	0.398225058193
3906	1805	0.0
185	1258	0.400954704294
746	3468	0.0
32	383	0.0
5069	4559	0.0
3308	1805	0.0
3262	3178	0.0
1896	2303	0.409022306058
1138	3440	0.0
537	2739	0.305196251161
2458	2659	0.0
1195	4619	0.373639484921
4382	2105	0.0
3886	4303	0.373639484921
407	3553	0.374685380443
1601	1927	0.394983107738
2945	1363	0.403466612427
5069	3982	0.0
537	3805	0.0
2280	5266	0.0
366	2544	0.0
185	888	0.376990788682
2458	2105	0.349247783001
537	5281	0.373639484921
537	4737	0.0
2945	3799	0.413428333584
537	1122	0.0
2744	1363	0.360760516518
473	2739	0.312410365247
38	2412	0.0
1665	888	0.370807144119
537	4621	0.364795872256
3346	4676	0.322218381749
4573	5266	0.0
3251	5016	0.422870924391
233	1312	0.399231535353
1699	2314	0.40730493696
4114	5312	0.0
1427	2945	0.392822005314
4922	925	0.386388417694
2388	4925	0.397901273616
383	3575	0.0
4737	4621	0.0
983	2235	0.0
100	3534	0.37977748253
501	3440	0.40730493696
1699	1572	0.40730493696
1376	2388	0.314035310606
2052	3370	0.445904201873
537	925	0.378836920125
822	1236	0.0
3308	4253	0.0
2554	501	0.409022306058
4506	3510	0.443592150751
5327	3468	0.51253384463
1896	501	0.410601122471
5116	3353	0.365435451817
1303	5265	0.319719675062
465	878	0.0
3534	4522	0.0
366	537	0.0
1629	1028	0.0
3589	1634	0.369111709488
2305	72	0.339548250912
3560	501	0.394983107738
126	3516	0.0
2412	131	0.0
537	1896	0.375964476071
4922	3346	0.344029599328
3497	2678	0.40730493696
5	1195	0.388759206622
2464	2102	0.0
1665	4619	0.370807144119
2619	4621	0.394983107738
666	416	0.409022306058
2767	888	0.0
1927	2619	0.400954704294
501	4621	0.394983107738
3858	72	0.446817506736
472	4682	0.414707780015
1665	2458	0.371670138942
5172	5266	0.0
4341	5312	0.0
278	801	0.0
983	4365	0.0
892	3510	0.0
2203	4362	0.0
3510	1807	0.398274665084
4829	2102	0.32281176636
3497	3858	0.412064003149
4114	1195	0.396105489809
338	1303	0.328247890114
2292	4846	0.0
822	472	0.443592150751
3589	4362	0.383468311968
1665	3468	0.403322099002
3749	100	0.414707780015
3772	2203	0.0
822	596	0.416483769783
2045	2020	0.435630795443
2305	925	0.32281176636
4418	4029	0.405418788259
1132	2020	0.445904201873
473	2742	0.0
501	278	0.0
5126	2480	0.426788836509
3966	2292	0.378662058251
3589	1807	0.369111709488
668	2742	0.0
2381	5281	0.0
38	4975	0.0
5069	4253	0.400954704294
1122	5126	0.0
2114	2297	0.0
2010	3799	0.0
596	2678	0.454301181693
5	2799	0.0
185	1572	0.412064003149
2733	1634	0.376990788682
4000	4558	0.387130515599
2305	3440	0.318438101006
3858	5032	0.400954704294
2458	1132	0.364795872256
1294	2742	0.0
746	2536	0.0
4506	3553	0.403322099002
1195	1634	0.373639484921
1132	1572	0.401422624689
1927	4676	0.383468311968
185	72	0.376990788682
767	3326	0.297885822123
3004	3370	0.369111709488
4536	3982	0.0
2365	501	0.445904201873
126	4365	0.0
2170	2659	0.0
1195	2678	0.397901273616
2330	185	0.398225058193
983	3326	0.0
3560	185	0.392696257309
126	2292	0.0
3628	1169	0.378876580652
338	1195	0.373639484921
1935	4362	0.40650034671
3622	746	0.0
32	5	0.0
1807	1572	0.400954704294
666	2536	0.409022306058
3589	2412	0.369958963124
1699	2536	0.40730493696
1363	5266	0.0
1239	1028	0.0
407	1258	0.336965567679
3966	4559	0.0
537	2678	0.373639484921
3440	1312	0.408406861536
892	2102	0.0
407	4972	0.374685380443
2311	3553	0.403322099002
1642	4536	0.421401280391
5126	4341	0.352170164979
370	4573	0.0
767	746	0.0
3308	1138	0.0
2305	2105	0.319459551394
3497	1363	0.402228615893
1236	4558	0.0
3440	4737	0.0
4000	4029	0.398225058193
4506	2945	0.386042548153
537	819	0.38046575476
38	5126	0.0
1927	3370	0.369111709488
5315	3906	0.0
5069	72	0.445904201873
3004	1572	0.400954704294
1665	5116	0.403322099002
537	4365	0.392105764649
4069	1236	0.0
2305	3135	0.321258585969
1699	4728	0.0
892	3370	0.0
1312	3370	0.445904201873
1169	4619	0.36797514786
5116	1122	0.0
2010	2799	0.0
3308	1634	0.0
4621	2536	0.394983107738
4634	2513	0.0
2303	5016	0.360802932545
537	3120	0.0
3346	5265	0.319719675062
3820	804	0.394379173612
537	4559	0.0
368	1927	0.400954704294
4972	1427	0.401608777108
1665	4114	0.403322099002
1642	3346	0.399231535353
4000	3370	0.367145873944
366	3529	0.0
761	3906	0.0
5	4621	0.378454369114
3908	5069	0.0
892	4737	0.0
2331	4846	0.0
4925	3105	0.356576189801
3326	2045	0.403322099002
2170	4558	0.387130515599
4303	2659	0.0
3940	3966	0.408661971762
5069	1195	0.40730493696
537	5	0.383468311968
4506	5327	0.402226350514
1896	465	0.391488640576
2412	72	0.369111709488
1665	4559	0.0
2292	596	0.584352830012
4182	1805	0.0
537	5266	0.0
38	666	0.0
2330	4975	0.398225058193
1363	2756	0.0
3589	2331	0.398225058193
38	2216	0.0
4506	4559	0.0
2311	42	0.418136585285
2678	1572	0.40730493696
4925	1169	0.403466612427
370	4975	0.394983107738
1695	3120	0.0
2381	2314	0.0
2744	4029	0.394983107738
537	2464	0.0
2388	2311	0.40730493696
668	5265	0.312838579135
1665	2291	0.414707780015
72	1807	0.369111709488
2114	3534	0.369958963124
1195	1629	0.396105489809
888	4619	0.367145873944
1312	5312	0.0
537	383	0.367145873944
537	3178	0.0
2303	767	0.300563817678
3497	501	0.412064003149
537	1427	0.391745865423
4362	2513	0.399331732682
4728	1634	0.0
3886	4558	0.387130515599
3510	4418	0.394872850674
2305	983	0.0
4418	2659	0.0
3560	416	0.383068357783
537	4114	0.400954704294
4972	925	0.414707780015
4621	4065	0.39080253899
3326	4737	0.0
4303	2464	0.0
72	4365	0.433390290995
4829	2742	0.0
668	2303	0.316105989021
2216	2297	0.0
3497	4296	0.405418788259
1771	5265	0.0
2216	3510	0.443592150751
4506	2020	0.423709113725
4561	1807	0.382603926672
366	1363	0.0
892	1699	0.0
2381	3346	0.0
537	416	0.374853001531
524	1427	0.360502580559
537	4303	0.373639484921
126	5172	0.0
786	2678	0.40730493696
3105	1236	0.0
2458	1258	0.369958963124
4418	1169	0.373178359037
4382	3730	0.0
5116	3468	0.409022306058
2114	1258	0.392105764649
767	3575	0.0
72	804	0.344461088016
3622	4069	0.0
537	407	0.367145873944
2388	383	0.373639484921
5	5276	0.387192153634
5016	5265	0.390411757881
3440	3346	0.322218381749
537	878	0.0
1195	3370	0.373639484921
368	925	0.400954704294
38	3553	0.0
2739	2796	0.365673527499
501	5032	0.400954704294
3906	5265	0.0
4506	4621	0.394983107738
5309	804	0.314422235473
3589	892	0.0
2203	4712	0.0
1376	5276	0.31296950332
2619	4566	0.369958963124
3896	2742	0.0
2742	383	0.0
1195	2291	0.351113004354
72	2536	0.374853001531
2303	4676	0.408406861536
1195	925	0.404626536149
1665	185	0.403322099002
2170	4000	0.367145873944
2767	5265	0.0
1896	4522	0.0
537	3772	0.0
3820	2659	0.0
4559	2756	0.0
4506	4922	0.423709113725
501	2659	0.0
888	383	0.367145873944
1757	2480	0.459914598769
4303	746	0.0
5	2216	0.397684439033
3485	4029	0.357830451169
3485	3346	0.295444884753
537	1258	0.369111709488
822	100	0.414707780015
1195	2536	0.356816394222
4818	1258	0.386564260904
4737	804	0.0
3326	1236	0.0
1699	233	0.418151297863
42	804	0.328909960648
2388	925	0.404626536149
5	3346	0.340882710675
2458	4558	0.388156596446
3004	5172	0.0
3730	5265	0.0
888	1572	0.401422624689
892	2412	0.0
3896	5265	0.0
1699	2020	0.40730493696
1138	1572	0.0
2311	3468	0.581525854013
3468	2045	0.581525854013
1896	5281	0.40730493696
1665	761	0.385445755343
3589	2659	0.0
3004	804	0.318224788754
537	1138	0.0
3886	5032	0.369111709488
2045	2513	0.420152824522
1427	3516	0.435082665816
2458	1312	0.395957064455
822	767	0.315659627957
1169	1807	0.369958963124
1896	3346	0.324270824243
983	804	0.0
368	3772	0.0
126	3120	0.0
3485	3370	0.315965191603
3534	4069	0.0
1665	4975	0.403322099002
501	2458	0.394983107738
3440	804	0.322218381749
4972	2458	0.381389581104
4303	3346	0.322218381749
4621	4558	0.394983107738
3589	5032	0.369111709488
892	4559	0.0
537	3485	0.296757549445
2365	3262	0.0
2330	2756	0.0
3886	3370	0.369111709488
2331	2052	0.398225058193
1935	2203	0.0
1695	4972	0.0
278	5265	0.0
3858	1634	0.414707780015
2756	3575	0.0
892	383	0.0
1695	3772	0.0
2388	3534	0.374529266966
1236	4365	0.0
537	5312	0.0
131	3353	0.0
2311	2767	0.0
1757	3468	0.459914598769
925	5265	0.403322099002
473	2945	0.37977748253
5116	4029	0.409022306058
983	4296	0.0
2619	1132	0.369111709488
1927	4558	0.400954704294
4573	3808	0.0
3858	3628	0.413428333584
2587	2102	0.399652617973
2291	4712	0.0
4925	1863	0.392105764649
1935	2010	0.0
4303	5265	0.403322099002
4561	1572	0.420152824522
4069	4065	0.0
925	4296	0.405418788259
1935	4069	0.0
1138	4362	0.0
338	42	0.381214584821
2733	2458	0.340599318229
2330	4737	0.0
822	3516	0.445145284398
1927	2235	0.339550991809
1927	1195	0.392105764649
1601	1132	0.364795872256
3843	2297	0.0
2311	2619	0.400954704294
4303	1363	0.397901273616
501	2412	0.400954704294
2458	925	0.37977748253
368	3622	0.394983107738
1927	3534	0.369958963124
1601	42	0.394983107738
4972	3560	0.394983107738
2330	5	0.381181007415
746	2052	0.0
2311	5309	0.394983107738
3589	4566	0.369958963124
5	1927	0.383468311968
38	1312	0.0
3497	2945	0.377913070257
2052	4682	0.414707780015
2458	804	0.314422235473
3510	1169	0.399424737223
2216	233	0.398225058193
3940	4000	0.389607197826
2311	5266	0.0
4728	4559	0.0
1665	1195	0.394269177455
2554	2412	0.375754450334
30	3730	0.0
4987	5032	0.400954704294
3004	5265	0.370807144119
3497	473	0.351113004354
3749	383	0.381214584821
2292	925	0.361775612271
2388	2739	0.308564427831
2756	4296	0.0
537	2554	0.374853001531
126	2619	0.0
1927	1312	0.401989192066
2114	2170	0.369111709488
3440	1028	0.0
3440	1807	0.373639484921
1695	2744	0.372138206883
892	2659	0.0
3589	2767	0.0
2536	4296	0.405418788259
2739	3346	0.303728800735
2330	888	0.367145873944
2799	2619	0.0
2330	892	0.0
1222	2700	0.383468311968
3497	1195	0.402228615893
3251	1354	0.409022306058
2733	4566	0.377913070257
3120	2536	0.0
1665	4370	0.403322099002
4000	1132	0.367145873944
4450	2700	0.375051383642
2945	5265	0.371670138942
1354	1927	0.401989192066
2045	2105	0.409022306058
892	2744	0.0
366	1935	0.0
925	2659	0.0
1935	2700	0.40650034671
2305	3326	0.316053408889
4829	2233	0.415892447207
368	5312	0.0
4522	3346	0.0
1935	819	0.356057938341
366	3896	0.0
3966	2619	0.400954704294
5069	1807	0.400954704294
666	1138	0.0
2280	131	0.0
3485	383	0.295444884753
2010	5265	0.0
338	5069	0.417053772692
407	4818	0.398225058193
126	5016	0.0
2388	2619	0.392105764649
501	1572	0.448467709038
465	5276	0.378662058251
368	1629	0.401989192066
3326	4621	0.394983107738
100	1239	0.414707780015
3886	2945	0.369958963124
3908	5281	0.0
501	1807	0.400954704294
819	3575	0.0
3940	501	0.52265200507
4712	1697	0.0
1138	416	0.0
3940	3534	0.386564260904
892	2105	0.0
3808	5281	0.40730493696
2331	2945	0.36797514786
804	2536	0.323289493131
3440	3510	0.443592150751
1665	5	0.385445755343
1642	383	0.399231535353
3497	2020	0.412064003149
338	888	0.370807144119
5	3262	0.0
1138	804	0.0
2678	5265	0.403322099002
2010	1805	0.0
1665	3326	0.403322099002
2305	2659	0.0
3622	5	0.378454369114
501	2945	0.413428333584
5032	2203	0.0
2945	2020	0.413428333584
3135	2744	0.508069505712
1665	801	0.0
278	5032	0.0
1697	4365	0.545504075387
746	5276	0.0
892	596	0.0
3497	1312	0.41321860082
3308	2412	0.0
2388	3485	0.29976272014
822	1427	0.401608777108
1634	2659	0.0
1699	1169	0.374529266966
5	888	0.385445755343
1699	1312	0.408406861536
1695	2700	0.0
524	185	0.398225058193
1629	878	0.0
1427	3805	0.0
537	746	0.0
4829	819	0.406750718705
4362	4559	0.0
3468	804	0.409264053212
2945	4296	0.373178359037
537	3730	0.0
1665	2216	0.403322099002
3004	2297	0.0
4682	819	0.387419731232
2733	4296	0.405418788259
3534	3628	0.344523313015
537	3896	0.0
4506	888	0.385038569261
2659	2020	0.0
3589	2458	0.369958963124
983	2170	0.0
38	5	0.0
2314	3346	0.398225058193
5	4619	0.381181007415
3843	5	0.438172980912
1642	2388	0.408406861536
537	4522	0.0
501	72	0.446817506736
3908	1258	0.0
1138	1807	0.0
2619	4296	0.400954704294
892	501	0.0
1927	1572	0.400954704294
3504	819	0.381422671925
3966	2700	0.398527571694
4573	1169	0.0
131	3346	0.0
2799	1805	0.0
1376	3326	0.311778509331
1239	1363	0.409551452938
5126	1195	0.357176260043
3440	2480	0.40730493696
4634	131	0.0
1312	1807	0.401989192066
2280	3820	0.430532167211
537	4975	0.400954704294
3516	1748	0.581525854013
761	5265	0.385445755343
4440	3516	0.425000608368
4506	2659	0.0
888	4621	0.364795872256
2458	2619	0.369958963124
2388	5172	0.0
1601	3346	0.314422235473
892	1572	0.0
892	804	0.0
3628	1757	0.373306432835
3589	4069	0.0
4619	2619	0.369111709488
185	1236	0.0
5069	3799	0.427376385409
537	2480	0.400954704294
1748	1572	0.448467709038
1427	2331	0.398225058193
38	3805	0.0
2458	3370	0.364795872256
3326	4065	0.403322099002
1195	2945	0.374529266966
2365	4303	0.40730493696
2216	3440	0.40730493696
3485	2102	0.315659627957
233	2102	0.31296950332
3485	1138	0.0
892	1138	0.0
537	2233	0.400954704294
2045	804	0.409264053212
3628	4522	0.0
925	2536	0.376025626913
4561	5265	0.403322099002
4341	2105	0.371670138942
2796	1771	0.0
892	2170	0.0
892	3004	0.0
892	4253	0.0
2311	4365	0.581525854013
5172	3820	0.0
2330	3772	0.0
537	524	0.367145873944
537	3135	0.376990788682
2292	5312	0.0
4000	3346	0.316492260013
2114	2458	0.369958963124
5327	5265	0.385445755343
892	4418	0.0
3326	3906	0.0
1354	5265	0.344732947722
4253	1863	0.369111709488
233	2700	0.399231535353
2216	3529	0.0
2586	4341	0.0
1376	3622	0.306976993994
1905	2536	0.409022306058
1935	2587	0.405418788259
2314	3982	0.0
4559	3178	0.0
2458	4559	0.0
5172	3346	0.0
501	3799	0.445904201873
4712	3178	0.0
1132	2102	0.339548250912
278	5309	0.0
4728	4621	0.0
983	1132	0.0
4818	5309	0.386564260904
1642	4559	0.0
2045	4566	0.423709113725
1905	1572	0.448467709038
1665	3262	0.0
2216	1634	0.381214584821
3843	233	0.398225058193
1935	5276	0.349748406578
2114	5309	0.369958963124
383	3346	0.316492260013
1294	465	0.0
3858	3370	0.446817506736
2291	1527	0.414707780015
32	2388	0.0
3908	1354	0.0
2586	5327	0.0
2733	2291	0.414707780015
3858	1927	0.400954704294
4712	3529	0.0
72	2659	0.0
4737	2314	0.0
2311	2105	0.409022306058
2365	3805	0.0
2331	3346	0.316492260013
473	1699	0.388759206622
983	2458	0.0
2045	925	0.414707780015
2311	2513	0.420152824522
1291	5265	0.337455378537
2480	4296	0.405418788259
4182	4069	0.0
3485	3886	0.296757549445
2305	2311	0.399652617973
368	983	0.0
2388	2020	0.40730493696
1927	2659	0.0
2305	5309	0.310989327464
5032	2945	0.369958963124
3440	1572	0.40730493696
4606	1132	0.0
4728	1805	0.0
3813	1807	0.0
5327	888	0.385445755343
4253	72	0.369111709488
767	383	0.295444884753
1665	2412	0.371670138942
501	925	0.414707780015
1927	4559	0.0
3370	925	0.378836920125
1695	2020	0.0
1642	4029	0.581525854013
2799	2102	0.0
4606	3346	0.0
3940	3326	0.394269177455
4362	819	0.396797928448
2291	4566	0.37977748253
2203	4566	0.0
5032	888	0.369111709488
3440	3353	0.400954704294
3497	3308	0.0
501	3553	0.403322099002
1291	888	0.353384241161
3485	5327	0.340328034546
746	3504	0.0
2744	3982	0.0
3858	1572	0.448467709038
537	2619	0.369111709488
4182	5172	0.0
3497	2280	0.365149029972
1748	4682	0.414707780015
4362	5265	0.385445755343
4972	5265	0.390411757881
524	5	0.381181007415
3308	416	0.0
5116	3749	0.409022306058
3308	1863	0.0
5315	42	0.397684439033
1935	3326	0.348583320966
1634	2536	0.374853001531
2311	2314	0.581525854013
3589	2170	0.369111709488
537	131	0.0
1527	5265	0.403322099002
3510	2659	0.415892447207
5	1236	0.0
2170	4566	0.37977748253
1169	4559	0.0
3370	4621	0.364795872256
4925	4606	0.0
501	3534	0.400954704294
2733	3628	0.412064003149
1665	2744	0.394983107738
3534	1807	0.369111709488
1699	2945	0.374529266966
3589	3308	0.0
2586	1195	0.0
537	3820	0.392105764649
370	5016	0.394983107738
3510	5032	0.398274665084
5069	3805	0.0
1169	2739	0.311751852897
2458	2536	0.346935882773
5116	2381	0.0
2365	3529	0.0
5116	3808	0.383068357783
3353	2700	0.383468311968
3813	2331	0.0
4182	2203	0.0
2045	1572	0.448467709038
3529	4676	0.0
2216	5266	0.0
3308	1236	0.0
1935	804	0.321037617374
1236	4065	0.0
537	1363	0.392105764649
4069	4682	0.0
38	2700	0.0
5032	925	0.378836920125
4987	3575	0.0
4362	878	0.0
4737	3289	0.0
185	3326	0.403322099002
4829	2796	0.415892447207
3886	786	0.382603926672
1138	925	0.0
666	185	0.412064003149
3622	3004	0.364795872256
767	983	0.0
3308	5266	0.0
1138	1805	0.0
1927	2458	0.369958963124
1935	278	0.0
3440	1863	0.400954704294
5069	2799	0.0
472	5265	0.390411757881
3858	1699	0.40730493696
1138	3353	0.0
983	278	0.0
366	2102	0.0
3589	3370	0.369111709488
3308	5265	0.0
4972	3553	0.403322099002
4253	416	0.374853001531
537	4065	0.381926034739
72	1236	0.0
278	4559	0.0
3485	2311	0.357830451169
3516	2314	0.581525854013
3886	1138	0.0
2733	3560	0.385401755689
126	2587	0.0
1195	3346	0.322218381749
131	1195	0.0
1935	3529	0.0
3120	4682	0.0
2799	5265	0.0
2330	1863	0.398225058193
4925	4069	0.0
2331	3534	0.36797514786
5312	3346	0.0
366	2233	0.0
2544	1572	0.421983317345
2381	4522	0.0
2458	233	0.36797514786
2305	2464	0.0
1354	1697	0.410143024682
2388	2480	0.40730493696
4536	1363	0.409551452938
2233	804	0.409264053212
761	3982	0.0
3308	4558	0.0
537	822	0.398274665084
2311	2945	0.413428333584
501	1169	0.413428333584
338	407	0.367145873944
3820	4621	0.386634031258
892	761	0.0
2388	3966	0.40730493696
983	72	0.0
4925	1748	0.494617732275
1896	819	0.410601122471
2311	819	0.417053772692
472	596	0.454301181693
1376	1572	0.3359746241
5016	4728	0.0
2799	1807	0.0
38	2331	0.0
5	1222	0.383468311968
3468	383	0.398225058193
2365	746	0.0
537	2330	0.367145873944
38	4370	0.0
2756	3799	0.0
983	4728	0.0
666	72	0.445904201873
501	1634	0.414707780015
3135	5069	0.412064003149
3589	983	0.0
537	3940	0.392105764649
4561	2659	0.0
3622	2619	0.394983107738
4182	4573	0.0
1757	878	0.0
2742	4382	0.0
501	1303	0.344461088016
2330	3346	0.316492260013
2305	2945	0.322061331016
278	4341	0.0
4573	1527	0.0
1376	767	0.320053278985
2365	804	0.409264053212
4440	4069	0.0
3628	4606	0.0
524	42	0.398225058193
1805	5281	0.408406861536
537	5265	0.370807144119
1132	3289	0.394730510995
1665	1132	0.370807144119
3120	3353	0.0
1427	3289	0.375155985954
537	4573	0.0
2412	1363	0.401989192066
537	3262	0.0
666	2756	0.0
1665	1527	0.403322099002
537	1757	0.392105764649
2796	5265	0.394269177455
804	2945	0.32602003197
2305	4566	0.328026456004
3966	1572	0.371805632177
537	2586	0.0
822	501	0.443592150751
2412	3326	0.371670138942
3553	3370	0.370807144119
3858	2945	0.413428333584
4987	5265	0.403322099002
4440	4558	0.415528067251
4737	1863	0.0
668	2305	0.312838579135
3308	1927	0.0
38	925	0.0
2796	925	0.404626536149
3886	4559	0.0
524	2739	0.303728800735
4728	2314	0.0
4634	5032	0.0
1427	2739	0.32186584996
366	1699	0.0
1601	801	0.0
1927	804	0.318224788754
3485	4522	0.0
2381	2102	0.0
4418	925	0.394872850674
2233	1748	0.581525854013
4303	1527	0.40730493696
1629	1757	0.435848377357
892	473	0.0
3120	465	0.0
4634	3346	0.0
2233	4621	0.394983107738
1138	4818	0.0
5069	4296	0.405418788259
537	2381	0.0
1138	3370	0.0
2733	3346	0.325177210562
2235	2796	0.404381352563
4737	1195	0.0
2311	1629	0.52265200507
537	30	0.367145873944
5	42	0.397684439033
2733	5266	0.0
3886	2311	0.400954704294
5032	1169	0.369958963124
366	2010	0.0
537	3553	0.370807144119
888	3982	0.0
822	3813	0.0
746	3799	0.0
4114	416	0.409022306058
465	2480	0.403322099002
3485	4559	0.0
3308	3370	0.0
2280	5016	0.380623962356
4303	2678	0.40730493696
1138	278	0.0
4114	4370	0.417053772692
1927	888	0.369111709488
892	4558	0.0
3534	819	0.381422671925
3589	4114	0.400954704294
3516	804	0.411063265319
407	3628	0.398225058193
4536	5172	0.0
4253	3370	0.369111709488
2114	3553	0.400954704294
822	2305	0.339140831299
370	4253	0.364795872256
2796	2659	0.0
2767	1807	0.0
2586	5265	0.0
42	1805	0.419361126284
1138	1927	0.0
888	3808	0.382350527589
2216	4296	0.405418788259
2105	878	0.0
1236	2314	0.0
2045	4370	0.417053772692
537	3575	0.0
72	4558	0.387130515599
3510	3346	0.326808216372
5	819	0.396797928448
537	2744	0.364795872256
822	416	0.383068357783
666	338	0.417053772692
4506	5309	0.386042548153
5172	2796	0.0
3120	786	0.0
5	1312	0.439651167411
3589	1572	0.400954704294
2388	3326	0.394269177455
4728	3105	0.0
983	1927	0.0
3886	1572	0.400954704294
2388	4303	0.397901273616
407	185	0.342380500543
2314	2756	0.0
383	2020	0.398225058193
1427	3004	0.391745865423
1354	3560	0.383068357783
2170	4253	0.369111709488
233	2381	0.0
3886	5016	0.394730510995
767	1195	0.29976272014
1312	2233	0.581525854013
501	4728	0.0
2233	3516	0.581525854013
2170	1634	0.378836920125
233	2045	0.398225058193
1665	3966	0.403322099002
1935	465	0.348583320966
3497	5032	0.376990788682
2586	1122	0.0
3886	4728	0.0
2114	4522	0.0
666	3534	0.400954704294
2945	2102	0.322061331016
501	1239	0.420152824522
30	383	0.367145873944
3308	2170	0.0
2102	2314	0.399652617973
2233	925	0.414707780015
3805	3346	0.0
4559	1132	0.0
804	4370	0.328247890114
3843	3534	0.400954704294
1665	1138	0.0
1699	1927	0.40730493696
1699	4737	0.388759206622
2311	2739	0.376502964507
1376	3308	0.0
3440	2381	0.0
2303	2659	0.0
4253	1195	0.373639484921
38	2756	0.0
1427	4922	0.401608777108
1665	3105	0.311778509331
383	819	0.38046575476
366	2381	0.0
3622	3468	0.394983107738
3004	1807	0.369111709488
4303	4922	0.40730493696
1927	4728	0.0
666	2544	0.51253384463
537	1905	0.400954704294
5	925	0.394872850674
1427	4737	0.0
666	4303	0.40730493696
1935	746	0.0
3589	4634	0.0
537	3628	0.377944885164
1699	3346	0.322218381749
3886	4069	0.0
892	1132	0.0
2381	3982	0.0
537	1634	0.369111709488
2388	1138	0.0
4418	4362	0.387192153634
4558	5276	0.405418788259
3004	3346	0.318224788754
2311	5069	0.581525854013
3346	4370	0.328247890114
3896	3289	0.0
3886	465	0.370807144119
2303	416	0.410143024682
4303	3966	0.40730493696
1665	5032	0.370807144119
5069	2659	0.0
2311	1354	0.409022306058
472	2659	0.0
1695	3843	0.0
3440	2799	0.0
1122	3346	0.0
3622	2536	0.394983107738
5	4341	0.395839989483
3628	233	0.357944327931
338	1748	0.417053772692
2388	3560	0.386634031258
1138	4566	0.0
4621	925	0.394983107738
4573	3004	0.0
5069	2052	0.581525854013
2388	2170	0.373639484921
1312	1634	0.415892447207
3308	278	0.0
5032	4559	0.0
3908	4925	0.0
4559	1807	0.0
278	3534	0.0
892	4621	0.0
3485	3529	0.0
3858	2105	0.409022306058
3908	5312	0.0
3497	4253	0.376990788682
2554	2742	0.0
3534	5312	0.0
1748	878	0.0
4566	4676	0.374529266966
2331	2739	0.303728800735
3251	185	0.412064003149
537	5327	0.383468311968
5069	5032	0.400954704294
537	3529	0.0
537	2314	0.400954704294
1935	1695	0.0
1195	4382	0.0
185	3346	0.325177210562
1376	1303	0.350282283732
366	3622	0.0
2388	3886	0.373639484921
767	465	0.297885822123
3940	1807	0.392105764649
537	767	0.296757549445
4573	1863	0.0
4987	2796	0.43484981666
804	3730	0.0
2544	5266	0.0
4362	3982	0.0
3510	233	0.459102066623
3799	3346	0.333705398801
100	473	0.394872850674
5172	4296	0.0
1169	1132	0.377944885164
126	2586	0.0
501	1138	0.0
1291	3906	0.0
822	2311	0.443592150751
1896	4566	0.376876711429
4972	4987	0.448467709038
668	2105	0.316105989021
3940	4536	0.409551452938
2305	4182	0.0
4253	4558	0.387130515599
4728	5032	0.0
1699	5126	0.397901273616
2311	131	0.0
4506	4987	0.423709113725
822	3906	0.0
537	5032	0.369111709488
4712	4296	0.0
2586	1697	0.0
338	30	0.367145873944
2330	2311	0.398225058193
1132	3730	0.0
473	5172	0.0
524	4925	0.389607197826
1896	5265	0.403322099002
3843	3262	0.0
185	2045	0.412064003149
1642	2799	0.0
338	5265	0.370807144119
2742	5265	0.0
3820	4370	0.406750718705
3497	3346	0.325177210562
3772	2767	0.0
4925	2742	0.0
4000	2102	0.31296950332
472	4561	0.420152824522
1427	3966	0.401608777108
537	3251	0.384466574213
4114	1629	0.52265200507
3813	4606	0.0
3858	4737	0.0
4925	1258	0.386564260904
3589	4365	0.392105764649
524	888	0.367145873944
2233	2796	0.545504075387
2744	2742	0.0
4303	4829	0.397901273616
2388	3940	0.397901273616
42	72	0.381214584821
5172	3510	0.0
1138	4728	0.0
4972	2480	0.494617732275
42	1363	0.407729988163
2554	3346	0.323289493131
5116	2311	0.409022306058
3468	4362	0.51253384463
1927	2216	0.400954704294
3886	1699	0.373639484921
4975	1258	0.400954704294
1634	3799	0.414707780015
3497	2619	0.400954704294
2010	4621	0.0
42	1132	0.381214584821
537	2536	0.374853001531
4341	1258	0.369958963124
537	4029	0.400954704294
2105	1363	0.399464446162
5327	4029	0.51253384463
3805	3178	0.0
767	1363	0.32212745153
4114	925	0.414707780015
1927	4296	0.400954704294
3886	1132	0.369111709488
983	5172	0.0
3440	1236	0.0
5	3326	0.385445755343
5172	4253	0.0
3370	2659	0.0
2297	5265	0.0
1312	5266	0.0
3813	4566	0.0
1291	3346	0.314422235473
4000	465	0.370807144119
2305	3510	0.32281176636
1138	4296	0.0
892	4341	0.0
5116	4418	0.405418788259
4450	383	0.361853004885
1195	72	0.373639484921
407	2233	0.398225058193
2010	3178	0.0
1665	3346	0.319719675062
473	1572	0.369027914788
126	537	0.0
1222	2945	0.369958963124
407	233	0.408100387155
3886	2170	0.369111709488
666	1132	0.445904201873
5116	2412	0.375754450334
3440	465	0.388759206622
537	3440	0.373639484921
501	1291	0.394983107738
233	1757	0.477986983306
3982	4846	0.0
925	4566	0.37977748253
983	5266	0.0
2170	3982	0.0
3896	4450	0.0
3004	1132	0.369111709488
473	3370	0.378836920125
3004	131	0.0
1665	4303	0.403322099002
32	4676	0.0
3440	2102	0.318438101006
2767	5281	0.0
501	761	0.418738690896
366	3308	0.0
5116	4303	0.40730493696
3516	2678	0.408406861536
5172	4000	0.0
1665	501	0.403322099002
537	2297	0.0
4341	4561	0.383582637119
1699	4559	0.408406861536
3308	72	0.0
1138	3906	0.0
3896	4987	0.0
4506	1236	0.0
278	4634	0.0
2796	2587	0.545504075387
4536	2544	0.399331732682
4621	3529	0.0
5069	2619	0.400954704294
2458	4370	0.381422671925
4253	2945	0.369958963124
4728	1807	0.0
1642	2291	0.415892447207
3772	3529	0.0
822	2464	0.0
1169	2102	0.322061331016
4975	4682	0.414707780015
537	4682	0.378836920125
4440	4846	0.0
3135	1169	0.377913070257
2311	4619	0.398225058193
1927	4737	0.0
4972	3289	0.418072036455
1935	2536	0.405418788259
100	1699	0.40730493696
1363	4365	0.461710900017
2170	4506	0.385038569261
2659	4370	0.0
3622	2480	0.394983107738
4712	4558	0.0
1312	3105	0.390472574279
3262	2102	0.0
1239	465	0.399331732682
2744	4382	0.0
1634	2756	0.0
2744	4365	0.386634031258
2291	3370	0.378836920125
501	596	0.454301181693
1665	596	0.454301181693
2311	2796	0.581525854013
278	5266	0.0
5	4253	0.383468311968
2330	4558	0.398225058193
3308	4728	0.0
888	925	0.378836920125
1699	1807	0.373639484921
4341	5266	0.0
3886	2678	0.373639484921
4621	2102	0.310989327464
1138	72	0.0
100	2619	0.400954704294
4536	3510	0.394872850674
1634	4382	0.0
3886	1634	0.369111709488
2513	4296	0.405418788259
3497	1805	0.41321860082
1805	1222	0.401989192066
537	2303	0.374853001531
1771	3799	0.0
537	5126	0.387130515599
2381	2513	0.0
4418	233	0.398225058193
5	5265	0.385445755343
501	3004	0.400954704294
4606	5265	0.0
1927	2945	0.369958963124
1601	1236	0.0
4418	4676	0.387192153634
1363	1572	0.43484981666
3906	1222	0.0
4619	1222	0.369111709488
537	2305	0.314625516305
2536	5266	0.0
1699	4065	0.40730493696
3262	3730	0.0
3485	2331	0.295444884753
1239	4362	0.399331732682
4573	1028	0.0
3813	3370	0.0
233	4065	0.361136597335
338	5315	0.396797928448
368	4382	0.0
4818	3346	0.385481150384
4418	761	0.387192153634
3497	4559	0.0
2458	4566	0.365604031852
537	2799	0.0
3622	1312	0.395957064455
892	2536	0.0
1771	1572	0.0
888	2480	0.403322099002
3497	1757	0.402228615893
2170	4621	0.364795872256
4303	1572	0.40730493696
2010	2796	0.0
4619	3982	0.0
4182	3004	0.0
3589	5276	0.400954704294
5312	72	0.0
3622	2945	0.365604031852
1634	2102	0.32281176636
1138	1132	0.0
537	2544	0.383468311968
888	2536	0.372398185873
3251	5032	0.384466574213
3135	3510	0.523752694218
1303	416	0.323289493131
2311	233	0.398225058193
819	2536	0.409022306058
3135	1303	0.325177210562
1935	3628	0.354120083917
4728	2659	0.0
804	878	0.0
2554	746	0.0
1239	2587	0.420152824522
5	185	0.392696257309
983	4737	0.0
2216	2102	0.324811562804
3622	3120	0.0
2587	1363	0.459914598769
3628	888	0.364885161187
3135	1697	0.41321860082
3622	3940	0.386634031258
3326	1239	0.403322099002
2700	5265	0.385445755343
4972	3529	0.0
1028	801	0.0
3135	1028	0.0
1896	2010	0.0
2945	2536	0.375754450334
2365	983	0.0
537	4987	0.400954704294
537	804	0.318224788754
1239	4296	0.405418788259
4362	1527	0.401545371648
2235	3468	0.404381352563
3589	5	0.383468311968
473	4606	0.0
5312	878	0.0
2052	3906	0.0
100	2331	0.398225058193
1294	3908	0.0
537	278	0.0
3440	4621	0.394983107738
537	3813	0.0
2291	1572	0.369027914788
338	4566	0.381422671925
3440	2678	0.40730493696
1935	3553	0.348583320966
1629	4846	0.0
1665	2742	0.0
537	4606	0.0
383	465	0.370807144119
4506	131	0.0
537	1239	0.382603926672
2365	1665	0.403322099002
5069	786	0.420152824522
1634	4559	0.0
3135	3560	0.385401755689
2619	2513	0.400954704294
3858	2170	0.414707780015
3004	2170	0.369111709488
5265	5281	0.403322099002
925	4558	0.414707780015
537	4440	0.385038569261
3622	3553	0.394983107738
4182	983	0.0
4829	1699	0.397901273616
1195	4559	0.0
5315	3966	0.369841403742
2010	804	0.0
2464	3370	0.0
767	2458	0.293869459487
72	3982	0.0
4303	1771	0.0
3440	2796	0.397901273616
3534	2945	0.369958963124
5	2619	0.383468311968
878	1222	0.0
1935	4559	0.0
4621	2945	0.365604031852
4559	4566	0.0
3004	5032	0.369111709488
1634	2945	0.377944885164
185	2458	0.377913070257
4418	1805	0.40650034671
4621	1807	0.364795872256
3560	2756	0.0
465	3906	0.0
1376	2311	0.389006061813
3805	1132	0.0
1935	925	0.354806868535
3886	278	0.0
1601	1363	0.386634031258
32	473	0.0
1138	2742	0.0
3308	1195	0.0
3622	3346	0.314422235473
2388	2586	0.0
2659	4558	0.0
537	4370	0.38046575476
2233	5265	0.403322099002
878	3982	0.0
537	4676	0.373639484921
3886	2458	0.364795872256
537	3346	0.318224788754
2170	1169	0.377944885164
524	3886	0.367145873944
1294	3120	0.0
4418	4559	0.0
3622	1195	0.386634031258
4253	3346	0.318224788754
3308	501	0.0
2381	1572	0.0
4296	5265	0.403322099002
3485	4922	0.315659627957
2586	1138	0.0
3251	2767	0.0
4182	746	0.0
983	5327	0.0
3251	1572	0.422870924391
1195	1805	0.408406861536
3251	1629	0.424152175826
1896	1138	0.0
537	3516	0.401989192066
5	4558	0.404721735269
537	1697	0.392105764649
4303	4975	0.40730493696
537	1601	0.364795872256
1195	2233	0.40730493696
2330	4573	0.0
3589	3982	0.0
537	2216	0.381214584821
822	4382	0.0
1236	2536	0.0
1601	465	0.378454369114
126	2767	0.0
3622	4972	0.394983107738
537	2020	0.400954704294
3353	3982	0.0
4253	1805	0.39991864531
892	1312	0.0
2052	3289	0.438172980912
1376	3813	0.0
5172	888	0.0
185	1629	0.396105489809
537	4634	0.0
2305	1258	0.314625516305
5032	3353	0.369111709488
2216	3370	0.381214584821
1935	3510	0.354806868535
2767	2297	0.0
4418	2756	0.0
892	185	0.0
2291	3799	0.414707780015
3858	1169	0.413428333584
1363	2020	0.435630795443
878	5265	0.0
2365	3308	0.0
3896	100	0.0
2105	4566	0.366015289137
3808	1572	0.386388417694
1138	3289	0.0
2291	2536	0.414707780015
38	2458	0.0
4573	5265	0.0
5032	2102	0.314625516305
4925	888	0.394269177455
3886	5172	0.0
1312	1572	0.4500906929
3749	2045	0.418136585285
5069	3575	0.0
2796	3468	0.545504075387
4182	5265	0.0
668	3896	0.0
2733	5172	0.0
3805	5265	0.0
666	2619	0.400954704294
1935	1258	0.340599318229
892	1195	0.0
2105	2756	0.0
537	3560	0.364795872256
1927	2796	0.392105764649
2045	4029	0.581525854013
4619	5266	0.0
3308	3383	0.0
4682	5265	0.347568422386
2458	4846	0.0
524	4382	0.0
2305	1527	0.327545677677
4606	2102	0.0
3589	3497	0.400954704294
2739	3262	0.0
3326	5309	0.371670138942
1699	2458	0.374529266966
822	2586	0.0
2619	1572	0.400954704294
3813	4728	0.0
2305	4559	0.0
3308	1427	0.0
2305	1427	0.333661239146
1376	3346	0.308855946003
1634	3808	0.398274665084
1195	4558	0.40730493696
2280	3813	0.0
4362	5276	0.387192153634
983	1427	0.0
2587	3575	0.0
3908	3353	0.0
1642	1896	0.411739331266
126	596	0.0
3497	3440	0.40730493696
1138	5266	0.0
4559	4029	0.0
892	3326	0.0
5116	5265	0.344732947722
3497	3534	0.377913070257
2114	804	0.318224788754
501	746	0.0
4634	1757	0.0
4303	4029	0.40730493696
4303	801	0.0
38	1935	0.0
1896	2796	0.400899918597
4619	465	0.358661378221
3940	2381	0.0
5116	1634	0.374853001531
767	878	0.0
2458	4253	0.364795872256
2733	1572	0.367364593649
1642	4737	0.0
416	5265	0.344732947722
1122	42	0.0
4561	1222	0.400954704294
767	2700	0.340328034546
3383	2020	0.435630795443
3622	465	0.378454369114
4522	3799	0.0
1634	804	0.326808216372
4253	801	0.0
1376	4606	0.0
2388	1028	0.0
501	1699	0.40730493696
2365	3628	0.413428333584
1805	4370	0.418265613881
38	1239	0.0
5032	1572	0.400954704294
537	2311	0.400954704294
407	4925	0.374685380443
2330	5315	0.381181007415
2586	338	0.0
3497	4558	0.412064003149
5172	1258	0.0
2330	3370	0.367145873944
4606	4621	0.0
3820	1807	0.392105764649
2280	3772	0.0
2458	1805	0.395957064455
1699	2619	0.40730493696
32	5265	0.0
3468	72	0.445904201873
1138	2756	0.0
666	3440	0.40730493696
4536	4682	0.394872850674
2744	4440	0.386634031258
3772	4382	0.0
2799	1572	0.0
5032	2700	0.383468311968
1132	4676	0.373639484921
3908	3772	0.0
2311	1138	0.0
3886	1807	0.369111709488
804	1807	0.318224788754
5	2700	0.413853305782
4182	1363	0.0
407	4987	0.398225058193
1138	4846	0.0
1195	2020	0.40730493696
2045	465	0.403322099002
1665	4296	0.403322099002
5327	2619	0.383468311968
596	4065	0.386323426942
4728	5266	0.0
3485	5266	0.0
1807	5266	0.0
2010	5327	0.0
1927	3326	0.400954704294
1807	2020	0.400954704294
3886	888	0.369111709488
3820	2945	0.403466612427
4566	5266	0.0
2739	1132	0.326944387317
233	2536	0.398225058193
3858	3886	0.400954704294
1427	233	0.368922365214
3353	3289	0.383468311968
537	1028	0.0
1665	2796	0.394269177455
1935	3178	0.0
2311	4559	0.0
892	2458	0.0
3370	4559	0.0
2045	1771	0.0
2305	4712	0.0
4619	2945	0.36797514786
537	472	0.400954704294
537	1748	0.400954704294
5315	5172	0.0
2796	4065	0.408661971762
1665	465	0.385445755343
1634	4676	0.373639484921
4559	4619	0.0
3820	2619	0.392105764649
2311	1312	0.581525854013
30	4065	0.381926034739
1376	1807	0.310425884073
2311	983	0.0
537	3982	0.0
465	4365	0.394269177455
131	4296	0.0
3886	72	0.369111709488
3497	1427	0.360502580559
2216	72	0.381214584821
1354	2945	0.375754450334
38	5266	0.0
537	5069	0.400954704294
983	1807	0.0
1935	5116	0.405418788259
3326	3120	0.0
1805	2659	0.0
2052	2619	0.400954704294
3575	4370	0.0
370	2311	0.394983107738
4737	1291	0.0
1303	4362	0.380639094645
1572	4676	0.40730493696
3886	767	0.296757549445
746	2619	0.0
501	878	0.0
2291	3105	0.31816719568
32	1363	0.0
233	5265	0.398225058193
1935	5126	0.361136597335
822	2799	0.0
2458	4728	0.0
3485	1905	0.333771368657
2216	4728	0.0
3135	1427	0.412064003149
1748	416	0.409022306058
4000	2544	0.381181007415
3534	4029	0.400954704294
2297	1572	0.0
1699	2659	0.408406861536
1303	3346	0.316492260013
1122	2292	0.345138381255
3772	4728	0.0
3468	1805	0.446130898491
1905	2292	0.378662058251
1195	2102	0.318438101006
537	4829	0.392105764649
3534	1757	0.409937491142
3504	888	0.361853004885
1629	4382	0.0
819	5265	0.403322099002
2280	2331	0.398225058193
3553	3346	0.319719675062
2233	1771	0.0
804	5266	0.0
537	2733	0.376990788682
3135	892	0.0
537	100	0.378836920125
3308	4418	0.0
1699	3808	0.40730493696
1354	4818	0.409022306058
537	888	0.369111709488
1634	2587	0.414707780015
4000	1807	0.367145873944
801	5265	0.0
126	4418	0.0
666	1935	0.405418788259
892	4682	0.0
2052	1169	0.413428333584
2311	2659	0.0
1699	465	0.388759206622
1195	786	0.40730493696
1665	4606	0.0
2544	1222	0.383468311968
537	3004	0.369111709488
537	4000	0.367145873944
761	4846	0.0
1601	3820	0.386634031258
278	2659	0.0
3813	3440	0.0
4987	2756	0.0
3589	3534	0.369958963124
3560	1863	0.383468311968
1291	2045	0.394983107738
1634	4000	0.367145873944
1634	1697	0.404626536149
501	4634	0.0
4253	1634	0.369111709488
3575	3289	0.0
537	4972	0.400954704294
3858	4561	0.420152824522
4975	1634	0.414707780015
3485	5265	0.297885822123
1665	2586	0.0
3440	233	0.398225058193
3534	2536	0.375754450334
1927	5266	0.0
3383	2045	0.442033881491
4712	2756	0.0
3906	1363	0.0
4634	2203	0.0
2292	4341	0.342774953151
892	1805	0.0
3510	3504	0.399424737223
666	2045	0.581525854013
3383	3858	0.442033881491
1629	888	0.404381352563
537	185	0.376990788682
4114	1169	0.413428333584
370	3908	0.0
3622	472	0.394983107738
2733	4418	0.392696257309
3886	5	0.383468311968
4621	4365	0.386634031258
5172	2742	0.0
1138	2020	0.0
537	3858	0.400954704294
3820	2536	0.545504075387
338	2945	0.377944885164
666	3383	0.442033881491
666	5069	0.581525854013
1294	2796	0.0
3262	596	0.0
3497	2381	0.0
4253	1132	0.369111709488
1665	4341	0.371670138942
3326	2381	0.0
3858	2458	0.394983107738
1863	4341	0.369958963124
1748	2020	0.435630795443
4737	2513	0.0
2388	1527	0.40730493696
537	2052	0.400954704294
368	2756	0.0
1665	2045	0.403322099002
537	3622	0.364795872256
1699	2102	0.318438101006
3383	5172	0.0
983	1805	0.0
1642	2052	0.581525854013
2586	3353	0.0
2170	804	0.326808216372
72	2945	0.377944885164
537	1132	0.369111709488
2305	1699	0.318438101006
3808	5266	0.0
3308	2105	0.0
3622	5266	0.0
1757	1771	0.0
1699	4619	0.373639484921
3105	5265	0.311778509331
3534	1572	0.400954704294
2945	5266	0.0
4382	888	0.0
2619	72	0.369111709488
3308	1132	0.0
5172	4559	0.0
3886	1805	0.39991864531
1601	2554	0.409022306058
2102	4846	0.0
3820	2767	0.0
4182	3468	0.0
185	4522	0.0
2464	1169	0.0
