0.0	0.710006714046
0.0	0.710006714046
0.0	0.58153491999
0.2504446694714748	0.58153491999
0.2358827618745959	0.452686728218
0.23947088877321587	0.58153491999
0.23947088877321587	0.58153491999
0.0	0.58153491999
0.0	0.58153491999
0.0	1.0
0.0	0.58153491999
0.0	0.710006714046
0.0	0.50495049505
0.0	0.710006714046
0.0	0.50495049505
0.0	0.58153491999
0.0	0.58153491999
0.0	1.0
0.0	0.710006714046
0.0	0.710006714046
0.0	0.50495049505
0.4043685463176483	1.0
0.2358827618745959	0.50495049505
0.23947088877321587	0.58153491999
0.0	0.58153491999
0.23947088877321587	0.58153491999
0.0	0.58153491999
0.0	0.50495049505
0.4043685463176483	0.58153491999
0.2358827618745959	0.50495049505
0.2358827618745959	0.50495049505
0.2358827618745959	0.452686728218
0.0	0.58153491999
0.0	0.58153491999
0.23947088877321587	0.50495049505
0.23947088877321587	0.58153491999
0.0	0.58153491999
0.0	0.50495049505
0.4043685463176483	0.58153491999
0.2358827618745959	0.50495049505
0.0	0.710006714046
0.0	0.710006714046
0.0	0.50495049505
0.0	0.58153491999
0.0	0.58153491999
0.0	0.710006714046
0.0	0.58153491999
0.0	0.58153491999
0.0	0.58153491999
0.0	0.58153491999
0.0	0.58153491999
0.0	0.50495049505
0.0	1.0
0.0	0.58153491999
0.0	0.710006714046
0.0	0.50495049505
0.39776474296853886	0.58153491999
0.0	0.58153491999
0.0	0.50495049505
0.0	0.58153491999
0.0	1.0
0.0	0.710006714046
0.2504446694714748	0.58153491999
0.0	0.710006714046
0.0	0.50495049505
0.23152375864473873	0.58153491999
0.0	0.58153491999
0.23152375864473873	0.710006714046
0.0	0.58153491999
0.2358827618745959	0.452686728218
0.0	0.710006714046
0.0	0.58153491999
0.0	1.0
0.23420703173118249	0.710006714046
0.39776474296853886	0.710006714046
0.0	0.710006714046
0.23420703173118249	0.58153491999
0.0	1.0
0.5281022960842879	0.452686728218
0.4025704657763317	0.710006714046
0.0	0.710006714046
0.23947088877321587	0.58153491999
0.23152375864473873	0.710006714046
0.0	0.58153491999
0.0	0.58153491999
0.0	1.0
0.4043685463176483	0.58153491999
0.23947088877321587	0.58153491999
0.39961315551828863	0.50495049505
0.39961315551828863	1.0
0.4025704657763317	0.710006714046
0.4025704657763317	0.58153491999
0.0	1.0
0.23947088877321587	0.58153491999
0.4043685463176483	0.58153491999
0.39776474296853886	0.58153491999
0.2358827618745959	0.50495049505
0.39776474296853886	0.50495049505
0.39776474296853886	0.710006714046
0.4043685463176483	0.50495049505
0.2358827618745959	0.58153491999
0.0	0.710006714046
0.2358827618745959	0.452686728218
0.0	0.710006714046
0.23947088877321587	0.58153491999
0.2358827618745959	0.58153491999
0.0	0.50495049505
0.2358827618745959	0.50495049505
0.0	0.50495049505
0.0	0.50495049505
0.0	0.710006714046
0.23947088877321587	0.58153491999
0.23947088877321587	0.58153491999
0.23947088877321587	0.58153491999
0.2358827618745959	0.452686728218
0.2358827618745959	0.452686728218
0.0	0.58153491999
0.39961315551828863	0.50495049505
0.0	0.50495049505
0.4043685463176483	0.50495049505
0.2358827618745959	0.710006714046
0.23947088877321587	0.58153491999
0.23947088877321587	0.710006714046
0.39961315551828863	0.58153491999
0.0	0.50495049505
0.0	1.0
0.23420703173118249	1.0
0.23420703173118249	0.710006714046
0.0	0.710006714046
0.0	0.58153491999
0.2358827618745959	0.50495049505
0.2358827618745959	0.710006714046
0.0	1.0
0.0	0.58153491999
0.0	0.50495049505
0.23420703173118249	0.710006714046
0.39961315551828863	0.50495049505
0.39961315551828863	0.50495049505
0.2358827618745959	0.58153491999
0.2358827618745959	0.452686728218
0.23420703173118249	0.710006714046
0.0	0.58153491999
0.0	0.58153491999
0.39961315551828863	0.50495049505
0.6200571604150068	0.710006714046
0.39961315551828863	0.58153491999
0.23947088877321587	0.50495049505
0.39961315551828863	0.58153491999
0.23947088877321587	0.58153491999
0.39961315551828863	0.50495049505
0.2358827618745959	0.414107218281
0.4025704657763317	0.710006714046
0.4025704657763317	0.710006714046
0.39961315551828863	1.0
0.39961315551828863	0.58153491999
0.2358827618745959	0.50495049505
0.0	1.0
0.4025704657763317	0.58153491999
0.2358827618745959	0.452686728218
0.4025704657763317	0.710006714046
0.0	0.58153491999
0.0	0.58153491999
0.0	0.710006714046
0.0	0.710006714046
0.0	0.710006714046
0.23420703173118249	0.50495049505
0.0	0.710006714046
0.23420703173118249	0.452686728218
0.0	0.58153491999
0.0	0.58153491999
0.39961315551828863	0.58153491999
0.39961315551828863	0.58153491999
0.0	0.50495049505
0.4025704657763317	0.710006714046
0.0	0.710006714046
0.6200571604150068	0.710006714046
0.2358827618745959	0.50495049505
0.0	0.58153491999
0.0	0.50495049505
0.39961315551828863	0.58153491999
0.2358827618745959	0.452686728218
0.23420703173118249	0.58153491999
0.0	0.58153491999
0.0	0.50495049505
0.23420703173118249	0.50495049505
0.4043685463176483	1.0
0.0	0.452686728218
0.0	0.710006714046
0.39776474296853886	0.710006714046
0.23152375864473873	0.710006714046
0.0	0.710006714046
0.0	0.710006714046
0.23947088877321587	0.58153491999
0.0	0.50495049505
0.23947088877321587	0.58153491999
0.4025704657763317	0.710006714046
0.23947088877321587	0.710006714046
0.0	0.58153491999
0.0	0.710006714046
0.0	0.58153491999
0.0	0.710006714046
0.0	0.58153491999
0.0	0.710006714046
0.0	0.710006714046
0.23152375864473873	0.710006714046
0.0	0.58153491999
0.23152375864473873	0.710006714046
0.0	0.710006714046
0.23947088877321587	0.58153491999
0.0	0.710006714046
0.0	0.58153491999
0.0	1.0
0.0	0.710006714046
0.23152375864473873	1.0
0.0	0.710006714046
0.4025704657763317	0.710006714046
0.0	0.58153491999
0.4025704657763317	0.710006714046
0.0	0.710006714046
0.23947088877321587	0.58153491999
0.0	1.0
0.0	0.50495049505
0.0	0.710006714046
0.0	0.710006714046
0.23152375864473873	1.0
0.0	1.0
0.0	0.710006714046
0.0	0.710006714046
0.23947088877321587	0.58153491999
0.0	0.50495049505
0.0	0.58153491999
0.0	0.710006714046
0.0	0.710006714046
0.0	0.58153491999
0.0	1.0
0.23947088877321587	0.58153491999
0.23152375864473873	0.710006714046
0.4025704657763317	0.58153491999
0.0	0.58153491999
0.0	0.710006714046
0.23947088877321587	0.50495049505
0.23152375864473873	0.710006714046
0.23152375864473873	0.710006714046
0.0	1.0
0.0	0.58153491999
0.0	0.58153491999
0.0	0.58153491999
0.23947088877321587	0.710006714046
0.4025704657763317	0.58153491999
0.23420703173118249	0.58153491999
0.0	1.0
0.23947088877321587	0.58153491999
0.23152375864473873	1.0
0.0	0.710006714046
0.0	0.710006714046
0.4025704657763317	0.710006714046
0.0	0.710006714046
0.0	0.58153491999
0.0	0.710006714046
0.0	0.50495049505
0.23152375864473873	0.710006714046
0.23947088877321587	0.50495049505
0.0	0.710006714046
0.23947088877321587	0.710006714046
0.0	0.710006714046
0.0	0.710006714046
0.0	0.452686728218
0.23420703173118249	0.58153491999
0.0	0.58153491999
0.0	0.50495049505
0.0	0.710006714046
0.0	0.452686728218
0.0	0.58153491999
0.0	0.50495049505
0.0	0.710006714046
0.0	0.58153491999
0.22200164611029777	0.50495049505
0.23420703173118249	0.710006714046
0.0	0.58153491999
0.0	0.58153491999
0.0	0.50495049505
0.0	0.58153491999
0.2358827618745959	0.452686728218
0.0	0.710006714046
0.39961315551828863	0.452686728218
0.0	1.0
0.0	0.50495049505
0.0	0.50495049505
0.2358827618745959	0.414107218281
0.0	0.710006714046
0.0	0.58153491999
0.0	0.710006714046
0.39961315551828863	0.50495049505
0.0	0.58153491999
0.2358827618745959	0.50495049505
0.0	0.58153491999
0.23420703173118249	0.50495049505
0.0	0.50495049505
0.0	1.0
0.0	0.710006714046
0.0	0.58153491999
0.39776474296853886	0.58153491999
0.23420703173118249	1.0
0.23420703173118249	0.50495049505
0.23420703173118249	0.710006714046
0.23152375864473873	1.0
0.23152375864473873	1.0
0.23420703173118249	0.710006714046
0.0	0.710006714046
0.23947088877321587	0.58153491999
0.0	1.0
0.39776474296853886	0.710006714046
0.0	1.0
0.39776474296853886	0.58153491999
0.0	0.58153491999
0.23420703173118249	0.710006714046
0.23152375864473873	0.710006714046
0.23152375864473873	1.0
0.23152375864473873	1.0
0.0	0.710006714046
0.23420703173118249	0.50495049505
0.0	0.58153491999
0.4027792592639031	0.58153491999
0.0	0.58153491999
0.0	0.58153491999
0.0	0.452686728218
0.0	0.58153491999
0.0	0.710006714046
0.23420703173118249	1.0
0.0	0.58153491999
0.23420703173118249	0.58153491999
0.0	0.50495049505
0.23420703173118249	0.58153491999
0.23420703173118249	0.58153491999
0.22200164611029777	0.50495049505
0.2358827618745959	0.414107218281
0.0	0.710006714046
0.2358827618745959	0.710006714046
0.5281022960842879	0.452686728218
0.2358827618745959	0.710006714046
0.0	0.58153491999
0.23947088877321587	0.50495049505
0.0	0.58153491999
0.23152375864473873	1.0
0.23420703173118249	0.50495049505
0.23152375864473873	0.710006714046
0.23152375864473873	0.710006714046
0.23420703173118249	0.58153491999
0.23947088877321587	0.452686728218
0.0	0.58153491999
0.23152375864473873	0.710006714046
0.0	0.710006714046
0.0	0.710006714046
0.0	0.50495049505
0.0	0.710006714046
0.4025704657763317	0.58153491999
0.0	0.710006714046
0.23152375864473873	0.58153491999
0.23947088877321587	0.58153491999
0.0	0.58153491999
0.4025704657763317	0.50495049505
0.23420703173118249	1.0
0.23420703173118249	1.0
0.39776474296853886	0.50495049505
0.23152375864473873	0.710006714046
0.23152375864473873	0.710006714046
0.23420703173118249	1.0
0.23420703173118249	0.452686728218
0.0	0.710006714046
0.0	0.710006714046
0.0	0.710006714046
0.0	0.710006714046
0.0	1.0
0.0	0.58153491999
0.0	1.0
0.0	0.58153491999
0.0	1.0
0.0	0.58153491999
0.0	0.710006714046
0.0	1.0
0.0	0.710006714046
0.0	1.0
0.39961315551828863	1.0
0.0	0.50495049505
0.0	0.710006714046
0.0	0.50495049505
0.39961315551828863	0.58153491999
0.2358827618745959	0.452686728218
0.23420703173118249	0.58153491999
0.0	0.50495049505
0.23420703173118249	0.50495049505
0.0	0.452686728218
0.0	0.50495049505
0.2358827618745959	0.50495049505
0.23947088877321587	0.50495049505
0.23947088877321587	0.58153491999
0.2358827618745959	0.414107218281
0.4043685463176483	0.58153491999
0.2358827618745959	0.50495049505
0.2358827618745959	0.50495049505
0.2358827618745959	0.452686728218
0.0	0.58153491999
0.0	1.0
0.23947088877321587	0.452686728218
0.23947088877321587	0.50495049505
0.0	0.58153491999
0.4025704657763317	0.710006714046
0.23947088877321587	0.58153491999
0.0	0.710006714046
0.23152375864473873	1.0
0.0	0.710006714046
0.23947088877321587	0.58153491999
0.0	0.710006714046
0.0	0.58153491999
0.23420703173118249	0.710006714046
0.39776474296853886	0.58153491999
0.23420703173118249	0.710006714046
0.0	0.58153491999
0.0	0.58153491999
0.0	1.0
0.23152375864473873	0.710006714046
0.23947088877321587	0.50495049505
0.0	0.710006714046
0.0	0.58153491999
0.4025704657763317	0.58153491999
0.23152375864473873	0.710006714046
0.0	1.0
0.0	0.50495049505
0.0	0.58153491999
0.0	0.50495049505
0.0	0.710006714046
0.0	0.58153491999
0.0	0.58153491999
0.0	0.58153491999
0.0	1.0
0.0	0.58153491999
0.0	0.58153491999
0.0	0.710006714046
0.0	0.58153491999
0.0	0.50495049505
0.0	0.710006714046
0.0	0.58153491999
0.0	0.50495049505
0.0	0.710006714046
0.0	0.710006714046
0.0	0.710006714046
0.0	0.710006714046
0.0	0.58153491999
0.0	0.710006714046
0.0	1.0
0.0	1.0
0.0	0.58153491999
0.0	1.0
0.0	0.710006714046
0.0	0.710006714046
0.0	0.710006714046
0.0	1.0
0.0	1.0
0.0	0.58153491999
0.0	0.710006714046
0.0	1.0
0.0	0.710006714046
0.0	1.0
0.0	1.0
0.0	0.58153491999
0.0	0.50495049505
0.0	0.710006714046
0.39776474296853886	0.710006714046
0.23420703173118249	0.58153491999
0.23420703173118249	0.58153491999
0.23420703173118249	0.710006714046
0.0	0.710006714046
0.0	0.710006714046
0.23152375864473873	0.710006714046
0.23152375864473873	1.0
0.23420703173118249	0.50495049505
0.4043685463176483	0.58153491999
0.0	0.58153491999
0.39776474296853886	0.58153491999
0.0	0.50495049505
0.0	0.58153491999
0.39776474296853886	0.710006714046
0.0	0.58153491999
0.0	1.0
0.0	0.58153491999
0.6200571604150068	0.710006714046
0.4043685463176483	0.50495049505
0.0	0.710006714046
0.0	1.0
0.0	0.710006714046
0.4025704657763317	0.50495049505
0.4025704657763317	0.58153491999
0.39961315551828863	1.0
0.4025704657763317	0.58153491999
0.4025704657763317	0.710006714046
0.39961315551828863	0.58153491999
0.39961315551828863	0.50495049505
0.6200571604150068	0.710006714046
0.39961315551828863	0.58153491999
0.0	0.710006714046
0.39961315551828863	0.452686728218
0.0	0.58153491999
0.0	0.58153491999
0.0	0.50495049505
0.0	0.50495049505
0.0	0.58153491999
0.0	0.50495049505
0.0	0.710006714046
0.0	0.710006714046
0.39961315551828863	0.58153491999
0.23420703173118249	0.58153491999
0.0	0.710006714046
0.23420703173118249	1.0
0.23420703173118249	0.710006714046
0.2358827618745959	0.50495049505
0.0	0.710006714046
0.23420703173118249	1.0
0.0	0.58153491999
0.2358827618745959	0.50495049505
0.2358827618745959	0.58153491999
0.39961315551828863	0.58153491999
0.0	0.710006714046
0.0	0.58153491999
0.0	0.50495049505
0.6200571604150068	0.710006714046
0.0	0.58153491999
0.39776474296853886	0.710006714046
0.4043685463176483	0.50495049505
0.0	0.58153491999
0.6200571604150068	0.710006714046
0.39776474296853886	0.58153491999
0.4043685463176483	0.58153491999
0.39776474296853886	0.58153491999
0.4027792592639031	0.58153491999
0.2358827618745959	0.50495049505
0.23947088877321587	0.710006714046
0.23947088877321587	0.710006714046
0.2358827618745959	0.710006714046
0.0	0.58153491999
0.0	1.0
0.4043685463176483	0.58153491999
0.2358827618745959	0.710006714046
0.0	0.710006714046
0.0	0.50495049505
0.0	0.58153491999
0.0	0.58153491999
0.0	0.58153491999
0.0	0.710006714046
0.0	0.452686728218
0.0	0.58153491999
0.0	0.50495049505
0.0	0.710006714046
0.0	0.58153491999
0.0	1.0
0.0	0.58153491999
0.0	1.0
0.0	0.710006714046
0.0	0.710006714046
0.0	0.50495049505
0.0	0.58153491999
0.0	1.0
0.0	0.710006714046
0.0	0.710006714046
0.0	0.710006714046
0.0	1.0
0.0	0.710006714046
0.0	0.58153491999
0.0	0.58153491999
0.0	0.710006714046
0.0	0.58153491999
0.0	0.58153491999
0.0	0.58153491999
0.0	0.710006714046
0.0	0.58153491999
0.0	0.58153491999
0.0	0.710006714046
0.0	0.58153491999
0.0	0.710006714046
0.0	0.50495049505
0.0	1.0
0.0	0.710006714046
0.0	0.58153491999
0.0	1.0
0.0	0.710006714046
0.0	0.58153491999
0.0	0.710006714046
0.0	0.710006714046
0.0	0.710006714046
0.0	0.710006714046
0.0	0.58153491999
0.0	1.0
0.0	0.710006714046
0.0	0.58153491999
0.0	0.710006714046
0.39776474296853886	0.710006714046
0.0	0.58153491999
0.0	0.58153491999
0.0	0.58153491999
0.0	0.50495049505
0.0	0.58153491999
