1234	4701
4701	1234
892	5190
5190	892
1389	3144
3144	1389
3077	5265
5265	3077
2798	2045
2045	2798
4469	1078
1078	4469
5061	3275
3275	5061
1682	1816
1816	1682
4149	5235
5235	4149
3463	1511
1511	3463
1389	4304
4304	1389
4320	2536
2536	4320
4325	2582
2582	4325
3854	5323
5323	3854
804	4458
4458	804
4858	2316
2316	4858
3814	911
911	3814
1855	440
440	1855
1955	155
155	1955
4701	1855
1855	4701
3486	789
789	3486
741	3275
3275	741
4240	1078
1078	4240
880	4672
4672	880
2447	1251
1251	2447
3874	1120
1120	3874
1078	204
204	1078
5007	2316
2316	5007
1948	3275
3275	1948
4742	2619
2619	4742
1824	2619
2619	1824
4240	1948
1948	4240
1389	4248
4248	1389
3854	358
358	3854
2719	4276
4276	2719
2371	4904
4904	2371
4627	3616
3616	4627
3756	4276
4276	3756
3423	5333
5333	3423
347	2206
2206	347
3179	1002
1002	3179
2798	3693
3693	2798
2798	1783
1783	2798
1314	2503
2503	1314
514	1953
1953	514
3543	2113
2113	3543
2388	4325
4325	2388
78	155
155	78
4742	514
514	4742
1800	1898
1898	1800
347	78
78	347
2689	2834
2834	2689
2371	2689
2689	2371
3693	5340
5340	3693
3346	1953
1953	3346
4164	1093
1093	4164
888	1009
1009	888
2689	982
982	2689
741	1533
1533	741
1948	4904
4904	1948
5029	880
880	5029
1900	1642
1642	1900
4149	545
545	4149
3077	2937
2937	3077
2834	1078
1078	2834
651	1314
1314	651
4795	4494
4494	4795
91	4350
4350	91
78	926
926	78
518	5191
5191	518
3271	3761
3761	3271
5333	754
754	5333
4325	2045
2045	4325
1948	3863
3863	1948
3061	2857
2857	3061
4161	4320
4320	4161
4533	1938
1938	4533
4481	440
440	4481
4276	1311
1311	4276
726	3599
3599	726
2572	3883
3883	2572
741	1800
1800	741
2798	1576
1576	2798
892	2467
2467	892
1533	3316
3316	1533
3447	1120
1120	3447
5190	1910
1910	5190
208	1939
1939	208
2045	5235
5235	2045
518	2977
2977	518
4494	3864
3864	4494
514	1837
1837	514
2798	651
651	2798
4542	4887
4887	4542
492	1511
1511	492
911	1875
1875	911
4634	3599
3599	4634
3814	78
78	3814
5166	5115
5115	5166
1875	2619
2619	1875
4533	1251
1251	4533
880	5235
5235	880
1389	1533
1533	1389
2054	1460
1460	2054
2503	872
872	2503
2783	746
746	2783
911	2719
2719	911
4255	973
973	4255
3179	2619
2619	3179
2945	1314
1314	2945
5034	3543
3543	5034
3616	4225
4225	3616
3583	1764
1764	3583
2689	4481
4481	2689
358	2946
2946	358
3077	1605
1605	3077
872	113
113	872
2467	3447
3447	2467
5190	3777
3777	5190
3184	5235
5235	3184
817	2937
2937	817
2388	4500
4500	2388
4701	2619
2619	4701
1386	3599
3599	1386
3854	3303
3303	3854
872	746
746	872
4164	726
726	4164
208	3441
3441	208
3423	1642
1642	3423
2536	859
859	2536
2447	1093
1093	2447
1228	1935
1935	1228
4119	5034
5034	4119
2371	2484
2484	2371
4481	1257
1257	4481
2424	3486
3486	2424
5190	2536
2536	5190
4928	1824
1824	4928
5190	2481
2481	5190
2582	3616
3616	2582
2054	1605
1605	2054
2798	4928
4928	2798
5190	2045
2045	5190
4164	2004
2004	4164
5097	2719
2719	5097
2424	2035
2035	2424
3486	5007
5007	3486
5235	2946
2946	5235
514	1251
1251	514
817	1251
1251	817
78	2206
2206	78
2945	1816
1816	2945
492	3993
3993	492
2857	1855
1855	2857
880	2384
2384	880
2508	1875
1875	2508
2054	2037
2037	2054
1584	2384
2384	1584
2508	3854
3854	2508
2481	4565
4565	2481
4742	3864
3864	4742
3442	4240
4240	3442
3077	3854
3854	3077
2467	3303
3303	2467
440	746
746	440
2384	4304
4304	2384
3777	1251
1251	3777
2508	2536
2536	2508
789	2619
2619	789
762	2977
2977	762
1576	1879
1879	1576
672	2540
2540	672
804	5265
5265	804
347	4609
4609	347
1386	4248
4248	1386
1847	4225
4225	1847
941	3853
3853	941
78	4304
4304	78
2424	1576
1576	2424
1682	804
804	1682
2484	982
982	2484
2503	4672
4672	2503
4041	2213
2213	4041
5190	2206
2206	5190
3486	1234
1234	3486
5061	741
741	5061
1384	2035
2035	1384
754	1314
1314	754
545	1955
1955	545
892	2283
2283	892
4481	4255
4255	4481
2738	3979
3979	2738
2213	2139
2139	2213
1786	4119
4119	1786
741	789
789	741
3486	5166
5166	3486
3844	2481
2481	3844
2977	3423
3423	2977
1386	789
789	1386
5115	5208
5208	5115
4742	1910
1910	4742
888	1093
1093	888
2857	492
492	2857
2536	1576
1576	2536
872	1824
1824	872
3835	3864
3864	3835
2798	3829
3829	2798
4494	4904
4904	4494
1074	3829
3829	1074
4442	3447
3447	4442
514	5191
5191	514
5190	3442
3442	5190
5356	1962
1962	5356
859	1009
1009	859
4161	2540
2540	4161
5034	4246
4246	5034
347	1800
1800	347
831	941
941	831
892	3853
3853	892
1938	4276
4276	1938
1386	1783
1783	1386
1879	970
970	1879
1816	1642
1642	1816
746	2724
2724	746
3814	2582
2582	3814
1837	2045
2045	1837
892	5323
5323	892
973	155
155	973
859	4795
4795	859
1764	4533
4533	1764
3630	4255
4255	3630
1824	2946
2946	1824
3888	4928
4928	3888
2078	514
514	2078
347	1955
1955	347
4276	4281
4281	4276
3447	746
746	3447
1389	926
926	1389
2783	2937
2937	2783
1783	1962
1962	1783
2388	1764
1764	2388
804	3844
3844	804
2689	1910
1910	2689
3616	926
926	3616
3888	1900
1900	3888
2054	5097
5097	2054
5208	2937
2937	5208
726	3077
3077	726
4325	2481
2481	4325
880	492
492	880
2251	5352
5352	2251
2783	2078
2078	2783
3864	1384
1384	3864
1875	941
941	1875
2388	203
203	2388
5186	1093
1093	5186
4240	5340
5340	4240
5034	3756
3756	5034
2447	440
440	2447
4542	5166
5166	4542
5034	5356
5356	5034
3835	3543
3543	3835
4609	1935
1935	4609
2206	1251
1251	2206
208	2556
2556	208
2388	5061
5061	2388
2937	956
956	2937
1386	1879
1879	1386
741	5265
5265	741
2572	4565
4565	2572
3630	1002
1002	3630
4320	4533
4533	4320
1764	2467
2467	1764
208	3829
3829	208
514	2206
2206	514
1764	4481
4481	1764
2371	5166
5166	2371
3416	746
746	3416
1605	3279
3279	1605
3777	3442
3442	3777
880	204
204	880
91	3599
3599	91
2316	2609
2609	2316
3844	5190
5190	3844
1460	1962
1962	1460
4481	2536
2536	4481
3061	2977
2977	3061
2054	4246
4246	2054
3486	5323
5323	3486
669	5352
5352	669
4542	3275
3275	4542
4795	926
926	4795
78	3447
3447	78
3864	2503
2503	3864
804	5333
5333	804
4425	2798
2798	4425
5265	4928
4928	5265
2484	2536
2536	2484
741	3854
3854	741
78	2834
2834	78
2798	2503
2503	2798
3883	2467
2467	3883
1267	1311
1311	1267
1955	3271
3271	1955
1170	5208
5208	1170
3346	2834
2834	3346
741	2283
2283	741
3179	3275
3275	3179
859	5356
5356	859
4481	5235
5235	4481
2004	3184
3184	2004
1415	2582
2582	1415
3346	982
982	3346
1962	2139
2139	1962
3184	514
514	3184
831	859
859	831
5097	1533
1533	5097
926	2834
2834	926
2724	926
926	2724
1460	3275
3275	1460
545	2798
2798	545
741	5166
5166	741
3077	1257
1257	3077
3864	1311
1311	3864
2536	5265
5265	2536
2798	5235
5235	2798
208	4928
4928	208
1389	2206
2206	1389
956	941
941	956
3077	1837
1837	3077
817	3844
3844	817
3883	4276
4276	3883
3461	746
746	3461
149	4469
4469	149
5097	4276
4276	5097
754	358
358	754
1847	4320
4320	1847
1800	3105
3105	1800
4701	5007
5007	4701
2689	4276
4276	2689
2798	1078
1078	2798
4325	1251
1251	4325
3077	2536
2536	3077
804	2719
2719	804
3616	1682
1682	3616
762	1855
1855	762
4481	4168
4168	4481
5034	2440
2440	5034
2371	880
880	2371
2783	4276
4276	2783
3543	5265
5265	3543
831	5166
5166	831
3442	2447
2447	3442
888	1955
1955	888
492	2937
2937	492
204	911
911	204
5235	3827
3827	5235
500	4149
4149	500
2440	4932
4932	2440
3883	1078
1078	3883
3077	3543
3543	3077
1962	1816
1816	1962
2783	1605
1605	2783
3881	941
941	3881
2371	746
746	2371
4701	1386
1386	4701
5190	2388
2388	5190
1816	3844
3844	1816
3993	1786
1786	3993
347	4255
4255	347
3888	4276
4276	3888
3844	1837
1837	3844
1800	3447
3447	1800
3447	4928
4928	3447
831	4542
4542	831
3881	1898
1898	3881
1576	1962
1962	1576
1938	4304
4304	1938
1847	1837
1837	1847
3543	4350
4350	3543
91	4494
4494	91
3777	5265
5265	3777
2719	982
982	2719
3827	2213
2213	3827
1875	3979
3979	1875
4542	4838
4838	4542
3881	3229
3229	3881
4149	4350
4350	4149
2689	3486
3486	2689
208	3229
3229	208
4240	3979
3979	4240
4795	5166
5166	4795
4225	2719
2719	4225
1786	1257
1257	1786
2689	3077
3077	2689
1824	2045
2045	1824
4500	1386
1386	4500
4533	1875
1875	4533
3279	5265
5265	3279
3883	4838
4838	3883
1511	3888
3888	1511
1386	4645
4645	1386
1962	1257
1257	1962
669	3583
3583	669
1948	880
880	1948
2783	514
514	2783
2556	5064
5064	2556
2536	2035
2035	2536
2388	3271
3271	2388
2738	1824
1824	2738
1053	4838
4838	1053
2371	2424
2424	2371
2388	2582
2582	2388
2213	2619
2619	2213
1837	5166
5166	1837
194	1847
1847	194
1824	726
726	1824
3864	5265
5265	3864
204	892
892	204
4325	1002
1002	4325
3979	5356
5356	3979
5061	2037
2037	5061
2424	2834
2834	2424
2139	2798
2798	2139
3144	1415
1415	3144
2133	2689
2689	2133
347	817
817	347
3864	4248
4248	3864
651	1093
1093	651
1824	746
746	1824
2371	2251
2251	2371
4672	672
672	4672
5029	4149
4149	5029
78	4281
4281	78
3316	4932
4932	3316
4742	1764
1764	4742
741	926
926	741
5190	4281
4281	5190
1584	3863
3863	1584
1786	4565
4565	1786
3346	1386
1386	3346
1460	4932
4932	1460
804	4225
4225	804
4609	2946
2946	4609
804	78
78	804
2783	2113
2113	2783
255	4469
4469	255
4701	746
746	4701
2719	2447
2447	2719
741	2783
2783	741
4928	1900
1900	4928
1389	4041
4041	1389
4425	2582
2582	4425
3844	4248
4248	3844
545	2536
2536	545
1384	3447
3447	1384
3693	880
880	3693
1078	3616
3616	1078
2783	4672
4672	2783
911	1816
1816	911
2424	4533
4533	2424
5340	4248
4248	5340
2689	4565
4565	2689
1875	2054
2054	1875
1800	1576
1576	1800
2945	1605
1605	2945
789	746
746	789
3693	4742
4742	3693
3441	982
982	3441
5097	3486
3486	5097
4320	1764
1764	4320
347	2556
2556	347
194	358
358	194
2937	4119
4119	2937
804	746
746	804
1953	4645
4645	1953
4168	4401
4401	4168
5190	1855
1855	5190
872	4255
4255	872
2251	4904
4904	2251
2037	2503
2503	2037
545	2484
2484	545
3761	4186
4186	3761
2689	1389
1389	2689
3853	3979
3979	3853
2371	1389
1389	2371
3616	880
880	3616
440	4645
4645	440
1837	4565
4565	1837
4320	1953
1953	4320
741	1824
1824	741
817	4350
4350	817
4742	1311
1311	4742
2972	4932
4932	2972
2424	1953
1953	2424
1074	892
892	1074
2724	5265
5265	2724
3543	4932
4932	3543
5186	3979
3979	5186
4149	1384
1384	4149
3447	2054
2054	3447
545	941
941	545
492	941
941	492
941	3423
3423	941
347	2424
2424	347
2503	746
746	2503
2977	4255
4255	2977
910	3979
3979	910
4442	113
113	4442
1764	2484
2484	1764
2698	2078
2078	2698
347	4304
4304	347
5061	4672
4672	5061
3184	2857
2857	3184
1764	2783
2783	1764
1837	1605
1605	1837
2054	2619
2619	2054
2689	3271
3271	2689
2440	3543
3543	2440
2447	5333
5333	2447
1170	2977
2977	1170
440	3761
3761	440
2724	4742
4742	2724
4275	500
500	4275
941	2467
2467	941
4742	5166
5166	4742
741	859
859	741
741	2206
2206	741
872	5029
5029	872
1384	1879
1879	1384
880	3853
3853	880
545	4568
4568	545
1800	4186
4186	1800
3881	1257
1257	3881
1824	888
888	1824
3275	2572
2572	3275
4565	2503
2503	4565
3184	3229
3229	3184
4701	5166
5166	4701
789	941
941	789
4500	204
204	4500
726	91
91	726
78	746
746	78
1824	2035
2035	1824
347	2783
2783	347
1764	789
789	1764
2798	4164
4164	2798
545	2834
2834	545
4248	2857
2857	4248
5186	1953
1953	5186
255	5166
5166	255
537	888
888	537
3061	1533
1533	3061
1786	4077
4077	1786
2035	3583
3583	2035
1584	4304
4304	1584
208	3761
3761	208
1228	1009
1009	1228
3077	2609
2609	3077
1764	4469
4469	1764
4041	2536
2536	4041
754	4041
4041	754
5007	2724
2724	5007
4627	2503
2503	4627
3844	5323
5323	3844
1053	5352
5352	1053
3279	2536
2536	3279
4742	1576
1576	4742
2467	4542
4542	2467
741	817
817	741
1898	2440
2440	1898
149	3271
3271	149
4442	3888
3888	4442
3275	2503
2503	3275
804	1314
1314	804
1386	440
440	1386
4458	4320
4320	4458
2609	3864
3864	2609
2045	2035
2035	2045
4320	4350
4350	4320
4119	500
500	4119
3853	1786
1786	3853
149	746
746	149
2447	1415
1415	2447
352	4481
4481	352
2738	4276
4276	2738
1824	926
926	1824
817	4255
4255	817
2689	5323
5323	2689
352	910
910	352
4320	1074
1074	4320
2945	1855
1855	2945
4458	204
204	4458
4701	1584
1584	4701
1384	194
194	1384
3844	5166
5166	3844
880	1898
1898	880
4246	2484
2484	4246
3854	4542
4542	3854
1386	926
926	1386
1955	352
352	1955
2798	1093
1093	2798
726	5007
5007	726
1074	1910
1910	1074
5029	3993
3993	5029
4161	926
926	4161
2798	204
204	2798
3874	2113
2113	3874
4533	5235
5235	4533
956	1257
1257	956
3583	1576
1576	3583
2738	3463
3463	2738
1938	113
113	1938
4255	3888
3888	4255
2481	2536
2536	2481
3271	1311
1311	3271
2206	4186
4186	2206
2139	746
746	2139
208	3888
3888	208
3316	2504
2504	3316
3630	941
941	3630
2447	3441
3441	2447
3423	926
926	3423
2946	3179
3179	2946
2977	1389
1389	2977
5190	4275
4275	5190
1824	4246
4246	1824
1386	651
651	1386
4742	4542
4542	4742
1955	482
482	1955
2447	2977
2977	2447
1855	2035
2035	1855
956	3883
3883	956
4481	762
762	4481
347	5166
5166	347
4565	1875
1875	4565
2536	4350
4350	2536
203	4701
4701	203
1939	3756
3756	1939
892	1800
1800	892
5097	4634
4634	5097
2798	3144
3144	2798
4928	5323
5323	4928
1764	2316
2316	1764
4164	1311
1311	4164
1257	672
672	1257
2798	4350
4350	2798
2206	4276
4276	2206
3346	4255
4255	3346
726	1053
1053	726
741	831
831	741
4742	2424
2424	4742
4325	3442
3442	4325
2783	4494
4494	2783
2738	2113
2113	2738
1389	5265
5265	1389
2619	741
741	2619
347	4168
4168	347
3543	1800
1800	3543
741	1837
1837	741
2719	5190
5190	2719
3756	2035
2035	3756
208	3423
3423	208
3543	545
545	3543
1938	4077
4077	1938
1009	4425
4425	1009
1847	1783
1783	1847
3486	1898
1898	3486
2719	4565
4565	2719
5190	3543
3543	5190
204	4225
4225	204
2556	3829
3829	2556
2738	1384
1384	2738
4494	1605
1605	4494
4248	3077
3077	4248
5166	440
440	5166
2045	4041
4041	2045
2251	5007
5007	2251
4458	1855
1855	4458
5061	3077
3077	5061
2037	754
754	2037
3441	3229
3229	3441
3844	4645
4645	3844
1415	1605
1605	1415
2133	2857
2857	2133
1786	2937
2937	1786
5190	746
746	5190
1074	1533
1533	1074
789	1642
1642	789
2536	1605
1605	2536
352	518
518	352
3756	4225
4225	3756
651	4838
4838	651
2719	4672
4672	2719
492	831
831	492
2798	1311
1311	2798
2424	3447
3447	2424
1786	2045
2045	1786
5034	149
149	5034
2440	1855
1855	2440
1386	2972
2972	1386
5029	1898
1898	5029
2689	754
754	2689
1228	3853
3853	1228
2424	4932
4932	2424
1837	3888
3888	1837
2504	2503
2503	2504
78	4565
4565	78
4481	3184
3184	4481
5190	1078
1078	5190
2045	3888
3888	2045
197	4246
4246	197
3756	4634
4634	3756
2484	4458
4458	2484
892	4565
4565	892
3888	1605
1605	3888
5340	1228
1228	5340
4887	3077
3077	4887
2719	4119
4119	2719
789	1939
1939	789
347	1764
1764	347
2388	3441
3441	2388
762	1258
1258	762
1955	3814
3814	1955
4533	1939
1939	4533
973	113
113	973
545	2619
2619	545
672	3874
3874	672
1389	3599
3599	1389
1386	817
817	1386
3303	1935
1935	3303
4701	194
194	4701
2508	1605
1605	2508
4928	2206
2206	4928
2719	3486
3486	2719
4568	1314
1314	4568
2689	2536
2536	2689
1910	672
672	1910
347	831
831	347
5323	3979
3979	5323
149	970
970	149
3229	859
859	3229
2447	2937
2937	2447
358	2388
2388	358
5007	514
514	5007
2371	2206
2206	2371
1584	2619
2619	1584
2783	762
762	2783
2035	3853
3853	2035
2206	2037
2037	2206
4186	1855
1855	4186
5235	5191
5191	5235
3486	4494
4494	3486
1093	2738
2738	1093
3346	5235
5235	3346
910	3583
3583	910
926	4077
4077	926
2536	888
888	2536
2133	3829
3829	2133
859	2447
2447	859
3486	1460
1460	3486
500	3275
3275	500
746	1786
1786	746
1764	1786
1786	1764
3835	5265
5265	3835
3543	3993
3993	3543
3864	1093
1093	3864
817	2035
2035	817
1764	746
746	1764
1257	3863
3863	1257
5061	817
817	5061
3316	4401
4401	3316
3416	78
78	3416
3234	1074
1074	3234
518	726
726	518
4500	2440
2440	4500
3447	2037
2037	3447
3888	1120
1120	3888
3416	1953
1953	3416
2536	2206
2206	2536
4161	5191
5191	4161
208	2133
2133	208
3303	941
941	3303
3275	1900
1900	3275
1898	1234
1234	1898
4320	1800
1800	4320
4494	4565
4565	4494
2977	2857
2857	2977
1682	4645
4645	1682
1389	817
817	1389
2738	1898
1898	2738
4246	5097
5097	4246
817	3979
3979	817
514	113
113	514
3854	5166
5166	3854
2798	4565
4565	2798
5191	482
482	5191
2440	1847
1847	2440
4542	3061
3061	4542
2719	4275
4275	2719
2045	4246
4246	2045
4041	1642
1642	4041
1389	910
910	1389
2213	1170
1170	2213
2689	1800
1800	2689
4500	3356
3356	4500
2945	1800
1800	2945
804	973
973	804
3854	1875
1875	3854
4119	4627
4627	4119
514	3275
3275	514
1584	2133
2133	1584
4246	4887
4887	4246
2251	3864
3864	2251
789	2783
2783	789
1460	3184
3184	1460
2503	956
956	2503
3447	872
872	3447
4401	982
982	4401
4240	3881
3881	4240
2689	5265
5265	2689
4494	358
358	4494
1764	4248
4248	1764
5166	804
804	5166
3835	1939
1939	3835
2484	762
762	2484
1898	1682
1682	1898
2133	2113
2113	2133
5029	926
926	5029
4742	2536
2536	4742
892	2035
2035	892
926	3693
3693	926
358	500
500	358
3777	1267
1267	3777
78	880
880	78
514	926
926	514
1824	3275
3275	1824
5029	2037
2037	5029
5356	970
970	5356
3061	3442
3442	3061
4320	1078
1078	4320
3346	926
926	3346
1386	2783
2783	1386
514	746
746	514
2857	2946
2946	2857
1311	3883
3883	1311
741	2536
2536	741
1386	746
746	1386
4161	4742
4742	4161
4609	4565
4565	4609
2798	2424
2424	2798
817	926
926	817
2371	2467
2467	2371
3756	4168
4168	3756
2045	352
352	2045
4248	1642
1642	4248
911	1682
1682	911
2556	4565
4565	2556
5034	2783
2783	5034
4565	3423
3423	4565
113	5166
5166	113
5034	1002
1002	5034
2857	4932
4932	2857
2689	3442
3442	2689
1386	2945
2945	1386
4634	926
926	4634
208	2447
2447	208
4320	1576
1576	4320
1533	2689
2689	1533
5190	5064
5064	5190
78	5190
5190	78
545	1939
1939	545
831	746
746	831
1389	4565
4565	1389
3888	5323
5323	3888
2508	3279
3279	2508
741	1898
1898	741
3854	746
746	3854
2937	2540
2540	2937
4928	4795
4795	4928
78	2467
2467	78
1642	2440
2440	1642
3077	2283
2283	3077
956	3761
3761	956
2440	926
926	2440
4425	3442
3442	4425
78	440
440	78
3442	804
804	3442
789	5265
5265	789
1800	746
746	1800
1837	4246
4246	1837
1533	1482
1482	1533
2536	941
941	2536
2977	5235
5235	2977
4164	3835
3835	4164
2440	4494
4494	2440
3441	3184
3184	3441
3844	4255
4255	3844
3756	5265
5265	3756
2609	1511
1511	2609
2484	3303
3303	2484
2133	3630
3630	2133
2689	741
741	2689
3184	2719
2719	3184
2440	4350
4350	2440
804	880
880	804
2689	4533
4533	2689
78	1074
1074	78
1511	746
746	1511
5029	1078
1078	5029
2508	1314
1314	2508
5208	4904
4904	5208
2503	2582
2582	2503
2384	982
982	2384
3486	1800
1800	3486
2572	2834
2834	2572
1584	5186
5186	1584
762	2447
2447	762
1389	2783
2783	1389
2447	926
926	2447
4609	3105
3105	4609
1533	892
892	1533
2783	4533
4533	2783
3144	500
500	3144
4494	2113
2113	4494
78	3077
3077	78
1170	2371
2371	1170
1389	5097
5097	1389
2113	3303
3303	2113
973	4858
4858	973
892	2834
2834	892
3616	1898
1898	3616
4494	1875
1875	4494
4149	3835
3835	4149
2619	4568
4568	2619
2738	5333
5333	2738
3777	3441
3441	3777
3543	5166
5166	3543
3144	926
926	3144
817	1953
1953	817
789	4246
4246	789
2972	4161
4161	2972
2945	4246
4246	2945
4281	1816
1816	4281
3447	3346
3346	3447
3864	4240
4240	3864
4281	1948
1948	4281
2283	1875
1875	2283
3077	888
888	3077
3814	3874
3874	3814
2738	2945
2945	2738
3599	1584
1584	3599
2536	4672
4672	2536
3888	4248
4248	3888
789	817
817	789
1389	1855
1855	1389
1267	3756
3756	1267
5208	880
880	5208
2798	2504
2504	2798
880	3874
3874	880
1642	4458
4458	1642
1053	2783
2783	1053
5208	1953
1953	5208
2251	1228
1228	2251
4248	4609
4609	4248
3693	4255
4255	3693
4255	741
741	4255
347	3275
3275	347
1311	514
514	1311
2054	804
804	2054
2798	4932
4932	2798
5265	1002
1002	5265
4565	3814
3814	4565
3461	2139
2139	3461
1800	1837
1837	1800
2316	1074
1074	2316
3441	3423
3423	3441
4494	3275
3275	4494
4533	2440
2440	4533
872	1764
1764	872
726	4500
4500	726
2447	1511
1511	2447
4458	2582
2582	4458
518	203
203	518
831	1855
1855	831
5115	2004
2004	5115
4320	2467
2467	4320
3888	1314
1314	3888
2738	3279
3279	2738
2388	817
817	2388
1074	3599
3599	1074
4494	2508
2508	4494
911	3144
3144	911
1584	746
746	1584
1460	1837
1837	1460
2484	4255
4255	2484
1847	1898
1898	1847
3423	1898
1898	3423
2798	4500
4500	2798
892	1078
1078	892
2945	482
482	2945
4161	1783
1783	4161
2508	1953
1953	2508
3271	5064
5064	3271
2371	2508
2508	2371
1800	5007
5007	1800
3883	3827
3827	3883
831	545
545	831
3881	1314
1314	3881
2054	4533
4533	2054
651	4077
4077	651
78	5323
5323	78
113	204
204	113
2139	545
545	2139
2508	1938
1938	2508
1953	203
203	1953
3184	4276
4276	3184
347	3441
3441	347
4325	1605
1605	4325
3442	2251
2251	3442
3461	3979
3979	3461
3316	2484
2484	3316
817	1855
1855	817
203	888
888	203
5186	5166
5166	5186
2045	941
941	2045
2857	1460
1460	2857
4742	1935
1935	4742
2054	5190
5190	2054
78	2937
2937	78
5061	2035
2035	5061
3777	1953
1953	3777
4161	78
78	4161
2371	2004
2004	2371
2572	1783
1783	2572
1386	4565
4565	1386
2371	4742
4742	2371
1314	4186
4186	1314
2424	5190
5190	2424
2213	91
91	2213
518	741
741	518
4858	1267
1267	4858
2798	4442
4442	2798
347	1898
1898	347
2388	3616
3616	2388
2035	4248
4248	2035
5323	5235
5235	5323
3061	2045
2045	3061
4186	194
194	4186
2440	817
817	2440
3844	1682
1682	3844
2783	5166
5166	2783
2972	4246
4246	2972
78	4904
4904	78
3993	4168
4168	3993
5356	204
204	5356
1783	2689
2689	1783
2440	2536
2536	2440
1093	1682
1682	1093
4481	746
746	4481
2689	789
789	2689
3463	941
941	3463
926	1078
1078	926
2054	347
347	2054
1009	2037
2037	1009
2798	1482
1482	2798
3463	3883
3883	3463
804	3423
3423	804
911	956
956	911
2719	514
514	2719
545	5166
5166	545
3993	3883
3883	3993
2388	4041
4041	2388
1800	1939
1939	1800
2689	5061
5061	2689
1389	4320
4320	1389
3854	970
970	3854
741	4276
4276	741
91	3854
3854	91
2484	746
746	2484
194	1962
1962	194
482	3829
3829	482
2037	3761
3761	2037
4481	2540
2540	4481
789	1460
1460	789
1074	1267
1267	1074
3441	3316
3316	3441
1764	880
880	1764
1389	204
204	1389
3346	3461
3461	3346
1855	4672
4672	1855
3077	926
926	3077
3883	4928
4928	3883
78	4795
4795	78
2206	4304
4304	2206
5034	3844
3844	5034
741	440
440	741
5064	3416
3416	5064
5190	1251
1251	5190
492	3486
3486	492
4494	2316
2316	4494
2689	2447
2447	2689
5186	4275
4275	5186
2945	4168
4168	2945
4565	3616
3616	4565
2738	5166
5166	2738
1855	941
941	1855
5235	2481
2481	5235
4425	941
941	4425
2388	3874
3874	2388
2447	1898
1898	2447
4701	2206
2206	4701
4500	3881
3881	4500
2424	4281
4281	2424
2503	482
482	2503
500	4645
4645	500
2054	78
78	2054
4077	4149
4149	4077
208	3883
3883	208
4161	4186
4186	4161
1824	2937
2937	1824
3543	746
746	3543
514	2371
2371	514
3346	2035
2035	3346
2283	3616
3616	2283
91	514
514	91
5166	3279
3279	5166
1962	4246
4246	1962
1511	1093
1093	1511
1935	2698
2698	1935
859	4164
4164	859
4887	3864
3864	4887
2783	2582
2582	2783
3077	1800
1800	3077
3441	1898
1898	3441
1389	3979
3979	1389
1855	4350
4350	1855
1009	3316
3316	1009
3777	4609
4609	3777
5208	3077
3077	5208
1389	1251
1251	1389
804	1093
1093	804
3864	669
669	3864
2556	4255
4255	2556
352	2004
2004	352
2582	1764
1764	2582
2689	2582
2582	2689
2945	5333
5333	2945
1389	4077
4077	1389
4350	911
911	4350
1764	1824
1824	1764
1258	741
741	1258
1386	5166
5166	1386
2945	1258
1258	2945
5097	3442
3442	5097
4481	5166
5166	4481
1234	1389
1389	1234
2798	3271
3271	2798
2857	5323
5323	2857
1900	3844
3844	1900
4858	4164
4164	4858
347	4481
4481	347
1948	5166
5166	1948
1389	1935
1935	1389
3993	746
746	3993
4481	1093
1093	4481
3888	669
669	3888
5061	2206
2206	5061
1415	1642
1642	1415
2536	155
155	2536
2719	4494
4494	2719
1939	3316
3316	1939
3829	2447
2447	3829
2440	5166
5166	2440
2045	3275
3275	2045
5061	2937
2937	5061
1764	4225
4225	1764
3447	5190
5190	3447
804	3616
3616	804
5265	1314
1314	5265
1009	4469
4469	1009
2698	1939
1939	2698
2371	741
741	2371
3888	4904
4904	3888
2206	941
941	2206
4932	1384
1384	4932
789	5190
5190	789
2783	4255
4255	2783
973	5186
5186	973
2619	3777
3777	2619
78	2783
2783	78
4481	982
982	4481
3693	4041
4041	3693
2738	358
358	2738
3486	2035
2035	3486
746	4425
4425	746
872	2937
2937	872
4320	4240
4240	4320
5333	2834
2834	5333
3854	4701
4701	3854
3829	5061
5061	3829
347	2945
2945	347
2424	4246
4246	2424
1386	4904
4904	1386
3853	4248
4248	3853
1258	4533
4533	1258
4565	2504
2504	4565
255	3888
3888	255
1824	2206
2206	1824
4164	1605
1605	4164
872	2424
2424	872
789	4494
4494	789
1533	2424
2424	1533
3275	888
888	3275
5029	2619
2619	5029
1800	2037
2037	1800
2798	2004
2004	2798
2045	5166
5166	2045
2536	1939
1939	2536
2133	4928
4928	2133
4795	888
888	4795
4246	3442
3442	4246
197	2251
2251	197
2508	4275
4275	2508
204	4119
4119	204
3416	1482
1482	3416
2689	4928
4928	2689
3463	3234
3234	3463
3416	545
545	3416
1837	1576
1576	1837
78	2503
2503	78
3271	910
910	3271
2783	3105
3105	2783
1170	1576
1576	1170
4494	746
746	4494
1816	2371
2371	1816
1267	4494
4494	1267
347	2467
2467	347
3463	2937
2937	3463
2556	1816
1816	2556
1879	3229
3229	1879
1875	982
982	1875
2035	1170
1170	2035
2977	1910
1910	2977
5190	3888
3888	5190
4494	1053
1053	4494
1605	1002
1002	1605
2536	5208
5208	2536
4325	1816
1816	4325
4320	5265
5265	4320
2798	3356
3356	2798
5235	910
910	5235
973	1847
1847	973
537	2536
2536	537
4533	545
545	4533
754	2484
2484	754
537	3756
3756	537
1078	5235
5235	1078
789	1837
1837	789
3883	1093
1093	3883
982	3844
3844	982
2783	1855
1855	2783
2384	1824
1824	2384
2719	4255
4255	2719
4742	4481
4481	4742
2388	3863
3863	2388
5029	3883
3883	5029
5061	1460
1460	5061
4494	2283
2283	4494
4304	3888
3888	4304
5034	5352
5352	5034
1824	4304
4304	1824
3346	149
149	3346
2481	2508
2508	2481
1939	4494
4494	1939
3061	3486
3486	3061
2719	1939
1939	2719
2213	2798
2798	2213
5029	4634
4634	5029
2440	545
545	2440
888	2857
2857	888
4281	1879
1879	4281
5190	5265
5265	5190
1824	4609
4609	1824
3616	1953
1953	3616
113	3447
3447	113
926	197
197	926
4255	669
669	4255
956	1875
1875	956
2371	1257
1257	2371
1875	746
746	1875
1824	4494
4494	1824
4858	746
746	4858
762	2857
2857	762
1816	1783
1783	1816
941	3835
3835	941
817	4627
4627	817
910	2316
2316	910
1170	1824
1824	1170
1389	2045
2045	1389
789	4350
4350	789
3756	500
500	3756
5208	4742
4742	5208
4701	1576
1576	4701
3844	1074
1074	3844
4742	4565
4565	4742
3346	1938
1938	3346
3461	204
204	3461
3486	2619
2619	3486
3979	2133
2133	3979
3447	3863
3863	3447
3486	4565
4565	3486
1314	1900
1900	1314
4928	4458
4458	4928
3853	3144
3144	3853
941	2424
2424	941
2798	155
155	2798
892	941
941	892
3271	3814
3814	3271
2689	5190
5190	2689
1605	2113
2113	1605
3346	4542
4542	3346
970	762
762	970
2719	1938
1938	2719
1228	3463
3463	1228
3829	2857
2857	3829
1533	746
746	1533
5186	1955
1955	5186
1120	4350
4350	1120
4320	3105
3105	4320
208	4481
4481	208
2783	3854
3854	2783
892	1939
1939	892
1074	4838
4838	1074
3275	1938
1938	3275
5208	4255
4255	5208
2371	1764
1764	2371
2857	3863
3863	2857
1170	4904
4904	1170
817	5190
5190	817
3279	1816
1816	3279
2371	4565
4565	2371
970	4350
4350	970
4304	3854
3854	4304
2783	2035
2035	2783
514	197
197	514
4320	1251
1251	4320
2798	3616
3616	2798
4795	3616
3616	4795
1386	5323
5323	1386
4401	2556
2556	4401
4887	1962
1962	4887
2508	5007
5007	2508
3346	2724
2724	3346
4248	194
194	4248
3853	3356
3356	3853
4742	2316
2316	4742
1258	3543
3543	1258
5029	4275
4275	5029
1824	5323
5323	1824
2054	4701
4701	2054
4494	817
817	4494
1389	3275
3275	1389
2484	4565
4565	2484
4742	1605
1605	4742
2139	3275
3275	2139
1053	872
872	1053
669	910
910	669
1533	672
672	1533
2724	155
155	2724
3447	911
911	3447
347	4742
4742	347
5191	4248
4248	5191
3061	2371
2371	3061
4481	3229
3229	4481
1962	3275
3275	1962
956	746
746	956
1251	2724
2724	1251
347	1816
1816	347
2251	1847
1847	2251
1053	3993
3993	1053
892	208
208	892
2572	3229
3229	2572
872	1847
1847	872
3814	1314
1314	3814
514	5323
5323	514
1078	3316
3316	1078
3441	3888
3888	3441
4186	5007
5007	4186
1093	4168
4168	1093
4320	2424
2424	4320
2689	880
880	2689
5061	4320
4320	5061
2945	1311
1311	2945
1386	880
880	1386
2467	358
358	2467
2045	4565
4565	2045
3423	1002
1002	3423
1460	2508
2508	1460
5061	3447
3447	5061
2371	1605
1605	2371
2783	1953
1953	2783
4186	3864
3864	4186
2283	2572
2572	2283
1910	1267
1267	1910
5166	3881
3881	5166
2316	3416
3416	2316
3346	3993
3993	3346
545	2467
2467	545
5190	4350
4350	5190
804	2045
2045	804
4401	91
91	4401
4240	5007
5007	4240
5340	982
982	5340
2798	4255
4255	2798
203	5235
5235	203
892	537
537	892
2508	2503
2503	2508
4325	5235
5235	4325
2424	2536
2536	2424
545	4077
4077	545
3316	2977
2977	3316
2977	4401
4401	2977
2945	5166
5166	2945
2798	518
518	2798
672	3630
3630	672
3864	4275
4275	3864
3693	2484
2484	3693
5029	859
859	5029
5186	1234
1234	5186
1800	817
817	1800
91	2582
2582	91
5186	941
941	5186
347	3888
3888	347
4701	1939
1939	4701
3447	2619
2619	3447
1847	5265
5265	1847
4481	1783
1783	4481
5190	2857
2857	5190
3077	4304
4304	3077
4320	5007
5007	4320
3864	3777
3777	3864
2698	746
746	2698
149	2371
2371	149
3883	3888
3888	3883
1783	4276
4276	1783
3814	482
482	3814
3346	2536
2536	3346
2206	3888
3888	2206
500	1898
1898	500
1386	4119
4119	1386
78	1576
1576	78
208	1783
1783	208
1584	4634
4634	1584
4481	3616
3616	4481
2556	4225
4225	2556
859	3853
3853	859
4858	1898
1898	4858
3853	1879
1879	3853
804	859
859	804
2206	1898
1898	2206
3835	746
746	3835
347	2113
2113	347
2689	2504
2504	2689
888	3279
3279	888
3844	2037
2037	3844
208	4168
4168	208
2316	4533
4533	2316
2689	2937
2937	2689
3844	926
926	3844
4542	194
194	4542
892	973
973	892
1460	2484
2484	1460
4887	911
911	4887
4161	5333
5333	4161
3441	3883
3883	3441
347	1384
1384	347
1389	5029
5029	1389
2424	3077
3077	2424
4350	3416
3416	4350
2719	1642
1642	2719
545	2972
2972	545
3599	3179
3179	3599
545	255
255	545
3077	2783
2783	3077
3616	4248
4248	3616
2556	941
941	2556
1228	1093
1093	1228
1948	2503
2503	1948
741	3105
3105	741
4481	1605
1605	4481
754	4542
4542	754
78	5166
5166	78
4609	5333
5333	4609
1386	2536
2536	1386
3693	5190
5190	3693
2738	2937
2937	2738
492	5235
5235	492
3888	4533
4533	3888
3105	2582
2582	3105
3844	2316
2316	3844
208	4255
4255	208
888	762
762	888
5186	2037
2037	5186
2035	4887
4887	2035
3854	2609
2609	3854
1267	741
741	1267
4609	2609
2609	4609
1879	3827
3827	1879
3179	4568
4568	3179
1935	2467
2467	1935
2857	5007
5007	2857
1053	3543
3543	1053
482	2440
2440	482
2945	4276
4276	2945
1311	2035
2035	1311
3854	1120
1120	3854
4701	4494
4494	4701
4401	2857
2857	4401
1234	2467
2467	1234
1879	4164
4164	1879
3486	2447
2447	3486
1939	4325
4325	1939
2440	1460
1460	2440
1847	1800
1800	1847
926	4494
4494	926
1389	2424
2424	1389
4325	1258
1258	4325
3599	3279
3279	3599
2440	1120
1120	2440
2440	3275
3275	2440
1389	1875
1875	1389
817	4672
4672	817
5186	5265
5265	5186
5323	2484
2484	5323
4481	2834
2834	4481
347	3883
3883	347
2556	2582
2582	2556
926	5333
5333	926
1800	3616
3616	1800
492	4500
4500	492
347	500
500	347
2481	4401
4401	2481
3356	1234
1234	3356
817	5007
5007	817
2206	746
746	2206
2834	4240
4240	2834
3442	1935
1935	3442
4304	2798
2798	4304
2689	2619
2619	2689
347	892
892	347
3275	3061
3061	3275
347	4276
4276	347
3874	2447
2447	3874
2719	3271
3271	2719
4533	3346
3346	4533
3835	3693
3693	3835
4609	1120
1120	4609
859	255
255	859
1386	2937
2937	1386
3447	1257
1257	3447
2037	3279
3279	2037
1783	5115
5115	1783
347	1257
1257	347
1009	3356
3356	1009
892	888
888	892
888	1642
1642	888
2738	2035
2035	2738
358	941
941	358
1935	4077
4077	1935
78	1764
1764	78
4494	2467
2467	4494
518	2857
2857	518
4350	2004
2004	4350
352	1386
1386	352
5356	1576
1576	5356
1251	4795
4795	1251
817	746
746	817
4645	4255
4255	4645
2424	3854
3854	2424
1847	1384
1384	1847
741	5235
5235	741
1824	5265
5265	1824
2424	2045
2045	2424
1389	3630
3630	1389
911	4565
4565	911
347	4494
4494	347
208	3303
3303	208
4795	1939
1939	4795
3346	4246
4246	3346
2004	1910
1910	2004
3883	2206
2206	3883
4838	1855
1855	4838
1847	2536
2536	1847
2719	651
651	2719
2508	1939
1939	2508
1764	1898
1898	1764
1511	1605
1605	1511
4701	4246
4246	4701
3844	2536
2536	3844
4742	1898
1898	4742
78	3275
3275	78
3346	5265
5265	3346
2972	892
892	2972
2447	3883
3883	2447
2504	4281
4281	2504
5235	78
78	5235
1533	2582
2582	1533
2857	3447
3447	2857
2037	1482
1482	2037
2972	4077
4077	2972
1009	2384
2384	1009
2719	746
746	2719
440	1900
1900	440
4320	5190
5190	4320
3077	2508
2508	3077
3883	2582
2582	3883
1898	2078
2078	1898
113	789
789	113
5097	3543
3543	5097
518	3814
3814	518
2857	746
746	2857
2945	3863
3863	2945
892	1898
1898	892
911	2619
2619	911
2481	2139
2139	2481
3888	5007
5007	3888
4533	4425
4425	4533
3356	3814
3814	3356
537	3105
3105	537
1511	2467
2467	1511
4281	3441
3441	4281
4168	3303
3303	4168
2689	926
926	2689
2689	2572
2572	2689
2440	1314
1314	2440
5340	1258
1258	5340
2738	3275
3275	2738
2508	926
926	2508
3184	2937
2937	3184
3827	4304
4304	3827
1824	2582
2582	1824
2371	1898
1898	2371
2447	4795
4795	2447
2504	2447
2447	2504
5007	3077
3077	5007
1764	3863
3863	1764
2484	1900
1900	2484
2371	4164
4164	2371
1938	1935
1935	1938
4320	5097
5097	4320
5356	892
892	5356
3864	4627
4627	3864
3184	1875
1875	3184
347	5323
5323	347
1002	2447
2447	1002
3854	2206
2206	3854
2536	1953
1953	2536
1837	5190
5190	1837
2945	2045
2045	2945
3844	4887
4887	3844
1234	5235
5235	1234
1764	926
926	1764
2698	4119
4119	2698
4425	4887
4887	4425
1009	194
194	1009
2783	4565
4565	2783
892	2937
2937	892
2206	1576
1576	2206
1257	4225
4225	1257
2719	2484
2484	2719
746	91
91	746
3853	4350
4350	3853
1953	859
859	1953
3756	5190
5190	3756
2484	1682
1682	2484
91	892
892	91
537	4469
4469	537
5190	1314
1314	5190
3447	941
941	3447
4701	1824
1824	4701
5190	926
926	5190
545	4246
4246	545
2503	3486
3486	2503
2283	726
726	2283
545	3829
3829	545
726	1855
1855	726
1384	1898
1898	1384
2540	2481
2481	2540
2467	4458
4458	2467
2206	2316
2316	2206
746	5356
5356	746
1764	2424
2424	1764
2447	2078
2078	2447
3814	746
746	3814
3234	2724
2724	3234
5191	2738
2738	5191
3486	4672
4672	3486
1837	2536
2536	1837
2698	1267
1267	2698
4304	4481
4481	4304
2724	4320
4320	2724
1855	1258
1258	1855
2798	4240
4240	2798
3179	1576
1576	3179
3993	1898
1898	3993
5097	746
746	5097
5235	2371
2371	5235
2004	1800
1800	2004
2719	2440
2440	2719
2316	2283
2283	2316
1389	4568
4568	1389
4701	1898
1898	4701
1786	4281
4281	1786
2689	514
514	2689
518	2484
2484	518
669	2977
2977	669
2798	973
973	2798
1386	4350
4350	1386
347	1962
1962	347
3423	1935
1935	3423
3883	3316
3316	3883
113	3061
3061	113
817	910
910	817
5007	3599
3599	5007
5186	2972
2972	5186
2206	4672
4672	2206
5356	1170
1170	5356
514	2113
2113	514
2206	973
973	2206
2045	3863
3863	2045
3346	347
347	3346
2572	1910
1910	2572
1879	1948
1948	1879
2481	194
194	2481
3814	2283
2283	3814
2424	545
545	2424
1800	1855
1855	1800
514	941
941	514
726	941
941	726
347	2719
2719	347
5208	194
194	5208
3275	352
352	3275
4481	1511
1511	4481
2508	2045
2045	2508
926	911
911	926
1389	1764
1764	1389
973	4119
4119	973
1837	5007
5007	1837
2977	5029
5029	2977
4701	2283
2283	4701
3486	2206
2206	3486
2388	1783
1783	2388
4533	1898
1898	4533
1824	2972
2972	1824
514	4350
4350	514
2054	4568
4568	2054
2206	4565
4565	2206
4275	2004
2004	4275
4401	3423
3423	4401
4077	1962
1962	4077
2689	1935
1935	2689
3874	4425
4425	3874
5166	3234
3234	5166
5061	926
926	5061
347	4240
4240	347
1879	1584
1584	1879
982	2283
2283	982
78	817
817	78
2045	3854
3854	2045
3863	3874
3874	3863
2857	4795
4795	2857
3229	4425
4425	3229
817	1824
1824	817
2783	1935
1935	2783
3356	4276
4276	3356
3829	3883
3883	3829
1078	3461
3461	1078
2467	2857
2857	2467
4627	3777
3777	4627
669	500
500	669
2738	1962
1962	2738
1389	155
155	1389
1389	4276
4276	1389
3630	1415
1415	3630
1384	5333
5333	1384
2508	4276
4276	2508
4928	911
911	4928
203	872
872	203
5190	5333
5333	5190
4442	3077
3077	4442
1482	2783
2783	1482
3234	3441
3441	3234
2719	3105
3105	2719
518	4565
4565	518
4928	3077
3077	4928
545	5235
5235	545
1855	3583
3583	1855
4240	4281
4281	4240
789	3275
3275	789
3863	4838
4838	3863
5190	4276
4276	5190
5235	4795
4795	5235
4186	5061
5061	4186
4481	1948
1948	4481
2689	1093
1093	2689
5064	4168
4168	5064
1955	2783
2783	1955
1847	500
500	1847
1389	2619
2619	1389
4565	208
208	4565
2536	2213
2213	2536
4795	500
500	4795
888	5064
5064	888
2139	3761
3761	2139
4304	1898
1898	4304
91	3979
3979	91
4542	113
113	4542
4255	5061
5061	4255
2004	4742
4742	2004
859	3463
3463	859
4494	4932
4932	4494
741	78
78	741
2078	1879
1879	2078
1415	1898
1898	1415
3303	892
892	3303
2045	5356
5356	2045
2113	5235
5235	2113
4320	2447
2447	4320
3184	2045
2045	3184
255	3853
3853	255
1875	4609
4609	1875
2689	3599
3599	2689
2719	2037
2037	2719
3583	3761
3761	3583
3844	3630
3630	3844
2054	5352
5352	2054
1314	789
789	1314
1460	1258
1258	1460
2724	1533
1533	2724
352	2440
2440	352
3179	2508
2508	3179
1386	1800
1800	1386
1837	2113
2113	1837
789	2113
2113	789
3346	817
817	3346
4255	1009
1009	4255
4425	4255
4255	4425
880	4904
4904	880
1948	1955
1955	1948
789	3447
3447	789
1386	2283
2283	1386
2798	1955
1955	2798
3888	2213
2213	3888
91	2798
2798	91
1847	746
746	1847
872	5166
5166	872
2508	5166
5166	2508
4795	3854
3854	4795
1228	3993
3993	1228
78	4246
4246	78
2371	4304
4304	2371
1415	4186
4186	1415
1962	1415
1415	1962
3874	941
941	3874
3777	2946
2946	3777
2371	2283
2283	2371
2945	888
888	2945
3416	2113
2113	3416
537	746
746	537
2556	1251
1251	2556
2045	4645
4645	2045
2719	5265
5265	2719
5061	5190
5190	5061
2972	4119
4119	2972
2424	1939
1939	2424
4795	4350
4350	4795
5061	1879
1879	5061
1900	3105
3105	1900
4742	4533
4533	4742
2719	4281
4281	2719
2719	741
741	2719
2481	2316
2316	2481
4568	4401
4401	4568
514	1955
1955	514
1386	2582
2582	1386
4225	4458
4458	4225
2857	4246
4246	2857
4481	872
872	4481
3844	1267
1267	3844
3077	1953
1953	3077
208	1093
1093	208
347	5265
5265	347
789	1816
1816	789
1682	2371
2371	1682
4481	2037
2037	4481
2857	2283
2283	2857
5186	2283
2283	5186
440	4325
4325	440
545	4304
4304	545
2945	4565
4565	2945
1800	973
973	1800
1576	2045
2045	1576
2503	3356
3356	2503
3442	1786
1786	3442
2783	1898
1898	2783
4281	2972
2972	4281
3077	2037
2037	3077
2719	1074
1074	2719
3077	4672
4672	3077
2388	2783
2783	2388
3486	2783
2783	3486
1837	1816
1816	1837
3883	746
746	3883
352	4627
4627	352
4320	514
514	4320
4149	1847
1847	4149
4533	1953
1953	4533
1948	2045
2045	1948
4320	1898
1898	4320
4077	2698
2698	4077
4320	3077
3077	4320
5186	4304
4304	5186
1251	1314
1314	1251
2719	3888
3888	2719
3756	669
669	3756
4645	5186
5186	4645
91	2113
2113	91
2078	2504
2504	2078
1258	91
91	1258
537	1642
1642	537
2783	5007
5007	2783
1533	2738
2738	1533
545	2037
2037	545
514	5166
5166	514
1955	2251
2251	1955
1764	5190
5190	1764
194	1267
1267	194
3077	1962
1962	3077
5208	746
746	5208
2447	4225
4225	2447
1170	804
804	1170
4500	4164
4164	4500
4246	3756
3756	4246
2834	4425
4425	2834
2447	1837
1837	2447
3179	926
926	3179
2783	1800
1800	2783
762	831
831	762
3599	1900
1900	3599
5186	3583
3583	5186
3463	1533
1533	3463
2447	3854
3854	2447
2054	545
545	2054
754	4645
4645	754
1935	2316
2316	1935
741	2508
2508	741
2738	1389
1389	2738
3229	4276
4276	3229
3835	2251
2251	3835
2783	2536
2536	2783
1389	3423
3423	1389
78	910
910	78
804	4276
4276	804
1267	113
113	1267
4627	2937
2937	4627
2719	2619
2619	2719
910	482
482	910
1898	1002
1002	1898
2440	2783
2783	2440
3346	4634
4634	3346
2719	3583
3583	2719
4542	1955
1955	4542
4533	746
746	4533
2689	1875
1875	2689
3447	982
982	3447
3442	4149
4149	3442
2484	1898
1898	2484
2054	973
973	2054
5097	2536
2536	5097
1258	3061
3061	1258
3756	926
926	3756
3616	4255
4255	3616
2719	2738
2738	2719
1855	91
91	1855
4469	2582
2582	4469
3346	514
514	3346
347	3105
3105	347
1837	3854
3854	1837
2484	5265
5265	2484
2054	5333
5333	2054
2206	2113
2113	2206
2556	2467
2467	2556
3756	2037
2037	3756
4887	3888
3888	4887
3303	4494
4494	3303
2945	2213
2213	2945
78	2619
2619	78
4904	1939
1939	4904
1074	4481
4481	1074
4795	2937
2937	4795
4149	3864
3864	4149
2783	3275
3275	2783
1482	4186
4186	1482
2977	4533
4533	2977
5029	804
804	5029
4742	2113
2113	4742
3883	3543
3543	3883
2384	1314
1314	2384
3829	3599
3599	3829
4742	4350
4350	4742
3844	1576
1576	3844
2783	2834
2834	2783
2467	3234
3234	2467
4795	941
941	4795
5034	5333
5333	5034
3442	482
482	3442
2503	4168
4168	2503
3599	5340
5340	3599
669	2798
2798	669
5191	5115
5115	5191
500	5340
5340	500
255	2004
2004	255
78	5265
5265	78
5061	5323
5323	5061
2689	804
804	2689
255	4742
4742	255
4568	2945
2945	4568
347	3486
3486	347
2724	5333
5333	2724
2504	4672
4672	2504
208	1935
1935	208
2251	1251
1251	2251
4858	2972
2972	4858
1314	5064
5064	1314
859	3864
3864	859
1170	2689
2689	1170
2798	3279
3279	2798
1847	859
859	1847
3447	1576
1576	3447
817	4533
4533	817
2384	746
746	2384
4161	149
149	4161
1009	1093
1093	1009
3077	2945
2945	3077
1460	4533
4533	1460
2054	3275
3275	2054
5265	3693
3693	5265
518	2440
2440	518
3234	1170
1170	3234
3447	3993
3993	3447
2798	5061
5061	2798
1234	1251
1251	1234
2572	2467
2467	2572
1682	3583
3583	1682
1389	941
941	1389
1800	4246
4246	1800
2724	5356
5356	2724
4795	1824
1824	4795
3827	5007
5007	3827
804	4565
4565	804
514	4276
4276	514
4225	2467
2467	4225
817	4425
4425	817
4225	941
941	4225
1847	3486
3486	1847
5340	2388
2388	5340
3844	4168
4168	3844
2424	194
194	2424
1386	2719
2719	1386
3693	3271
3271	3693
726	2857
2857	726
1855	5352
5352	1855
3881	746
746	3881
2536	3854
3854	2536
5007	880
880	5007
4795	880
880	4795
347	1939
1939	347
4481	926
926	4481
1389	5235
5235	1389
500	2139
2139	500
1938	3423
3423	1938
4742	5265
5265	4742
2582	4542
4542	2582
926	2698
2698	926
2035	203
203	2035
1783	3441
3441	1783
4858	2371
2371	4858
3441	1511
1511	3441
3844	3275
3275	3844
3346	2484
2484	3346
4481	2945
2945	4481
1855	1939
1939	1855
651	537
537	651
5061	2719
2719	5061
2724	4565
4565	2724
4742	3234
3234	4742
2206	2582
2582	2206
2619	970
970	2619
804	5097
5097	804
4275	492
492	4275
4701	347
347	4701
1389	2536
2536	1389
4077	3599
3599	4077
2424	817
817	2424
4320	2440
2440	4320
514	3279
3279	514
352	2213
2213	352
3854	1251
1251	3854
4701	2251
2251	4701
1389	888
888	1389
4077	1228
1228	4077
3853	956
956	3853
2689	4320
4320	2689
3854	1953
1953	3854
5186	1900
1900	5186
1764	3599
3599	1764
5007	892
892	5007
762	4469
4469	762
789	2283
2283	789
892	1953
1953	892
4469	78
78	4469
3077	1824
1824	3077
941	5115
5115	941
113	1900
1900	113
3346	2283
2283	3346
2045	2481
2481	2045
2504	2582
2582	2504
4932	4858
4858	4932
545	4276
4276	545
804	1855
1855	804
1875	4186
4186	1875
4275	2037
2037	4275
2054	2738
2738	2054
4500	672
672	4500
888	3583
3583	888
5186	3275
3275	5186
4481	1837
1837	4481
4481	1786
1786	4481
4742	910
910	4742
4565	1009
1009	4565
5208	741
741	5208
3441	4168
4168	3441
2424	859
859	2424
3844	4350
4350	3844
3777	5166
5166	3777
4494	2619
2619	4494
789	4795
4795	789
1847	1311
1311	1847
155	1898
1898	155
970	5352
5352	970
2467	1900
1900	2467
2283	204
204	2283
1837	4240
4240	1837
4281	5186
5186	4281
1511	982
982	1511
3543	888
888	3543
1879	5356
5356	1879
1386	3275
3275	1386
3864	1939
1939	3864
1847	762
762	1847
1764	2447
2447	1764
2447	4255
4255	2447
2977	1855
1855	2977
5034	4742
4742	5034
2609	3829
3829	2609
4425	1935
1935	4425
2467	4469
4469	2467
5340	5186
5186	5340
4320	926
926	4320
2447	817
817	2447
2724	5235
5235	2724
2719	2045
2045	2719
3854	3279
3279	3854
3888	982
982	3888
2945	926
926	2945
1584	2371
2371	1584
4168	1953
1953	4168
2945	2037
2037	2945
1511	4255
4255	1511
2719	3229
3229	2719
2504	3844
3844	2504
2719	789
789	2719
2054	1576
1576	2054
741	4425
4425	741
4609	3442
3442	4609
4494	5166
5166	4494
5208	4565
4565	5208
2719	3827
3827	2719
1228	2798
2798	1228
970	941
941	970
2139	4275
4275	2139
1389	2937
2937	1389
2619	2440
2440	2619
2724	2536
2536	2724
5166	1786
1786	5166
3874	1898
1898	3874
4742	1824
1824	4742
941	5064
5064	941
5191	4350
4350	5191
911	4795
4795	911
3777	1533
1533	3777
155	754
754	155
3863	1682
1682	3863
804	892
892	804
347	3583
3583	347
2371	4248
4248	2371
1837	4350
4350	1837
5034	4248
4248	5034
518	3835
3835	518
892	3854
3854	892
3616	347
347	3616
2945	2572
2572	2945
352	4077
4077	352
1875	1605
1605	1875
3461	5064
5064	3461
3441	4928
4928	3441
5333	1939
1939	5333
78	4533
4533	78
982	3423
3423	982
2371	3864
3864	2371
3844	5208
5208	3844
2719	3616
3616	2719
1234	197
197	1234
804	3979
3979	804
1939	5208
5208	1939
2206	892
892	2206
4161	2724
2724	4161
2054	741
741	2054
2035	3356
3356	2035
2054	4281
4281	2054
155	2540
2540	155
5034	3853
3853	5034
4701	1837
1837	4701
1384	1415
1415	1384
3864	5190
5190	3864
4645	2004
2004	4645
4325	3777
3777	4325
3853	2384
2384	3853
2045	1953
1953	2045
3077	518
518	3077
1258	5356
5356	1258
2508	4795
4795	2508
4887	3229
3229	4887
2857	941
941	2857
5356	817
817	5356
2054	1935
1935	2054
2783	4248
4248	2783
2508	3275
3275	2508
2556	1642
1642	2556
2719	2316
2316	2719
440	4246
4246	440
3486	910
910	3486
1855	3316
3316	1855
804	741
741	804
2206	5007
5007	2206
2556	3599
3599	2556
500	2004
2004	500
2447	1311
1311	2447
2689	2424
2424	2689
1389	3863
3863	1389
2045	4255
4255	2045
440	804
804	440
1257	3486
3486	1257
5061	5265
5265	5061
5097	5265
5265	5097
2609	4565
4565	2609
4186	4701
4701	4186
3543	4041
4041	3543
1847	1460
1460	1847
3463	1170
1170	3463
672	4119
4119	672
2946	5097
5097	2946
1415	5323
5323	1415
2424	789
789	2424
2447	2582
2582	2447
3105	4276
4276	3105
3827	789
789	3827
2467	754
754	2467
78	2582
2582	78
2388	1962
1962	2388
3486	1837
1837	3486
1783	358
358	1783
208	982
982	208
352	3853
3853	352
1257	3761
3761	1257
789	5166
5166	789
78	888
888	78
2783	1074
1074	2783
78	3441
3441	78
5034	5166
5166	5034
1511	1257
1257	1511
754	4246
4246	754
2388	2045
2045	2388
2719	78
78	2719
2251	4469
4469	2251
1879	4458
4458	1879
1002	973
973	1002
1962	880
880	1962
2945	2283
2283	2945
2783	4350
4350	2783
2133	5323
5323	2133
2945	2536
2536	2945
1900	3616
3616	1900
3179	746
746	3179
3844	746
746	3844
1078	5097
5097	1078
1824	2283
2283	1824
3844	2206
2206	3844
4795	2536
2536	4795
2719	1898
1898	2719
2556	1584
1584	2556
3441	1093
1093	3441
5333	4149
4149	5333
1093	2139
2139	1093
4149	4304
4304	4149
1386	2619
2619	1386
4645	1257
1257	4645
3447	4533
4533	3447
1415	941
941	1415
2536	2972
2972	2536
5190	1576
1576	5190
2503	2946
2946	2503
1837	4533
4533	1837
4320	1824
1824	4320
5061	4565
4565	5061
4320	3777
3777	4320
1764	3814
3814	1764
1948	4645
4645	1948
2440	1837
1837	2440
2972	1258
1258	2972
2556	1511
1511	2556
2508	4469
4469	2508
2582	817
817	2582
2556	5265
5265	2556
4701	5323
5323	4701
4320	2937
2937	4320
1234	492
492	1234
817	3616
3616	817
3442	1824
1824	3442
2113	5166
5166	2113
3630	5265
5265	3630
2508	2834
2834	2508
3777	1314
1314	3777
3077	1938
1938	3077
4701	2572
2572	4701
4701	500
500	4701
4500	4281
4281	4500
3447	4240
4240	3447
2424	3599
3599	2424
2689	2484
2484	2689
1837	1898
1898	1837
941	1764
1764	941
1855	1816
1816	1855
5007	3271
3271	5007
4742	3077
3077	4742
3463	4645
4645	3463
3543	1384
1384	3543
3827	4225
4225	3827
2536	3979
3979	2536
804	5323
5323	804
4225	1948
1948	4225
4281	3829
3829	4281
2139	1251
1251	2139
3883	1605
1605	3883
3827	5352
5352	3827
1093	4240
4240	1093
5190	5323
5323	5190
2945	2977
2977	2945
208	2798
2798	208
3844	2945
2945	3844
2213	4077
4077	2213
5061	1384
1384	5061
4276	5340
5340	4276
3827	3275
3275	3827
1953	3583
3583	1953
2798	5340
5340	2798
514	5265
5265	514
4281	3077
3077	4281
2977	911
911	2977
1855	5166
5166	1855
4701	892
892	4701
545	1855
1855	545
2857	2384
2384	2857
2133	3463
3463	2133
3761	2798
2798	3761
3271	3105
3105	3271
3756	892
892	3756
2977	4672
4672	2977
5061	1955
1955	5061
3275	4304
4304	3275
2857	5097
5097	2857
1511	5265
5265	1511
2424	4276
4276	2424
2139	4469
4469	2139
1938	4542
4542	1938
1605	4634
4634	1605
1267	1258
1258	1267
5190	1955
1955	5190
358	4565
4565	358
4928	1251
1251	4928
2508	4565
4565	2508
2508	892
892	2508
4795	3275
3275	4795
1460	5166
5166	1460
817	5166
5166	817
2424	1837
1837	2424
347	1837
1837	347
804	1837
1837	804
1384	4119
4119	1384
4533	2206
2206	4533
4276	1955
1955	4276
2113	3693
3693	2113
2540	1228
1228	2540
3864	982
982	3864
492	2582
2582	492
2371	5097
5097	2371
4795	1910
1910	4795
78	4276
4276	78
3463	2798
2798	3463
2834	3888
3888	2834
2467	5340
5340	2467
5115	3441
3441	5115
2719	4350
4350	2719
1900	4186
4186	1900
754	4248
4248	754
4442	1955
1955	4442
3854	2937
2937	3854
1875	5323
5323	1875
4609	888
888	4609
880	1939
1939	880
4932	3883
3883	4932
3756	5235
5235	3756
3077	2035
2035	3077
3077	4276
4276	3077
3888	1847
1847	3888
1764	1800
1800	1764
500	2316
2316	500
1002	2945
2945	1002
1415	4568
4568	1415
2572	2556
2556	2572
2798	2481
2481	2798
208	3881
3881	208
2738	1764
1764	2738
1682	4077
4077	1682
4164	2609
2609	4164
4320	91
91	4320
197	4533
4533	197
1314	1576
1576	1314
1415	872
872	1415
4568	3442
3442	4568
3463	2582
2582	3463
204	514
514	204
492	3599
3599	492
3316	492
492	3316
4442	2371
2371	4442
973	2424
2424	973
741	3486
3486	741
3599	3061
3061	3599
1314	4672
4672	1314
3441	5235
5235	3441
3346	3441
3441	3346
4533	5265
5265	4533
5190	4672
4672	5190
1837	4281
4281	1837
1783	982
982	1783
5007	4168
4168	5007
4928	4645
4645	4928
1251	2619
2619	1251
4320	2035
2035	4320
1584	1078
1078	1584
1511	5235
5235	1511
5097	926
926	5097
78	3854
3854	78
5333	1533
1533	5333
4320	4248
4248	4320
892	1824
1824	892
2689	1386
1386	2689
4672	3442
3442	4672
2738	2508
2508	2738
2689	746
746	2689
3827	1002
1002	3827
5064	3463
3463	5064
3854	1898
1898	3854
1384	2556
2556	1384
4481	3827
3827	4481
1875	2937
2937	1875
4742	3275
3275	4742
1384	5265
5265	1384
2945	5190
5190	2945
1389	3543
3543	1389
514	1120
1120	514
651	545
545	651
537	1816
1816	537
2783	4634
4634	2783
3993	4645
4645	3993
2834	831
831	2834
2054	956
956	2054
804	5190
5190	804
1824	1078
1078	1824
3271	4255
4255	3271
5166	3179
3179	5166
3844	1879
1879	3844
1415	746
746	1415
5352	2724
2724	5352
4164	4481
4481	4164
3077	941
941	3077
3486	3814
3814	3486
5356	5064
5064	5356
3486	2037
2037	3486
1764	2536
2536	1764
518	5235
5235	518
2556	1898
1898	2556
2536	1257
1257	2536
3441	1074
1074	3441
804	2206
2206	804
4168	1783
1783	4168
3853	1875
1875	3853
911	3179
3179	911
1584	1682
1682	1584
1855	1074
1074	1855
1460	5064
5064	1460
1093	2572
2572	1093
726	926
926	726
4838	1093
1093	4838
2556	1093
1093	2556
1847	2783
2783	1847
817	3275
3275	817
4119	911
911	4119
3416	2536
2536	3416
1837	5115
5115	1837
1837	4276
4276	1837
2054	817
817	2054
5029	1910
1910	5029
2572	352
352	2572
2447	1953
1953	2447
3077	2619
2619	3077
482	2572
2572	482
2371	1511
1511	2371
2540	1962
1962	2540
2035	5333
5333	2035
892	4276
4276	892
537	3814
3814	537
2508	1251
1251	2508
78	4255
4255	78
4481	4276
4276	4481
4350	3777
3777	4350
4320	970
970	4320
4838	3442
3442	4838
1800	1258
1258	1800
545	5007
5007	545
5029	3756
3756	5029
4701	78
78	4701
2972	3864
3864	2972
1460	831
831	1460
3814	1009
1009	3814
2556	2540
2540	2556
4494	2035
2035	4494
347	2035
2035	347
4304	2283
2283	4304
2508	2484
2484	2508
5034	4320
4320	5034
741	4645
4645	741
3693	1415
1415	3693
2556	492
492	2556
1389	2719
2719	1389
2078	3854
3854	2078
817	4928
4928	817
4225	2384
2384	4225
197	2937
2937	197
892	746
746	892
5323	5356
5356	5323
440	2371
2371	440
1258	3416
3416	1258
5061	2582
2582	5061
347	1074
1074	347
1386	4320
4320	1386
762	3423
3423	762
5097	514
514	5097
1389	347
347	1389
537	4634
4634	537
545	2946
2946	545
3888	1875
1875	3888
4701	2556
2556	4701
3441	4494
4494	3441
4795	1605
1605	4795
1962	1228
1228	1962
3761	4168
4168	3761
3144	5064
5064	3144
492	3883
3883	492
2556	1910
1910	2556
1824	3814
3814	1824
1962	3303
3303	1962
4320	2037
2037	4320
5186	2937
2937	5186
4928	3486
3486	4928
3844	2619
2619	3844
2572	514
514	2572
2719	2113
2113	2719
1875	4275
4275	1875
741	4225
4225	741
500	2619
2619	500
4742	3844
3844	4742
4481	2133
2133	4481
545	926
926	545
3303	3888
3888	3303
4425	1855
1855	4425
4568	1642
1642	4568
1955	518
518	1955
2783	1576
1576	2783
3853	3881
3881	3853
1682	4858
4858	1682
4246	872
872	4246
5191	352
352	5191
5097	3827
3827	5097
3756	2536
2536	3756
726	2582
2582	726
3854	2035
2035	3854
1009	1824
1824	1009
2540	1642
1642	2540
194	3993
3993	194
4701	3275
3275	4701
347	1605
1605	347
2719	1764
1764	2719
2798	197
197	2798
1389	4481
4481	1389
3229	1386
1386	3229
4320	3844
3844	4320
1962	5166
5166	1962
347	2619
2619	347
651	78
78	651
1389	2556
2556	1389
789	3814
3814	789
1576	500
500	1576
3599	941
941	3599
2689	817
817	2689
1576	831
831	1576
4742	5190
5190	4742
500	5166
5166	500
4458	911
911	4458
859	4627
4627	859
347	2037
2037	347
1389	5166
5166	1389
2371	2440
2440	2371
3486	1939
1939	3486
4568	1837
1837	4568
892	5186
5186	892
4041	3271
3271	4041
4795	1764
1764	4795
4168	1605
1605	4168
2536	4304
4304	2536
2698	2972
2972	2698
789	1576
1576	789
956	2834
2834	956
2798	4149
4149	2798
1824	1311
1311	1824
5029	746
746	5029
3356	5340
5340	3356
5029	892
892	5029
2424	880
880	2424
2945	1576
1576	2945
91	3179
3179	91
5034	5064
5064	5034
1078	1257
1257	1078
1837	1251
1251	1837
4932	2977
2977	4932
2206	5166
5166	2206
804	1389
1389	804
2834	651
651	2834
4481	2556
2556	4481
3077	1120
1120	3077
4742	4672
4672	4742
2945	4542
4542	2945
500	2572
2572	500
1389	2945
2945	1389
804	982
982	804
741	1764
1764	741
203	5166
5166	203
197	4240
4240	197
4795	831
831	4795
817	4246
4246	817
2719	1855
1855	2719
2540	2609
2609	2540
1511	2937
2937	1511
2689	4255
4255	2689
4701	5061
5061	4701
5029	3144
3144	5029
5208	1875
1875	5208
1786	4568
4568	1786
2798	3874
3874	2798
4609	492
492	4609
2504	872
872	2504
5029	2424
2424	5029
1955	2206
2206	1955
831	5007
5007	831
4701	2945
2945	4701
3881	4481
4481	3881
514	2037
2037	514
208	1251
1251	208
3888	3777
3777	3888
1900	4442
4442	1900
3761	2738
2738	3761
4609	1093
1093	4609
4568	1267
1267	4568
3423	4248
4248	3423
2698	2316
2316	2698
1962	746
746	1962
1855	880
880	1855
4350	2508
2508	4350
1879	672
672	1879
3854	2467
2467	3854
970	4161
4161	970
208	2467
2467	208
1093	1764
1764	1093
500	746
746	500
2572	4932
4932	2572
3883	4533
4533	3883
2440	941
941	2440
4401	4276
4276	4401
2508	3061
3061	2508
2440	2798
2798	2440
2945	1939
1939	2945
2371	3275
3275	2371
1955	3835
3835	1955
1386	4276
4276	1386
1093	5190
5190	1093
5061	4246
4246	5061
2977	3853
3853	2977
4533	1074
1074	4533
2945	2440
2440	2945
208	2834
2834	208
4168	4255
4255	4168
3442	3229
3229	3442
3447	926
926	3447
1074	2540
2540	1074
741	941
941	741
2504	1837
1837	2504
1389	5208
5208	1389
5235	1002
1002	5235
804	4701
4701	804
2371	3583
3583	2371
5235	5340
5340	5235
2857	3275
3275	2857
3761	1955
1955	3761
2283	3543
3543	2283
1875	4246
4246	1875
2719	2035
2035	2719
2133	672
672	2133
2206	910
910	2206
2388	2619
2619	2388
5115	3761
3761	5115
4161	746
746	4161
1386	4494
4494	1386
3854	1074
1074	3854
804	347
347	804
2857	910
910	2857
1078	3829
3829	1078
1962	2945
2945	1962
3229	4494
4494	3229
4568	1234
1234	4568
4672	3835
3835	4672
514	3543
3543	514
2316	1251
1251	2316
4481	1900
1900	4481
1786	2467
2467	1786
1267	5007
5007	1267
4932	2467
2467	4932
804	492
492	804
4701	1460
1460	4701
3761	537
537	3761
3441	2572
2572	3441
1389	194
194	1389
2504	2508
2508	2504
2945	1078
1078	2945
4481	3888
3888	4481
3864	5191
5191	3864
789	1078
1078	789
3346	4742
4742	3346
1875	440
440	1875
2424	2508
2508	2424
1386	4481
4481	1386
2945	5265
5265	2945
2719	3835
3835	2719
1824	4565
4565	1824
2133	2213
2213	2133
1389	1053
1053	1389
3416	2139
2139	3416
1311	817
817	1311
2388	1837
1837	2388
2719	1576
1576	2719
3814	941
941	3814
2857	1935
1935	2857
155	1053
1053	155
3486	2536
2536	3486
3077	4240
4240	3077
4425	1120
1120	4425
762	1002
1002	762
2371	2719
2719	2371
2582	1837
1837	2582
3854	4500
4500	3854
1786	4255
4255	1786
2508	746
746	2508
2251	4858
4858	2251
1460	4458
4458	1460
1786	1170
1170	1786
4533	4281
4281	4533
2508	1311
1311	2508
4320	888
888	4320
2977	2078
2078	2977
518	4248
4248	518
358	746
746	358
741	2945
2945	741
741	3844
3844	741
872	4041
4041	872
3616	1002
1002	3616
4904	4565
4565	4904
4795	1576
1576	4795
4565	3874
3874	4565
3864	2946
2946	3864
2503	941
941	2503
1053	804
804	1053
1955	3423
3423	1955
3486	746
746	3486
347	4281
4281	347
537	4928
4928	537
91	941
941	91
2977	3599
3599	2977
78	3271
3271	78
358	1948
1948	358
1879	5340
5340	1879
2536	4276
4276	2536
4246	2572
2572	4246
514	545
545	514
1855	3979
3979	1855
5034	1093
1093	5034
2536	651
651	2536
910	941
941	910
2440	4425
4425	2440
3346	4795
4795	3346
2424	746
746	2424
3854	4255
4255	3854
789	3234
3234	789
2440	2582
2582	2440
3346	1460
1460	3346
4795	4565
4565	4795
3447	1935
1935	3447
4795	2619
2619	4795
4469	789
789	4469
3077	4609
4609	3077
3461	1170
1170	3461
1386	2467
2467	1386
5190	5007
5007	5190
3179	4425
4425	3179
1800	5323
5323	1800
2508	2937
2937	2508
3883	3864
3864	3883
347	5061
5061	347
2139	4795
4795	2139
3616	2937
2937	3616
3346	2508
2508	3346
1764	2972
2972	1764
5333	982
982	5333
3423	4500
4500	3423
3761	726
726	3761
4634	1228
1228	4634
5186	3863
3863	5186
4701	4442
4442	4701
3761	741
741	3761
2054	4248
4248	2054
1389	1800
1800	1389
2783	888
888	2783
347	2251
2251	347
5340	3583
3583	5340
3616	669
669	3616
545	5034
5034	545
2035	4500
4500	2035
804	817
817	804
4701	4742
4742	4701
1511	1898
1898	1511
3844	3979
3979	3844
880	926
926	880
347	2447
2447	347
741	762
762	741
2698	1415
1415	2698
2035	4041
4041	2035
817	2619
2619	817
3346	1605
1605	3346
2484	3854
3854	2484
1783	203
203	1783
3416	817
817	3416
5190	4240
4240	5190
1786	4928
4928	1786
2133	4494
4494	2133
2371	1837
1837	2371
2689	91
91	2689
358	1533
1533	358
3874	3346
3346	3874
804	4248
4248	804
1948	91
91	1948
970	2388
2388	970
4701	888
888	4701
2139	1228
1228	2139
1764	892
892	1764
3756	1898
1898	3756
78	1939
1939	78
1605	2251
2251	1605
4701	817
817	4701
1900	4904
4904	1900
817	5265
5265	817
1389	3447
3447	1389
5061	2467
2467	5061
910	1955
1955	910
3447	1953
1953	3447
1847	1879
1879	1847
78	1314
1314	78
4225	78
78	4225
2945	4645
4645	2945
1783	1074
1074	1783
2045	4542
4542	2045
208	5235
5235	208
4609	3630
3630	4609
3346	4458
4458	3346
2424	1824
1824	2424
194	5265
5265	194
1816	492
492	1816
1384	3077
3077	1384
4119	3279
3279	4119
1824	3583
3583	1824
831	2582
2582	831
4320	4742
4742	4320
545	1935
1935	545
3888	5208
5208	3888
5061	5166
5166	5061
3442	1314
1314	3442
2508	2035
2035	2508
4425	4858
4858	4425
3630	2582
2582	3630
4565	203
203	4565
1855	3881
3881	1855
3184	1824
1824	3184
4701	4795
4795	4701
3854	2133
2133	3854
3543	2698
2698	3543
5190	2037
2037	5190
1847	2504
2504	1847
1251	537
537	1251
5186	3881
3881	5186
5235	1962
1962	5235
746	2045
2045	746
789	545
545	789
4246	3416
3416	4246
2484	4533
4533	2484
1415	4634
4634	1415
3416	4168
4168	3416
3447	1875
1875	3447
1837	3275
3275	1837
2689	2467
2467	2689
3077	4494
4494	3077
1847	4932
4932	1847
3447	3179
3179	3447
1074	2447
2447	1074
5208	1460
1460	5208
5064	1605
1605	5064
1948	197
197	1948
4320	4672
4672	4320
1120	746
746	1120
1824	3316
3316	1824
1855	2206
2206	1855
5034	1855
1855	5034
4858	3756
3756	4858
4161	1576
1576	4161
804	4320
4320	804
741	2035
2035	741
5061	1258
1258	5061
203	3442
3442	203
669	255
255	669
2484	5029
5029	2484
3442	3853
3853	3442
1384	888
888	1384
2078	5029
5029	2078
669	3447
3447	669
1389	1837
1837	1389
956	2037
2037	956
2719	3077
3077	2719
804	2945
2945	804
4186	492
492	4186
5061	1953
1953	5061
4701	4565
4565	4701
4481	4281
4281	4481
3303	1764
1764	3303
4276	4795
4795	4276
3835	3874
3874	3835
1962	5265
5265	1962
3105	5333
5333	3105
2945	1824
1824	2945
5352	4276
4276	5352
2424	2783
2783	2424
804	2783
2783	804
4533	926
926	4533
910	4281
4281	910
1120	4304
4304	1120
1234	347
347	1234
1311	4838
4838	1311
1910	2719
2719	1910
3881	5007
5007	3881
2054	3616
3616	2054
3077	1482
1482	3077
440	4255
4255	440
672	1953
1953	672
4246	3423
3423	4246
2388	5323
5323	2388
859	3979
3979	859
4500	2834
2834	4500
2783	3844
3844	2783
3854	5208
5208	3854
3835	5356
5356	3835
1764	817
817	1764
492	1935
1935	492
3346	1389
1389	3346
1170	4742
4742	1170
1234	4164
4164	1234
4275	5333
5333	4275
4904	3442
3442	4904
3423	5034
5034	3423
4701	2783
2783	4701
4325	4742
4742	4325
5061	1962
1962	5061
5190	941
941	5190
3864	5166
5166	3864
669	4904
4904	669
892	1257
1257	892
3854	2834
2834	3854
1482	1900
1900	1482
4225	2540
2540	4225
1258	831
831	1258
3583	762
762	3583
5034	4565
4565	5034
1389	973
973	1389
4627	2945
2945	4627
4742	2937
2937	4742
3416	3179
3179	3416
5034	1267
1267	5034
1948	1460
1460	1948
1824	941
941	1824
1386	4795
4795	1386
2945	1251
1251	2945
3543	1576
1576	3543
4401	5097
5097	4401
1511	4225
4225	1511
4225	973
973	4225
149	2972
2972	149
2388	3756
3756	2388
741	4481
4481	741
3316	4627
4627	3316
4838	3229
3229	4838
4458	4627
4627	4458
2783	941
941	2783
492	4838
4838	492
347	4672
4672	347
3279	3756
3756	3279
4304	3993
3993	4304
2139	2440
2440	2139
3583	5356
5356	3583
2440	1228
1228	2440
4533	4304
4304	4533
3144	2536
2536	3144
2213	3279
3279	2213
5064	4281
4281	5064
2689	941
941	2689
1900	4838
4838	1900
1415	4500
4500	1415
2045	4887
4887	2045
789	194
194	789
3346	537
537	3346
2467	113
113	2467
982	2738
2738	982
500	726
726	500
3077	789
789	3077
5064	4904
4904	5064
2384	2536
2536	2384
1460	5265
5265	1460
2503	5235
5235	2503
1389	1939
1939	1389
1786	1482
1482	1786
2798	4458
4458	2798
2508	2283
2283	2508
1120	2424
2424	1120
347	3144
3144	347
5356	4161
4161	5356
2037	5235
5235	2037
1170	4494
4494	1170
1311	4401
4401	1311
2857	2582
2582	2857
4161	3616
3616	4161
4742	2037
2037	4742
2719	1816
1816	2719
5061	3486
3486	5061
3077	2484
2484	3077
3271	2536
2536	3271
817	2213
2213	817
2054	5166
5166	2054
3441	2467
2467	3441
3463	1257
1257	3463
2719	4246
4246	2719
3863	3441
3441	3863
3599	1948
1948	3599
3583	3756
3756	3583
4542	3881
3881	4542
2798	1786
1786	2798
1955	880
880	1955
1837	746
746	1837
3441	4275
4275	3441
518	1228
1228	518
2937	2834
2834	2937
3356	1953
1953	3356
2556	4838
4838	2556
4500	1847
1847	4500
2536	2937
2937	2536
4838	1783
1783	4838
1824	4533
4533	1824
2371	926
926	2371
3423	859
859	3423
1935	3993
3993	1935
347	1002
1002	347
2719	5166
5166	2719
2504	1228
1228	2504
2388	2946
2946	2388
1910	4401
4401	1910
910	358
358	910
2371	2037
2037	2371
2582	880
880	2582
754	926
926	754
3486	4276
4276	3486
4225	982
982	4225
78	789
789	78
1855	3275
3275	1855
1837	3979
3979	1837
4701	3077
3077	4701
817	1093
1093	817
2054	3077
3077	2054
2388	2977
2977	2388
3874	358
358	3874
1824	982
982	1824
2834	2738
2738	2834
804	2283
2283	804
4469	1962
1962	4469
5166	4904
4904	5166
1584	1642
1642	1584
78	4350
4350	78
2689	1605
1605	2689
5034	2977
2977	5034
3777	3144
3144	3777
1384	5190
5190	1384
831	3583
3583	831
1837	926
926	1837
1824	4350
4350	1824
2388	4742
4742	2388
1460	2035
2035	1460
5356	4350
4350	5356
880	4401
4401	880
1847	1511
1511	1847
1074	1093
1093	1074
1824	5007
5007	1824
5190	1953
1953	5190
1800	2440
2440	1800
3854	2037
2037	3854
3486	4350
4350	3486
1855	1953
1953	1855
5007	5208
5208	5007
2508	3316
3316	2508
3447	1605
1605	3447
3883	4255
4255	3883
518	545
545	518
2945	537
537	2945
817	888
888	817
4533	3854
3854	4533
5034	4304
4304	5034
1584	2283
2283	1584
804	1875
1875	804
3883	2937
2937	3883
440	3616
3616	440
1847	1962
1962	1847
3854	2113
2113	3854
2556	5235
5235	2556
4838	2977
2977	4838
2054	746
746	2054
3461	2004
2004	3461
4168	2484
2484	4168
956	1900
1900	956
3077	2447
2447	3077
2503	4246
4246	2503
5029	4240
4240	5029
1786	4276
4276	1786
3844	194
194	3844
1824	3543
3543	1824
5034	2719
2719	5034
4742	1251
1251	4742
1386	2447
2447	1386
2371	3979
3979	2371
3543	4225
4225	3543
2424	4481
4481	2424
545	4255
4255	545
2798	3864
3864	2798
672	2508
2508	672
804	5034
5034	804
5061	941
941	5061
892	3543
3543	892
4119	2798
2798	4119
2724	2206
2206	2724
651	1258
1258	651
255	888
888	255
1584	3144
3144	1584
3077	973
973	3077
4494	4246
4246	4494
3854	5265
5265	3854
5061	78
78	5061
651	3777
3777	651
754	911
911	754
1386	726
726	1386
2536	1078
1078	2536
4742	726
726	4742
4168	2283
2283	4168
3777	3814
3814	3777
3756	4795
4795	3756
2945	3279
3279	2945
2206	3271
3271	2206
2371	4320
4320	2371
347	4932
4932	347
4672	3303
3303	4672
1002	2508
2508	1002
4442	2113
2113	4442
3883	1053
1053	3883
3184	4041
4041	3184
2977	888
888	2977
78	2536
2536	78
194	1120
1120	194
1389	4275
4275	1389
2689	347
347	2689
2213	4469
4469	2213
2206	4281
4281	2206
1837	545
545	1837
970	2582
2582	970
3105	4248
4248	3105
741	194
194	741
5166	672
672	5166
2388	3061
3061	2388
1584	4609
4609	1584
1384	1955
1955	1384
4838	746
746	4838
2536	746
746	2536
2045	4533
4533	2045
1576	1384
1384	1576
4494	5265
5265	4494
4887	78
78	4887
3814	3447
3447	3814
3829	2783
2783	3829
4742	2035
2035	4742
4320	3979
3979	4320
1120	4281
4281	1120
1824	3356
3356	1824
2536	2582
2582	2536
208	2609
2609	208
741	4932
4932	741
2857	4542
4542	2857
1415	970
970	1415
5097	1875
1875	5097
545	1311
1311	545
1682	3827
3827	1682
892	2045
2045	892
4795	2035
2035	4795
1816	4568
4568	1816
4481	4246
4246	4481
2582	2035
2035	2582
4494	1898
1898	4494
3423	4672
4672	3423
4701	1251
1251	4701
2719	754
754	2719
1875	4240
4240	1875
2316	2503
2503	2316
3835	2698
2698	3835
2738	746
746	2738
1837	1855
1855	1837
5061	2783
2783	5061
3486	4281
4281	3486
5061	1605
1605	5061
4161	3888
3888	4161
4320	4255
4255	4320
4742	5007
5007	4742
3844	1824
1824	3844
1605	3777
3777	1605
1939	831
831	1939
4742	1855
1855	4742
4320	5166
5166	4320
2371	2937
2937	2371
3447	1251
1251	3447
1234	3346
3346	1234
203	1482
1482	203
4701	2035
2035	4701
3486	1855
1855	3486
2045	514
514	2045
1251	1939
1939	1251
2484	2037
2037	2484
208	4248
4248	208
2139	3184
3184	2139
1962	2724
2724	1962
5352	3486
3486	5352
4350	3835
3835	4350
2508	2206
2206	2508
2424	2037
2037	2424
1533	1948
1948	1533
4565	1314
1314	4565
880	5064
5064	880
1875	1482
1482	1875
4164	78
78	4164
91	5190
5190	91
1460	514
514	1460
4795	5333
5333	4795
1584	3543
3543	1584
1816	872
872	1816
482	746
746	482
2424	5323
5323	2424
1786	3346
3346	1786
518	1800
1800	518
1257	4565
4565	1257
3316	4276
4276	3316
1855	4275
4275	1855
3630	5333
5333	3630
789	4186
4186	789
1533	1642
1642	1533
3835	926
926	3835
4742	754
754	4742
2536	3863
3863	2536
4248	4164
4164	4248
1898	3184
3184	1898
352	1002
1002	352
2447	3316
3316	2447
762	1879
1879	762
4795	3829
3829	4795
2440	1939
1939	2440
726	746
746	726
1389	2283
2283	1389
3303	2945
2945	3303
1786	1605
1605	1786
3303	4928
4928	3303
1533	4304
4304	1533
1078	669
669	1078
1389	78
78	1389
4533	2619
2619	4533
1938	4442
4442	1938
4932	155
155	4932
194	1816
1816	194
1386	892
892	1386
3883	651
651	3883
4255	892
892	4255
2783	3543
3543	2783
1879	4542
4542	1879
4119	4928
4928	4119
2977	5356
5356	2977
4887	1258
1258	4887
4858	3229
3229	4858
3854	4276
4276	3854
2945	746
746	2945
2078	1234
1234	2078
4542	204
204	4542
514	3599
3599	514
3844	4281
4281	3844
3486	3447
3447	3486
1386	208
208	1386
3416	5265
5265	3416
2045	2619
2619	2045
970	2609
2609	970
804	1935
1935	804
5265	2738
2738	5265
3441	1953
1953	3441
3883	2440
2440	3883
208	910
910	208
1257	2945
2945	1257
3993	3616
3616	3993
347	1576
1576	347
3835	5323
5323	3835
78	2035
2035	78
537	2609
2609	537
1837	2316
2316	1837
3844	3863
3863	3844
4742	78
78	4742
3883	4325
4325	3883
2937	3441
3441	2937
3234	4838
4838	3234
789	1824
1824	789
2689	1898
1898	2689
537	1258
1258	537
2447	4928
4928	2447
1511	1415
1415	1511
518	3827
3827	518
3854	1605
1605	3854
5191	1955
1955	5191
2724	3777
3777	2724
5029	545
545	5029
741	4246
4246	741
1460	3693
3693	1460
3447	2582
2582	3447
3543	1938
1938	3543
2798	5115
5115	2798
4565	4304
4304	4565
2719	2937
2937	2719
5352	831
831	5352
2484	4276
4276	2484
2857	5166
5166	2857
2738	1837
1837	2738
149	2508
2508	149
4609	4350
4350	4609
1800	537
537	1800
545	982
982	545
2139	3827
3827	2139
5034	78
78	5034
5190	347
347	5190
3874	4225
4225	3874
2724	2945
2945	2724
3864	500
500	3864
3461	817
817	3461
208	3061
3061	208
4533	941
941	4533
2719	5029
5029	2719
4795	970
970	4795
1786	4225
4225	1786
3061	500
500	3061
5186	2946
2946	5186
2508	2037
2037	2508
4795	1953
1953	4795
2977	3271
3271	2977
1389	545
545	1389
3844	4276
4276	3844
1053	5235
5235	1053
3979	4887
4887	3979
4481	2045
2045	4481
78	3888
3888	78
5029	3416
3416	5029
1386	1314
1314	1386
1389	2582
2582	1389
5340	492
492	5340
726	880
880	726
1879	1074
1074	1879
3077	3275
3275	3077
2689	1786
1786	2689
3863	1533
1533	3863
440	4275
4275	440
518	5186
5186	518
1642	492
492	1642
5166	3316
3316	5166
4481	2937
2937	4481
2689	4904
4904	2689
208	4634
4634	208
3179	5190
5190	3179
1855	3441
3441	1855
537	4645
4645	537
3077	2206
2206	3077
78	2037
2037	78
3279	2540
2540	3279
817	4325
4325	817
3346	2937
2937	3346
4458	1837
1837	4458
4320	3275
3275	4320
2371	3616
3616	2371
910	746
746	910
155	1415
1415	155
911	5029
5029	911
1389	3486
3486	1389
4320	4494
4494	4320
347	1251
1251	347
3761	1009
1009	3761
3888	2467
2467	3888
2045	3303
3303	2045
2719	3275
3275	2719
1533	4161
4161	1533
2783	3271
3271	2783
2719	926
926	2719
1935	5097
5097	1935
5356	2857
2857	5356
3756	2945
2945	3756
2857	911
911	2857
5340	741
741	5340
4494	1078
1078	4494
1482	1415
1415	1482
1816	5029
5029	1816
4041	204
204	4041
3416	4469
4469	3416
545	2316
2316	545
762	941
941	762
2783	5190
5190	2783
3630	746
746	3630
5029	910
910	5029
1511	2045
2045	1511
4481	4225
4225	4481
741	1251
1251	741
4240	3853
3853	4240
1935	3416
3416	1935
1093	4248
4248	1093
2540	1257
1257	2540
3229	3979
3979	3229
2213	4458
4458	2213
4225	1910
1910	4225
2447	2536
2536	2447
5235	1311
1311	5235
2540	2467
2467	2540
1576	1824
1824	1576
2719	2424
2424	2719
4186	3814
3814	4186
910	926
926	910
2481	1384
1384	2481
2388	2719
2719	2388
3077	197
197	3077
2206	4401
4401	2206
2045	1955
1955	2045
804	3756
3756	804
1605	1910
1910	1605
1837	1783
1783	1837
5061	4742
4742	5061
817	2037
2037	817
2467	2972
2972	2467
1764	3077
3077	1764
2440	3599
3599	2440
3275	2481
2481	3275
440	926
926	440
2719	1800
1800	2719
2508	2945
2945	2508
3461	4168
4168	3461
3184	1093
1093	3184
892	4246
4246	892
5356	2719
2719	5356
1584	1311
1311	1584
1855	1576
1576	1855
2424	2440
2440	2424
4168	2213
2213	4168
4350	2945
2945	4350
2783	669
669	2783
2371	4168
4168	2371
1962	2609
2609	1962
892	4795
4795	892
1764	1605
1605	1764
4609	3853
3853	4609
1460	4350
4350	1460
3441	4255
4255	3441
545	194
194	545
347	2536
2536	347
1939	4568
4568	1939
4701	2798
2798	4701
545	2035
2035	545
2798	2946
2946	2798
2045	2113
2113	2045
1384	3416
3416	1384
4795	2582
2582	4795
3423	3756
3756	3423
1816	3184
3184	1816
4320	2834
2834	4320
892	500
500	892
208	3316
3316	208
4320	789
789	4320
2719	1605
1605	2719
1389	4494
4494	1389
3077	1251
1251	3077
2738	4469
4469	2738
2719	4609
4609	2719
1783	197
197	1783
1642	4225
4225	1642
500	926
926	500
4481	4928
4928	4481
1386	2484
2484	1386
1837	2037
2037	1837
1855	746
746	1855
2447	4276
4276	2447
2798	1009
1009	2798
4161	1847
1847	4161
4609	746
746	4609
892	817
817	892
2798	3061
3061	2798
741	1939
1939	741
2447	2139
2139	2447
347	1093
1093	347
3777	2388
2388	3777
3303	5265
5265	3303
3423	518
518	3423
804	2113
2113	804
1389	3854
3854	1389
3346	1824
1824	3346
741	3616
3616	741
4320	1855
1855	4320
892	910
910	892
5029	1764
1764	5029
1074	3105
3105	1074
2213	149
149	2213
3844	4225
4225	3844
3346	2556
2556	3346
1962	1605
1605	1962
518	3829
3829	518
1093	4458
4458	1093
4565	3279
3279	4565
3486	514
514	3486
4149	2689
2689	4149
3423	2481
2481	3423
2384	3979
3979	2384
4565	4246
4246	4565
3883	982
982	3883
2054	3844
3844	2054
5191	3761
3761	5191
4481	2467
2467	4481
1078	741
741	1078
2719	888
888	2719
2536	4858
4858	2536
4225	2113
2113	4225
197	3303
3303	197
789	1855
1855	789
2388	1898
1898	2388
1855	4304
4304	1855
3077	3447
3447	3077
4701	741
741	4701
4320	3486
3486	4320
2251	1267
1267	2251
208	4225
4225	208
1955	1584
1584	1955
1847	4481
4481	1847
2689	2508
2508	2689
1837	3105
3105	1837
1847	2206
2206	1847
537	982
982	537
1682	113
113	1682
1386	4425
4425	1386
5208	5323
5323	5208
1120	5356
5356	1120
352	545
545	352
482	741
741	482
1837	1642
1642	1837
2037	5333
5333	2037
204	4481
4481	204
2447	5235
5235	2447
2481	3829
3829	2481
2972	1170
1170	2972
4481	3863
3863	4481
4481	2798
2798	4481
5034	3616
3616	5034
1855	911
911	1855
78	3486
3486	78
872	4161
4161	872
5029	4838
4838	5029
4077	2139
2139	4077
2484	5034
5034	2484
1962	545
545	1962
1389	3583
3583	1389
2582	1267
1267	2582
1837	1953
1953	1837
500	1935
1935	500
4701	1605
1605	4701
1938	4565
4565	1938
4164	910
910	4164
4672	2078
2078	4672
831	4255
4255	831
1584	4442
4442	1584
2857	3441
3441	2857
3077	3881
3881	3077
5265	1093
1093	5265
762	5265
5265	762
2536	2283
2283	2536
3844	4304
4304	3844
1384	2798
2798	1384
352	4533
4533	352
5034	1962
1962	5034
1511	2540
2540	1511
1837	4672
4672	1837
4304	4320
4320	4304
4401	1053
1053	4401
4161	2834
2834	4161
746	4442
4442	746
1824	2536
2536	1824
1053	762
762	1053
789	1879
1879	789
1389	5190
5190	1389
2484	4425
4425	2484
1460	4494
4494	1460
5061	1800
1800	5061
4469	4838
4838	4469
3447	2536
2536	3447
2582	4164
4164	2582
4742	741
741	4742
2857	1910
1910	2857
1389	651
651	1389
2206	3463
3463	2206
2424	3777
3777	2424
4533	537
537	4533
1576	1311
1311	1576
2371	5029
5029	2371
2206	155
155	2206
741	888
888	741
1386	2035
2035	1386
2719	4481
4481	2719
2508	2972
2972	2508
3777	1855
1855	3777
78	4248
4248	78
3061	5208
5208	3061
5190	754
754	5190
3854	1800
1800	3854
5190	5029
5029	5190
2783	4246
4246	2783
91	5186
5186	91
5356	1311
1311	5356
4304	2540
2540	4304
347	3447
3447	347
4320	741
741	4320
3442	2945
2945	3442
78	956
956	78
203	746
746	203
2206	1948
1948	2206
4248	970
970	4248
5190	2582
2582	5190
3423	3835
3835	3423
347	4320
4320	347
2945	203
203	2945
5190	5166
5166	5190
1389	113
113	1389
78	2447
2447	78
4255	149
149	4255
3486	1576
1576	3486
113	941
941	113
3844	5007
5007	3844
1605	4627
4627	1605
1800	2206
2206	1800
1311	3184
3184	1311
3486	3275
3275	3486
1078	746
746	1078
741	4904
4904	741
3442	1228
1228	3442
1234	888
888	1234
2536	1900
1900	2536
726	2609
2609	726
831	4469
4469	831
817	4240
4240	817
3077	2078
2078	3077
804	2424
2424	804
3346	4838
4838	3346
492	3184
3184	492
155	2371
2371	155
2504	1074
1074	2504
1078	1482
1482	1078
2371	1783
1783	2371
1389	2540
2540	1389
2206	5265
5265	2206
1482	2834
2834	1482
3888	2384
2384	3888
2556	3756
3756	2556
3279	4240
4240	3279
1389	4533
4533	1389
2078	2689
2689	2078
1389	3835
3835	1389
4168	4634
4634	4168
5029	2945
2945	5029
1847	492
492	1847
1948	5061
5061	1948
5034	3979
3979	5034
3442	2798
2798	3442
1837	2035
2035	1837
78	4494
4494	78
4240	3761
3761	4240
1855	4255
4255	1855
3077	352
352	3077
4701	789
789	4701
1386	4928
4928	1386
347	4246
4246	347
2689	4225
4225	2689
4533	4246
4246	4533
2857	1900
1900	2857
5029	1053
1053	5029
4742	3486
3486	4742
2206	1935
1935	2206
2556	2504
2504	2556
4701	1764
1764	4701
4500	352
352	4500
2484	926
926	2484
4494	2834
2834	4494
3486	2078
2078	3486
4481	3105
3105	4481
5235	204
204	5235
1386	2037
2037	1386
746	4458
4458	746
5356	3863
3863	5356
3356	5166
5166	3356
4320	3854
3854	4320
970	3543
3543	970
3883	1576
1576	3883
4932	1170
1170	4932
1170	2504
2504	1170
1824	3863
3863	1824
3279	4325
4325	3279
1764	1576
1576	1764
440	5186
5186	440
1847	5323
5323	1847
1855	1875
1875	1855
514	2508
2508	514
3881	4119
4119	3881
1120	2689
2689	1120
5061	2724
2724	5061
741	5190
5190	741
3888	926
926	3888
3854	1078
1078	3854
2388	3461
3461	2388
2798	194
194	2798
5034	2738
2738	5034
741	3599
3599	741
4225	352
352	4225
2540	2440
2440	2540
4458	4533
4533	4458
2783	926
926	2783
3993	817
817	3993
4701	545
545	4701
3829	1953
1953	3829
1053	746
746	1053
440	482
482	440
5208	926
926	5208
3854	4458
4458	3854
2619	3761
3761	2619
2484	4161
4161	2484
5191	746
746	5191
2946	5115
5115	2946
4275	5208
5208	4275
4494	973
973	4494
3303	3441
3441	3303
1837	5356
5356	1837
4225	1267
1267	4225
1251	973
973	1251
2857	4627
4627	2857
2945	4795
4795	2945
2857	3583
3583	2857
5097	2937
2937	5097
4401	817
817	4401
4320	2113
2113	4320
1384	1837
1837	1384
1386	1824
1824	1386
2689	3777
3777	2689
2689	1824
1824	2689
892	2945
2945	892
2371	4149
4149	2371
2371	5208
5208	2371
2783	1824
1824	2783
347	4161
4161	347
1837	5265
5265	1837
1415	3829
3829	1415
3441	3979
3979	3441
3061	1939
1939	3061
1900	1415
1415	1900
1576	2316
2316	1576
2283	1764
1764	2283
1482	2503
2503	1482
537	1576
1576	537
3616	4928
4928	3616
208	3271
3271	208
2834	204
204	2834
3486	2834
2834	3486
789	2945
2945	789
2388	1605
1605	2388
5061	746
746	5061
4401	746
746	4401
3447	1824
1824	3447
789	888
888	789
970	208
208	970
754	203
203	754
1764	2834
2834	1764
859	4281
4281	859
1267	926
926	1267
5097	4645
4645	5097
347	3854
3854	347
5061	1837
1837	5061
2556	2619
2619	2556
754	4119
4119	754
3979	1824
1824	3979
203	1053
1053	203
3061	4672
4672	3061
3447	2937
2937	3447
1948	1074
1074	1948
1764	155
155	1764
2572	941
941	2572
2424	2206
2206	2424
2719	1935
1935	2719
78	2213
2213	78
669	5064
5064	669
514	2035
2035	514
2384	1389
1389	2384
4494	4350
4350	4494
1953	3853
3853	1953
4542	982
982	4542
2447	741
741	2447
5208	1511
1511	5208
3486	3279
3279	3486
1910	1955
1955	1910
1855	5265
5265	1855
3864	255
255	3864
3756	2078
2078	3756
1847	4542
4542	1847
1855	3447
3447	1855
3853	2556
2556	3853
5064	1482
1482	5064
4246	4500
4500	4246
78	3105
3105	78
1910	2536
2536	1910
4645	1251
1251	4645
2783	1251
1251	2783
2724	4904
4904	2724
5097	2945
2945	5097
4320	2609
2609	4320
3827	1898
1898	3827
4887	2689
2689	4887
2857	1764
1764	2857
3844	941
941	3844
4494	1837
1837	4494
2572	4240
4240	2572
1800	4255
4255	1800
2037	2738
2738	2037
669	859
859	669
1875	4276
4276	1875
3061	1093
1093	3061
5061	4077
4077	5061
789	2035
2035	789
440	1939
1939	440
3077	817
817	3077
1800	5265
5265	1800
1389	2440
2440	1389
2582	440
440	2582
2783	4304
4304	2783
4542	2037
2037	4542
4645	492
492	4645
2689	3441
3441	2689
3447	5265
5265	3447
789	3105
3105	789
1053	4240
4240	1053
1847	1935
1935	1847
3864	3275
3275	3864
754	5064
5064	754
2834	1824
1824	2834
5061	4609
4609	5061
3835	4645
4645	3835
4255	1258
1258	4255
741	4304
4304	741
3883	2619
2619	3883
2945	3854
3854	2945
2834	537
537	2834
1948	1228
1228	1948
4542	91
91	4542
3346	746
746	3346
2738	817
817	2738
726	2536
2536	726
2536	1314
1314	2536
2719	892
892	2719
880	2536
2536	880
3346	888
888	3346
2698	2857
2857	2698
2447	1855
1855	2447
1389	5064
5064	1389
2424	3316
3316	2424
804	3316
3316	804
2689	1251
1251	2689
2045	911
911	2045
4041	4609
4609	4041
78	3844
3844	78
2206	3275
3275	2206
3693	4500
4500	3693
514	2582
2582	514
4928	1939
1939	4928
194	1910
1910	194
4186	2316
2316	4186
347	926
926	347
3447	4276
4276	3447
3583	5034
5034	3583
78	2440
2440	78
3179	5208
5208	3179
347	1311
1311	347
91	3543
3543	91
2004	5356
5356	2004
5208	2037
2037	5208
3844	2035
2035	3844
3461	5097
5097	3461
4246	4858
4858	4246
3463	78
78	3463
2371	2783
2783	2371
1389	5323
5323	1389
5190	255
255	5190
2447	2783
2783	2447
2424	3844
3844	2424
1170	4119
4119	1170
2719	91
91	2719
4275	5034
5034	4275
4542	4275
4275	4542
2536	1311
1311	2536
970	3881
3881	970
2447	4494
4494	2447
2798	4077
4077	2798
194	2139
2139	194
2798	4887
4887	2798
1764	5115
5115	1764
1938	5208
5208	1938
2719	155
155	2719
2738	2582
2582	2738
4149	4742
4742	4149
2388	1824
1824	2388
2689	1837
1837	2689
746	2213
2213	746
3423	347
347	3423
2719	3854
3854	2719
3888	5235
5235	3888
2540	4795
4795	2540
2054	1257
1257	2054
1764	3864
3864	1764
5097	2484
2484	5097
5186	545
545	5186
1311	4609
4609	1311
3616	4932
4932	3616
5191	3835
3835	5191
2783	2283
2283	2783
1386	4858
4858	1386
1389	3756
3756	1389
4320	2316
2316	4320
1898	672
672	1898
2783	5265
5265	2783
2440	4276
4276	2440
5190	3583
3583	5190
2609	2536
2536	2609
4168	4320
4320	4168
4742	1953
1953	4742
3881	1786
1786	3881
1764	4568
4568	1764
4276	3179
3179	4276
789	2972
2972	789
2384	2977
2977	2384
4350	500
500	4350
892	4304
4304	892
970	3423
3423	970
3844	1855
1855	3844
4701	4350
4350	4701
789	1311
1311	789
4276	3442
3442	4276
1939	4565
4565	1939
347	3835
3835	347
817	1576
1576	817
2945	5007
5007	2945
2536	2467
2467	2536
4701	2045
2045	4701
2945	651
651	2945
358	3105
3105	358
2503	3061
3061	2503
1875	4255
4255	1875
5115	4542
4542	5115
3441	3144
3144	3441
982	5208
5208	982
5191	2004
2004	5191
2503	5166
5166	2503
1120	1533
1533	1120
545	3105
3105	545
2689	726
726	2689
1605	726
726	1605
2054	880
880	2054
1948	1898
1898	1948
2582	3761
3761	2582
1389	4795
4795	1389
3777	859
859	3777
3844	2937
2937	3844
4634	1900
1900	4634
1460	1584
1584	1460
4161	859
859	4161
4481	1898
1898	4481
204	5029
5029	204
3461	831
831	3461
4533	4276
4276	4533
2206	2937
2937	2206
5352	4887
4887	5352
831	5356
5356	831
4565	113
113	4565
741	4500
4500	741
2945	2937
2937	2945
2724	1783
1783	2724
3777	2251
2251	3777
1053	2540
2540	1053
4458	941
941	4458
4186	1389
1389	4186
2213	492
492	2213
5186	1311
1311	5186
2447	1605
1605	2447
78	2738
2738	78
347	3844
3844	347
4240	3543
3543	4240
208	1605
1605	208
4425	3077
3077	4425
1764	859
859	1764
4795	2798
2798	4795
1847	4742
4742	1847
1093	1786
1786	1093
2937	4458
4458	2937
5340	3883
3883	5340
754	3616
3616	754
352	5235
5235	352
1482	1258
1258	1482
358	4742
4742	358
4742	3854
3854	4742
3279	2689
2689	3279
5029	4401
4401	5029
545	4565
4565	545
2113	1953
1953	2113
4186	746
746	4186
3077	4246
4246	3077
3854	1415
1415	3854
1764	4246
4246	1764
5061	3844
3844	5061
3844	4565
4565	3844
3441	1605
1605	3441
1837	2937
2937	1837
804	4838
4838	804
3486	926
926	3486
2834	91
91	2834
1816	2536
2536	1816
5029	3184
3184	5029
3441	5265
5265	3441
2004	973
973	2004
1460	746
746	1460
2004	2213
2213	2004
2719	2783
2783	2719
3077	746
746	3077
2388	1576
1576	2388
3599	3864
3864	3599
4742	4494
4494	4742
2689	5208
5208	2689
831	1898
1898	831
3854	1533
1533	3854
2798	872
872	2798
5166	5208
5208	5166
1955	970
970	1955
4320	4276
4276	4320
1783	4401
4401	1783
817	2536
2536	817
1764	2619
2619	1764
3874	3275
3275	3874
3874	2972
2972	3874
1682	754
754	1682
982	3461
3461	982
4701	4255
4255	4701
2388	3077
3077	2388
2508	3447
3447	2508
78	3599
3599	78
91	2467
2467	91
1855	5323
5323	1855
4119	4568
4568	4119
2798	3827
3827	2798
3756	4481
4481	3756
3442	4887
4887	3442
1847	2689
2689	1847
2582	1460
1460	2582
2798	5190
5190	2798
5186	746
746	5186
5265	1267
1267	5265
2857	1482
1482	2857
4325	4168
4168	4325
4119	5064
5064	4119
1875	2977
2977	1875
1267	3829
3829	1267
4742	4276
4276	4742
5061	2113
2113	5061
4320	746
746	4320
3077	545
545	3077
4350	4887
4887	4350
1764	5265
5265	1764
2945	2035
2035	2945
2783	3179
3179	2783
2689	2035
2035	2689
1002	4320
4320	1002
1939	2035
2035	1939
4701	514
514	4701
3447	4494
4494	3447
2719	5007
5007	2719
2054	1962
1962	2054
872	1786
1786	872
804	3441
3441	804
3447	514
514	3447
3864	1605
1605	3864
859	982
982	859
3844	5191
5191	3844
831	1935
1935	831
2798	4627
4627	2798
1258	2724
2724	1258
741	1816
1816	741
2206	4246
4246	2206
4320	78
78	4320
1847	4627
4627	1847
4742	1800
1800	4742
2035	5340
5340	2035
3061	2440
2440	3061
4928	3756
3756	4928
4645	3543
3543	4645
1837	4838
4838	1837
2857	2481
2481	2857
804	2316
2316	804
2371	4276
4276	2371
1415	4255
4255	1415
203	2834
2834	203
3077	3486
3486	3077
1078	3863
3863	1078
941	926
926	941
5034	1824
1824	5034
2037	2481
2481	2037
4149	2384
2384	4149
2945	4304
4304	2945
746	4795
4795	746
1783	1898
1898	1783
1847	4281
4281	1847
1786	1251
1251	1786
3777	5323
5323	3777
5190	4246
4246	5190
3827	2937
2937	3827
1786	4533
4533	1786
4533	726
726	4533
2572	3854
3854	2572
669	3979
3979	669
4325	2724
2724	4325
1389	1824
1824	1389
741	514
514	741
2719	3844
3844	2719
762	5007
5007	762
4634	2504
2504	4634
2536	4248
4248	2536
4494	4275
4275	4494
2440	4041
4041	2440
2945	2251
2251	2945
1847	3864
3864	1847
4701	2719
2719	4701
2447	2572
2572	2447
4887	817
817	4887
1533	941
941	1533
352	3864
3864	352
3863	789
789	3863
1511	3543
3543	1511
1939	2724
2724	1939
1764	3844
3844	1764
4481	1875
1875	4481
4350	4481
4481	4350
91	1605
1605	91
255	5186
5186	255
4281	2572
2572	4281
1389	4932
4932	1389
5208	4186
4186	5208
4246	1053
1053	4246
5333	4627
4627	5333
545	1898
1898	545
2388	5208
5208	2388
5265	1120
1120	5265
4742	746
746	4742
4281	2283
2283	4281
2719	5235
5235	2719
347	746
746	347
2798	1953
1953	2798
754	1875
1875	754
741	5323
5323	741
2689	2037
2037	2689
2798	4542
4542	2798
5061	545
545	5061
4795	4887
4887	4795
4795	2037
2037	4795
2719	1415
1415	2719
2556	1783
1783	2556
4533	2481
2481	4533
3234	1939
1939	3234
5190	910
910	5190
2371	1093
1093	2371
4701	1389
1389	4701
2783	2037
2037	2783
4858	2937
2937	4858
149	789
789	149
5190	2113
2113	5190
2206	1953
1953	2206
754	746
746	754
3179	4533
4533	3179
2946	5333
5333	2946
545	4225
4225	545
4350	3599
3599	4350
4325	941
941	4325
2004	4609
4609	2004
1482	4442
4442	1482
4442	5097
5097	4442
4568	2484
2484	4568
789	2946
2946	789
3303	3761
3761	3303
1764	3835
3835	1764
4275	1251
1251	4275
5029	78
78	5029
347	1900
1900	347
2798	5352
5352	2798
347	2508
2508	347
4533	4255
4255	4533
537	2619
2619	537
4041	352
352	4041
4701	4304
4304	4701
3356	910
910	3356
3077	4350
4350	3077
3105	204
204	3105
3105	5186
5186	3105
4609	78
78	4609
3864	1910
1910	3864
1415	1935
1935	1415
2045	2283
2283	2045
1764	1460
1460	1764
3447	2113
2113	3447
514	5190
5190	514
4119	3630
3630	4119
4609	5265
5265	4609
4077	4186
4186	4077
1962	2972
2972	1962
3279	741
741	3279
4932	3105
3105	4932
804	3883
3883	804
2738	2783
2783	2738
3346	1642
1642	3346
2508	1078
1078	2508
3423	1962
1962	3423
2054	4275
4275	2054
3179	3616
3616	3179
4325	2946
2946	4325
4401	2004
2004	4401
2572	746
746	2572
4442	78
78	4442
2582	1234
1234	2582
2481	197
197	2481
2440	872
872	2440
5190	3275
3275	5190
2388	5235
5235	2388
1460	1824
1824	1460
1898	358
358	1898
5061	3864
3864	5061
3077	5166
5166	3077
2719	2536
2536	2719
2206	4350
4350	2206
1642	762
762	1642
970	1938
1938	970
1900	5061
5061	1900
3303	1939
1939	3303
1847	3303
3303	1847
5061	4276
4276	5061
2371	888
888	2371
3077	4401
4401	3077
3777	746
746	3777
2484	4494
4494	2484
4119	872
872	4119
982	204
204	982
1389	3077
3077	1389
203	2556
2556	203
2054	2045
2045	2054
545	3863
3863	545
5208	4458
4458	5208
1875	4304
4304	1875
5029	203
203	5029
3184	2206
2206	3184
2508	197
197	2508
4742	2045
2045	4742
2504	941
941	2504
4246	5115
5115	4246
4281	4248
4248	4281
1847	2582
2582	1847
4325	5265
5265	4325
2609	1800
1800	2609
1948	726
726	1948
1384	1257
1257	1384
4168	5235
5235	4168
4281	1764
1764	4281
204	1384
1384	204
872	5235
5235	872
3077	2113
2113	3077
1386	1389
1389	1386
194	4320
4320	194
3423	831
831	3423
5097	4350
4350	5097
4701	4320
4320	4701
1855	3854
3854	1855
1875	2582
2582	1875
5115	4701
4701	5115
2719	4248
4248	2719
1824	2037
2037	1824
2857	2113
2113	2857
1002	4304
4304	1002
804	3543
3543	804
1386	941
941	1386
2798	1605
1605	2798
2508	1855
1855	2508
880	2206
2206	880
4481	4565
4565	4481
1962	4838
4838	1962
2371	1386
1386	2371
2724	1764
1764	2724
518	91
91	518
4795	2113
2113	4795
1910	2834
2834	1910
817	3854
3854	817
3442	2035
2035	3442
3461	941
941	3461
358	2582
2582	358
5029	3442
3442	5029
3854	5061
5061	3854
741	2738
2738	741
2945	5186
5186	2945
1386	4838
4838	1386
2719	1251
1251	2719
1389	2251
2251	1389
3814	2857
2857	3814
1962	4248
4248	1962
4469	872
872	4469
2719	3979
3979	2719
3077	2503
2503	3077
3777	1875
1875	3777
3486	817
817	3486
3486	2609
2609	3486
4609	5166
5166	4609
1386	5208
5208	1386
2037	2251
2251	2037
5115	1078
1078	5115
3234	4246
4246	3234
892	2536
2536	892
2783	3979
3979	2783
817	4276
4276	817
1948	3883
3883	1948
1389	5007
5007	1389
3077	5323
5323	3077
2384	1900
1900	2384
2467	1847
1847	2467
2213	4742
4742	2213
1764	2945
2945	1764
3864	2857
2857	3864
4320	4246
4246	4320
3416	4701
4701	3416
3979	4928
4928	3979
1875	1170
1170	1875
2619	1074
1074	2619
1078	3693
3693	1078
1389	741
741	1389
5166	956
956	5166
2371	2504
2504	2371
78	1800
1800	78
1384	3486
3486	1384
4119	4320
4320	4119
2572	1800
1800	2572
347	789
789	347
2371	5323
5323	2371
5186	1576
1576	5186
1234	1824
1824	1234
5352	880
880	5352
4627	1816
1816	4627
2619	2035
2035	2619
1415	726
726	1415
4255	2078
2078	4255
2937	3279
3279	2937
789	514
514	789
3271	5190
5190	3271
2384	3827
3827	2384
1879	3461
3461	1879
831	3844
3844	831
2388	78
78	2388
5235	1170
1170	5235
1764	1837
1837	1764
4838	1251
1251	4838
1910	3316
3316	1910
2440	5265
5265	2440
1460	1642
1642	1460
754	2503
2503	754
347	1953
1953	347
1234	5029
5029	1234
2724	1837
1837	2724
3756	4186
4186	3756
5097	3874
3874	5097
817	1053
1053	817
5235	1939
1939	5235
817	4932
4932	817
440	2045
2045	440
2536	1935
1935	2536
859	4425
4425	859
4325	2945
2945	4325
347	3853
3853	347
2045	1642
1642	2045
352	2946
2946	352
5007	4425
4425	5007
2834	1576
1576	2834
1533	3827
3827	1533
789	5208
5208	789
4164	3144
3144	4164
4149	514
514	4149
892	926
926	892
2045	2582
2582	2045
3854	3316
3316	3854
2447	3447
3447	2447
347	537
537	347
804	537
537	804
2798	1682
1682	2798
1093	3874
3874	1093
2508	2388
2388	2508
5186	5061
5061	5186
2945	1953
1953	2945
149	880
880	149
5166	1120
1120	5166
492	5265
5265	492
4838	5265
5265	4838
2139	4568
4568	2139
2619	113
113	2619
1824	1837
1837	1824
5029	2536
2536	5029
3184	4672
4672	3184
1002	4533
4533	1002
1939	3814
3814	1939
1939	197
197	1939
2536	5323
5323	2536
2798	970
970	2798
3844	4672
4672	3844
789	4281
4281	789
4795	194
194	4795
741	3543
3543	741
2045	926
926	2045
2447	982
982	2447
3486	5265
5265	3486
3423	3144
3144	3423
2054	2371
2371	2054
1900	2054
2054	1900
4481	3316
3316	4481
5352	492
492	5352
4795	4255
4255	4795
746	970
970	746
4795	3077
3077	4795
4932	5034
5034	4932
2440	4304
4304	2440
1389	2035
2035	1389
5034	4481
4481	5034
537	2045
2045	537
1764	4565
4565	1764
1948	2798
2798	1948
741	2113
2113	741
872	4932
4932	872
4533	1605
1605	4533
1847	347
347	1847
4887	3854
3854	4887
2054	3777
3777	2054
4887	2937
2937	4887
762	4425
4425	762
4627	4609
4609	4627
5235	4275
4275	5235
2719	1953
1953	2719
5333	1786
1786	5333
1816	3356
3356	1816
3854	1576
1576	3854
91	1267
1267	91
2508	1824
1824	2508
1605	3316
3316	1605
1764	5186
5186	1764
3316	4542
4542	3316
78	1837
1837	78
970	880
880	970
