82	41	0
41	82	0
20	77	1
77	20	1
25	37	0
37	25	0
5	24	1
24	5	1
60	48	0
48	60	0
8	69	1
69	8	1
6	24	1
24	6	1
64	74	0
74	64	0
74	8	0
8	74	0
8	59	1
59	8	1
88	71	0
71	88	0
20	9	0
9	20	0
5	16	1
16	5	1
60	5	0
5	60	0
32	82	0
82	32	0
27	70	1
70	27	1
12	57	0
57	12	0
4	74	1
74	4	1
24	66	1
66	24	1
11	66	0
66	11	0
20	19	0
19	20	0
38	80	0
80	38	0
2	12	0
12	2	0
3	48	1
48	3	1
9	49	1
49	9	1
82	68	0
68	82	0
27	83	1
83	27	1
3	24	1
24	3	1
69	10	0
10	69	0
69	52	0
52	69	0
2	51	0
51	2	0
1	68	1
68	1	1
52	8	0
8	52	0
80	79	0
79	80	0
24	80	1
80	24	1
27	88	1
88	27	1
31	71	1
71	31	1
52	1	0
1	52	0
65	73	0
73	65	0
34	29	0
29	34	0
5	73	1
73	5	1
42	45	0
45	42	0
5	12	1
12	5	1
6	7	1
7	6	1
7	68	0
68	7	0
21	59	1
59	21	1
19	61	0
61	19	0
28	54	1
54	28	1
24	51	1
51	24	1
24	65	1
65	24	1
26	66	0
66	26	0
69	46	0
46	69	0
11	5	0
5	11	0
27	55	1
55	27	1
27	76	1
76	27	1
33	52	1
52	33	1
37	79	0
79	37	0
2	23	1
23	2	1
42	39	0
39	42	0
9	32	1
32	9	1
31	80	1
80	31	1
33	80	0
80	33	0
23	28	1
28	23	1
50	62	0
62	50	0
49	59	0
59	49	0
1	32	1
32	1	1
1	15	1
15	1	1
39	57	0
57	39	0
27	81	1
81	27	1
21	66	0
66	21	0
74	5	0
5	74	0
9	55	1
55	9	1
22	82	0
82	22	0
6	60	1
60	6	1
33	81	0
81	33	0
1	64	1
64	1	1
65	33	0
33	65	0
25	18	0
18	25	0
20	33	1
33	20	1
53	83	0
83	53	0
26	79	1
79	26	1
11	42	0
42	11	0
16	21	0
21	16	0
42	44	0
44	42	0
85	86	0
86	85	0
21	75	1
75	21	1
24	87	1
87	24	1
34	73	1
73	34	1
31	78	1
78	31	1
3	47	1
47	3	1
31	36	1
36	31	1
75	32	0
32	75	0
61	62	0
62	61	0
39	9	0
9	39	0
67	76	0
76	67	0
77	27	0
27	77	0
16	27	0
27	16	0
1	40	1
40	1	1
63	44	0
44	63	0
29	50	1
50	29	1
54	8	0
8	54	0
58	59	0
59	58	0
82	1	0
1	82	0
29	31	0
31	29	0
29	86	1
86	29	1
24	82	1
82	24	1
63	51	0
51	63	0
12	40	0
40	12	0
27	46	1
46	27	1
38	81	1
81	38	1
46	81	0
81	46	0
28	79	1
79	28	1
62	26	0
26	62	0
84	41	0
41	84	0
80	54	0
54	80	0
85	47	0
47	85	0
33	53	0
53	33	0
25	79	0
79	25	0
88	67	0
67	88	0
24	25	1
25	24	1
4	68	1
68	4	1
20	46	1
46	20	1
69	80	1
80	69	1
1	56	1
56	1	1
50	45	0
45	50	0
28	52	1
52	28	1
41	55	0
55	41	0
24	69	1
69	24	1
10	22	0
22	10	0
8	30	1
30	8	1
14	32	0
32	14	0
26	50	1
50	26	1
2	22	1
22	2	1
50	76	0
76	50	0
88	81	0
81	88	0
27	60	1
60	27	1
24	84	1
84	24	1
30	40	1
40	30	1
24	86	1
86	24	1
5	69	1
69	5	1
69	86	1
86	69	1
24	57	1
57	24	1
24	37	1
37	24	1
3	34	1
34	3	1
26	32	1
32	26	1
9	47	1
47	9	1
31	54	1
54	31	1
28	31	1
31	28	1
28	88	1
88	28	1
31	11	1
11	31	1
5	50	1
50	5	1
27	62	1
62	27	1
36	35	0
35	36	0
36	23	0
23	36	0
4	15	1
15	4	1
21	24	1
24	21	1
35	69	0
69	35	0
1	27	1
27	1	1
28	39	1
39	28	1
11	38	0
38	11	0
8	46	1
46	8	1
20	78	1
78	20	1
71	69	0
69	71	0
70	45	0
45	70	0
39	52	0
52	39	0
80	58	0
58	80	0
31	39	1
39	31	1
2	27	1
27	2	1
27	79	1
79	27	1
1	3	1
3	1	1
22	86	1
86	22	1
5	72	0
72	5	0
4	64	0
64	4	0
82	3	0
3	82	0
23	56	1
56	23	1
21	23	1
23	21	1
80	75	0
75	80	0
8	68	1
68	8	1
44	41	0
41	44	0
23	51	1
51	23	1
20	24	1
24	20	1
33	79	1
79	33	1
27	65	1
65	27	1
62	86	0
86	62	0
41	50	0
50	41	0
23	43	0
43	23	0
27	28	1
28	27	1
47	79	0
79	47	0
12	22	0
22	12	0
16	23	0
23	16	0
84	56	0
56	84	0
4	65	1
65	4	1
8	17	1
17	8	1
28	12	1
12	28	1
3	41	1
41	3	1
9	28	0
28	9	0
35	63	0
63	35	0
8	44	1
44	8	1
58	45	0
45	58	0
69	63	1
63	69	1
44	73	0
73	44	0
82	69	0
69	82	0
51	10	0
10	51	0
25	87	1
87	25	1
77	88	0
88	77	0
33	49	1
49	33	1
5	80	1
80	5	1
24	42	1
42	24	1
58	34	0
34	58	0
31	65	1
65	31	1
69	75	1
75	69	1
37	22	0
22	37	0
29	82	0
82	29	0
24	73	0
73	24	0
44	54	0
54	44	0
87	39	0
39	87	0
1	21	1
21	1	1
27	66	1
66	27	1
28	65	1
65	28	1
69	36	1
36	69	1
27	40	1
40	27	1
23	66	1
66	23	1
52	56	0
56	52	0
17	14	0
14	17	0
30	67	1
67	30	1
24	59	1
59	24	1
10	30	0
30	10	0
9	79	1
79	9	1
1	8	1
8	1	1
16	47	0
47	16	0
4	70	1
70	4	1
26	49	1
49	26	1
86	74	0
74	86	0
24	64	1
64	24	1
11	2	0
2	11	0
4	24	1
24	4	1
28	86	1
86	28	1
20	52	1
52	20	1
27	34	1
34	27	1
30	79	1
79	30	1
29	32	1
32	29	1
50	87	0
87	50	0
59	23	0
23	59	0
31	32	1
32	31	1
21	30	1
30	21	1
11	60	0
60	11	0
9	24	1
24	9	1
57	4	0
4	57	0
80	59	0
59	80	0
49	77	0
77	49	0
33	43	1
43	33	1
69	70	0
70	69	0
24	32	1
32	24	1
85	15	0
15	85	0
64	77	0
77	64	0
38	71	0
71	38	0
24	53	1
53	24	1
82	31	0
31	82	0
61	53	0
53	61	0
81	84	0
84	81	0
3	30	0
30	3	0
21	12	0
12	21	0
28	60	1
60	28	1
35	55	0
55	35	0
27	29	1
29	27	1
34	51	1
51	34	1
84	40	0
40	84	0
38	36	1
36	38	1
72	71	0
71	72	0
9	22	1
22	9	1
41	65	0
65	41	0
23	69	1
69	23	1
31	42	0
42	31	0
79	75	0
75	79	0
52	2	0
2	52	0
16	40	0
40	16	0
60	58	0
58	60	0
29	53	1
53	29	1
26	25	0
25	26	0
3	79	1
79	3	1
7	47	0
47	7	0
4	67	0
67	4	0
36	2	0
2	36	0
8	75	1
75	8	1
17	39	0
39	17	0
88	62	0
62	88	0
24	49	1
49	24	1
56	63	0
63	56	0
17	25	0
25	17	0
26	83	0
83	26	0
60	22	0
22	60	0
55	49	0
49	55	0
9	13	1
13	9	1
32	42	0
42	32	0
18	83	0
83	18	0
30	53	1
53	30	1
5	55	1
55	5	1
24	40	1
40	24	1
28	57	0
57	28	0
69	42	1
42	69	1
76	79	0
79	76	0
22	45	1
45	22	1
33	45	1
45	33	1
27	75	1
75	27	1
3	28	0
28	3	0
27	31	1
31	27	1
21	27	1
27	21	1
3	13	1
13	3	1
28	80	1
80	28	1
17	5	0
5	17	0
27	54	1
54	27	1
26	28	1
28	26	1
2	66	1
66	2	1
28	38	0
38	28	0
66	29	0
29	66	0
28	69	1
69	28	1
69	44	1
44	69	1
27	58	1
58	27	1
1	5	1
5	1	1
6	69	1
69	6	1
24	23	0
23	24	0
2	69	1
69	2	1
5	7	0
7	5	0
27	36	1
36	27	1
25	6	0
6	25	0
24	46	1
46	24	1
47	46	0
46	47	0
25	64	1
64	25	1
85	16	0
16	85	0
6	79	1
79	6	1
46	70	0
70	46	0
5	56	0
56	5	0
6	27	1
27	6	1
88	66	0
66	88	0
56	17	0
17	56	0
27	37	1
37	27	1
69	83	0
83	69	0
21	41	1
41	21	1
24	67	1
67	24	1
9	41	1
41	9	1
8	16	0
16	8	0
31	59	0
59	31	0
24	75	1
75	24	1
3	31	1
31	3	1
2	46	1
46	2	1
24	71	1
71	24	1
1	86	1
86	1	1
30	63	1
63	30	1
47	61	0
61	47	0
29	61	0
61	29	0
66	63	0
63	66	0
5	27	1
27	5	1
35	38	0
38	35	0
8	81	1
81	8	1
84	25	0
25	84	0
27	33	1
33	27	1
82	63	0
63	82	0
66	16	0
16	66	0
7	51	1
51	7	1
20	39	1
39	20	1
23	38	1
38	23	1
4	44	1
44	4	1
30	88	1
88	30	1
33	78	1
78	33	1
27	14	0
14	27	0
24	27	1
27	24	1
24	54	1
54	24	1
68	11	0
11	68	0
21	28	0
28	21	0
25	11	1
11	25	1
21	55	1
55	21	1
24	55	1
55	24	1
2	68	1
68	2	1
66	1	0
1	66	0
24	70	1
70	24	1
61	43	0
43	61	0
24	33	1
33	24	1
11	77	0
77	11	0
65	77	0
77	65	0
29	16	0
16	29	0
38	52	1
52	38	1
79	42	0
42	79	0
33	68	1
68	33	1
47	11	0
11	47	0
41	86	0
86	41	0
72	2	0
2	72	0
40	57	0
57	40	0
10	58	0
58	10	0
5	59	1
59	5	1
46	52	0
52	46	0
34	75	0
75	34	0
21	67	0
67	21	0
12	3	0
3	12	0
29	71	1
71	29	1
2	62	1
62	2	1
9	42	1
42	9	1
40	55	0
55	40	0
61	48	0
48	61	0
9	31	1
31	9	1
38	29	0
29	38	0
80	64	0
64	80	0
22	46	1
46	22	1
17	80	0
80	17	0
34	50	1
50	34	1
21	50	1
50	21	1
2	45	1
45	2	1
24	29	1
29	24	1
56	7	0
7	56	0
4	27	1
27	4	1
87	85	0
85	87	0
24	68	1
68	24	1
22	23	0
23	22	0
38	45	1
45	38	1
1	80	0
80	1	0
25	63	0
63	25	0
3	75	1
75	3	1
69	79	1
79	69	1
4	50	1
50	4	1
31	35	1
35	31	1
4	77	0
77	4	0
8	53	0
53	8	0
10	61	0
61	10	0
9	27	1
27	9	1
29	76	1
76	29	1
51	29	0
29	51	0
56	79	0
79	56	0
31	69	1
69	31	1
69	68	1
68	69	1
8	10	0
10	8	0
27	41	1
41	27	1
25	47	0
47	25	0
3	86	1
86	3	1
27	45	1
45	27	1
69	67	1
67	69	1
27	11	1
11	27	1
24	61	1
61	24	1
3	27	1
27	3	1
24	62	1
62	24	1
12	25	0
25	12	0
7	52	1
52	7	1
9	75	1
75	9	1
5	37	1
37	5	1
24	34	1
34	24	1
3	73	0
73	3	0
30	31	1
31	30	1
25	33	1
33	25	1
24	44	1
44	24	1
30	12	1
12	30	1
7	53	1
53	7	1
31	41	1
41	31	1
24	31	1
31	24	1
1	53	1
53	1	1
4	52	1
52	4	1
24	76	1
76	24	1
68	40	0
40	68	0
74	83	0
83	74	0
69	32	1
32	69	1
25	52	1
52	25	1
46	78	0
78	46	0
33	35	1
35	33	1
59	78	0
78	59	0
30	36	1
36	30	1
67	65	0
65	67	0
27	12	1
12	27	1
27	30	1
30	27	1
69	40	0
40	69	0
27	78	1
78	27	1
28	87	1
87	28	1
46	82	0
82	46	0
27	50	1
50	27	1
33	32	1
32	33	1
88	34	0
34	88	0
31	64	1
64	31	1
24	36	1
36	24	1
60	38	0
38	60	0
31	34	1
34	31	1
8	49	0
49	8	0
7	40	1
40	7	1
5	28	1
28	5	1
24	56	1
56	24	1
19	45	0
45	19	0
22	62	0
62	22	0
31	66	1
66	31	1
7	58	0
58	7	0
75	45	0
45	75	0
9	40	1
40	9	1
21	40	1
40	21	1
17	71	0
71	17	0
1	85	0
85	1	0
22	76	1
76	22	1
86	49	0
49	86	0
50	65	0
65	50	0
24	39	1
39	24	1
6	73	0
73	6	0
8	67	1
67	8	1
8	47	1
47	8	1
78	40	0
40	78	0
28	40	1
40	28	1
64	16	0
16	64	0
31	83	0
83	31	0
31	68	1
68	31	1
45	72	0
72	45	0
72	7	0
7	72	0
54	30	0
30	54	0
27	47	1
47	27	1
24	78	1
78	24	1
24	35	1
35	24	1
24	79	1
79	24	1
59	76	0
76	59	0
42	58	0
58	42	0
5	82	0
82	5	0
82	81	0
81	82	0
63	87	0
87	63	0
24	45	1
45	24	1
35	73	0
73	35	0
38	32	1
32	38	1
22	24	1
24	22	1
50	69	0
69	50	0
18	53	0
53	18	0
28	67	1
67	28	1
38	61	1
61	38	1
5	30	1
30	5	1
70	58	0
58	70	0
26	27	1
27	26	1
27	25	0
25	27	0
6	67	1
67	6	1
31	84	0
84	31	0
27	87	1
87	27	1
52	6	0
6	52	0
28	37	1
37	28	1
15	9	0
9	15	0
24	48	1
48	24	1
2	24	1
24	2	1
24	28	1
28	24	1
55	87	0
87	55	0
37	80	0
80	37	0
1	67	1
67	1	1
46	66	0
66	46	0
31	53	1
53	31	1
2	33	0
33	2	0
27	51	1
51	27	1
55	10	0
10	55	0
34	63	0
63	34	0
24	60	1
60	24	1
30	62	1
62	30	1
28	55	1
55	28	1
57	75	0
75	57	0
3	32	0
32	3	0
68	77	0
77	68	0
82	88	0
88	82	0
66	40	0
40	66	0
36	50	0
50	36	0
2	3	0
3	2	0
69	34	1
34	69	1
71	32	0
32	71	0
6	76	0
76	6	0
16	76	0
76	16	0
61	5	0
5	61	0
3	62	1
62	3	1
27	39	1
39	27	1
73	47	0
47	73	0
74	70	0
70	74	0
5	66	1
66	5	1
22	29	0
29	22	0
24	50	1
50	24	1
7	55	1
55	7	1
79	18	0
18	79	0
56	74	0
74	56	0
21	58	1
58	21	1
11	41	0
41	11	0
24	77	1
77	24	1
24	43	1
43	24	1
26	52	0
52	26	0
24	26	1
26	24	1
24	41	1
41	24	1
10	48	0
48	10	0
8	62	1
62	8	1
58	68	0
68	58	0
61	20	0
20	61	0
22	69	1
69	22	1
42	15	0
15	42	0
65	56	0
56	65	0
28	50	1
50	28	1
84	8	0
8	84	0
19	46	0
46	19	0
4	28	1
28	4	1
20	62	1
62	20	1
26	40	0
40	26	0
35	74	0
74	35	0
71	4	0
4	71	0
27	63	1
63	27	1
6	41	1
41	6	1
27	86	1
86	27	1
24	88	1
88	24	1
9	87	1
87	9	1
21	37	1
37	21	1
58	51	0
51	58	0
3	59	1
59	3	1
44	82	0
82	44	0
87	48	0
48	87	0
28	62	1
62	28	1
10	78	0
78	10	0
7	26	0
26	7	0
23	27	1
27	23	1
39	58	0
58	39	0
8	31	1
31	8	1
31	46	1
46	31	1
4	78	1
78	4	1
22	31	1
31	22	1
26	61	1
61	26	1
24	52	1
52	24	1
62	49	0
49	62	0
70	43	0
43	70	0
20	25	0
25	20	0
17	51	0
51	17	0
30	75	1
75	30	1
22	11	0
11	22	0
55	4	0
4	55	0
9	46	1
46	9	1
64	8	0
8	64	0
19	38	0
38	19	0
5	21	1
21	5	1
2	18	1
18	2	1
31	57	0
57	31	0
25	30	0
30	25	0
66	6	0
6	66	0
82	51	0
51	82	0
9	68	0
68	9	0
31	12	1
12	31	1
88	59	0
59	88	0
85	13	0
13	85	0
31	73	1
73	31	1
28	64	1
64	28	1
20	28	1
28	20	1
81	34	0
34	81	0
64	3	0
3	64	0
69	84	1
84	69	1
38	55	0
55	38	0
56	44	0
44	56	0
31	51	1
51	31	1
30	73	1
73	30	1
1	36	1
36	1	1
29	87	1
87	29	1
69	62	1
62	69	1
27	71	1
71	27	1
38	58	0
58	38	0
24	47	1
47	24	1
88	15	0
15	88	0
29	62	1
62	29	1
4	60	1
60	4	1
8	39	0
39	8	0
88	87	0
87	88	0
5	34	1
34	5	1
31	44	1
44	31	1
44	87	0
87	44	0
30	87	1
87	30	1
8	87	1
87	8	1
38	49	0
49	38	0
27	69	1
69	27	1
24	38	1
38	24	1
6	42	0
42	6	0
9	62	1
62	9	1
27	84	1
84	27	1
49	40	0
40	49	0
41	29	0
29	41	0
27	61	0
61	27	0
34	25	0
25	34	0
76	38	0
38	76	0
3	26	0
26	3	0
2	1	0
1	2	0
40	35	0
35	40	0
27	32	1
32	27	1
22	79	1
79	22	1
26	6	0
6	26	0
14	55	0
55	14	0
15	39	0
39	15	0
27	80	1
80	27	1
27	56	1
56	27	1
7	60	1
60	7	1
26	51	0
51	26	0
23	71	0
71	23	0
80	73	0
73	80	0
26	54	0
54	26	0
24	83	1
83	24	1
13	28	0
28	13	0
3	23	1
23	3	1
15	71	0
71	15	0
22	71	1
71	22	1
87	35	0
35	87	0
74	42	0
42	74	0
54	11	0
11	54	0
8	9	0
9	8	0
44	45	0
45	44	0
15	75	0
75	15	0
63	57	0
57	63	0
5	40	1
40	5	1
75	70	0
70	75	0
38	33	1
33	38	1
8	71	1
71	8	1
27	48	1
48	27	1
27	64	1
64	27	1
50	23	0
23	50	0
24	30	1
30	24	1
22	44	1
44	22	1
24	11	1
11	24	1
8	24	1
24	8	1
63	53	0
53	63	0
3	71	1
71	3	1
71	70	0
70	71	0
7	27	1
27	7	1
24	85	1
85	24	1
28	70	1
70	28	1
30	7	0
7	30	0
12	58	0
58	12	0
5	81	1
81	5	1
24	63	1
63	24	1
32	35	0
35	32	0
31	50	1
50	31	1
22	27	1
27	22	1
70	60	0
60	70	0
31	4	0
4	31	0
9	45	1
45	9	1
83	75	0
75	83	0
30	85	0
85	30	0
31	55	1
55	31	1
79	14	0
14	79	0
8	41	1
41	8	1
83	42	0
42	83	0
28	32	1
32	28	1
24	81	1
81	24	1
22	87	1
87	22	1
26	64	1
64	26	1
41	49	0
49	41	0
68	14	0
14	68	0
2	25	1
25	2	1
27	53	1
53	27	1
59	39	0
39	59	0
24	58	1
58	24	1
62	58	0
58	62	0
3	15	1
15	3	1
5	49	0
49	5	0
14	19	0
19	14	0
27	73	1
73	27	1
1	30	1
30	1	1
76	15	0
15	76	0
47	5	0
5	47	0
3	87	1
87	3	1
10	4	0
4	10	0
82	30	0
30	82	0
8	63	1
63	8	1
28	66	1
66	28	1
65	84	0
84	65	0
1	24	1
24	1	1
49	52	0
52	49	0
7	2	0
2	7	0
2	82	0
82	2	0
1	60	0
60	1	0
39	66	0
66	39	0
22	51	0
51	22	0
21	60	1
60	21	1
16	87	0
87	16	0
30	81	1
81	30	1
71	67	0
67	71	0
21	73	1
73	21	1
8	27	1
27	8	1
4	21	1
21	4	1
28	85	1
85	28	1
74	32	0
32	74	0
55	25	0
25	55	0
69	87	1
87	69	1
21	18	0
18	21	0
79	43	0
43	79	0
42	46	0
46	42	0
68	25	0
25	68	0
3	68	1
68	3	1
9	44	1
44	9	1
75	50	0
50	75	0
24	12	1
12	24	1
44	48	0
48	44	0
76	31	0
31	76	0
9	86	1
86	9	1
