2480	2119
2119	2480
1720	1929
1929	1720
1082	2884
2884	1082
235	1524
1524	235
5292	2007
2007	5292
5212	3316
3316	5212
4718	2447
2447	4718
5008	4255
4255	5008
2447	5008
5008	2447
3166	1901
1901	3166
3864	2420
2420	3864
2447	1251
1251	2447
2172	1093
1093	2172
1846	4481
4481	1846
2447	4503
4503	2447
804	40
40	804
5079	1915
1915	5079
1714	1514
1514	1714
2496	4621
4621	2496
1544	3320
3320	1544
208	2556
2556	208
4371	3608
3608	4371
578	1036
1036	578
4481	2467
2467	4481
1082	3537
3537	1082
3112	3608
3608	3112
2119	578
578	2119
2689	982
982	2689
2007	2041
2041	2007
1463	1530
1530	1463
17	1640
1640	17
1549	765
765	1549
1786	4255
4255	1786
4630	933
933	4630
1785	2612
2612	1785
2522	877
877	2522
3582	1650
1650	3582
1764	3255
3255	1764
2981	1036
1036	2981
2423	3916
3916	2423
3537	2619
2619	3537
17	3982
3982	17
4888	504
504	4888
2509	1254
1254	2509
17	1434
1434	17
804	1351
1351	804
2681	1212
1212	2681
504	982
982	504
578	4248
4248	578
5079	2619
2619	5079
3844	1150
1150	3844
4371	1535
1535	4371
1413	3320
3320	1413
3756	3255
3255	3756
1524	3065
3065	1524
1082	1898
1898	1082
1950	804
804	1950
2981	4000
4000	2981
1791	3982
3982	1791
2733	1162
1162	2733
504	4225
4225	504
1351	5008
5008	1351
5079	2496
2496	5079
4225	4376
4376	4225
2689	4481
4481	2689
504	2314
2314	504
5032	4248
4248	5032
4276	545
545	4276
1251	4772
4772	1251
2726	3345
3345	2726
1212	4188
4188	1212
16	1517
1517	16
2116	2444
2444	2116
2619	4621
4621	2619
1162	4225
4225	1162
5	2619
2619	5
2983	922
922	2983
1212	1567
1567	1212
4697	1769
1769	4697
3345	1720
1720	3345
4697	4718
4718	4697
5032	4314
4314	5032
3841	2380
2380	3841
746	2540
2540	746
2556	1254
1254	2556
1720	1251
1251	1720
1720	1714
1714	1720
4355	4621
4621	4355
2447	1511
1511	2447
621	504
504	621
1254	1067
1067	1254
4255	1463
1463	4255
50	1093
1093	50
5140	3320
3320	5140
2562	4000
4000	2562
5212	1634
1634	5212
457	2850
2850	457
4933	741
741	4933
1524	2794
2794	1524
5079	1511
1511	5079
238	4475
4475	238
746	1823
1823	746
4188	1847
1847	4188
4376	1823
1823	4376
1824	2619
2619	1824
3320	3345
3345	3320
4481	4255
4255	4481
1764	877
877	1764
2480	922
922	2480
2172	2689
2689	2172
3543	1786
1786	3543
3345	597
597	3345
456	4225
4225	456
4888	2733
2733	4888
5008	1846
1846	5008
2645	3841
3841	2645
235	2467
2467	235
1720	2619
2619	1720
1769	2540
2540	1769
235	50
50	235
2423	4347
4347	2423
976	2496
2496	976
4225	1605
1605	4225
1785	2041
2041	1785
1093	1898
1898	1093
1093	982
982	1093
1574	1547
1547	1574
1549	1342
1342	1549
5032	1720
1720	5032
235	4314
4314	235
1251	5286
5286	1251
5079	1434
1434	5079
3724	4970
4970	3724
2726	2420
2420	2726
1162	2619
2619	1162
1549	3345
3345	1549
2423	1901
1901	2423
3756	4376
4376	3756
3320	2041
2041	3320
16	1162
1162	16
578	2681
2681	578
1915	2041
2041	1915
1720	5140
5140	1720
545	1915
1915	545
2562	1764
1764	2562
1413	4621
4621	1413
1764	2467
2467	1764
1764	4481
4481	1764
1650	2875
2875	1650
2116	40
40	2116
2391	5212
5212	2391
1413	1604
1604	1413
1901	4314
4314	1901
17	2116
2116	17
982	4229
4229	982
2496	1785
1785	2496
2480	3841
3841	2480
111	208
208	111
456	3724
3724	456
208	3235
3235	208
40	1463
1463	40
2447	1604
1604	2447
1351	1119
1119	1351
5212	1524
1524	5212
2756	1785
1785	2756
2619	4275
4275	2619
2733	4376
4376	2733
2824	4446
4446	2824
1915	1511
1511	1915
4481	5235
5235	4481
677	3465
3465	677
1036	4238
4238	1036
3112	4275
4275	3112
1251	1650
1650	1251
2007	4481
4481	2007
2556	3065
3065	2556
765	1769
1769	765
4255	2314
2314	4255
1823	1785
1785	1823
3756	2420
2420	3756
3844	2645
2645	3844
1517	3105
3105	1517
2689	4276
4276	2689
1434	1650
1650	1434
3634	4630
4630	3634
1549	4347
4347	1549
1119	2041
2041	1119
4000	3844
3844	4000
1901	3195
3195	1901
5	2423
2423	5
2756	1823
1823	2756
621	785
785	621
583	2653
2653	583
578	5149
5149	578
1514	4627
4627	1514
1720	3841
3841	1720
4225	3916
3916	4225
982	2007
2007	982
2314	3537
3537	2314
2467	1511
1511	2467
5	3634
3634	5
765	597
597	765
208	3916
3916	208
1162	4371
4371	1162
1791	1547
1547	1791
2794	1720
1720	2794
1413	1823
1823	1413
1036	1547
1547	1036
2041	456
456	2041
2726	1929
1929	2726
111	3634
3634	111
785	4970
4970	785
5	1162
1162	5
741	1358
1358	741
2794	3608
3608	2794
2444	1162
1162	2444
677	5032
5032	677
741	1463
1463	741
4886	3634
3634	4886
4475	3465
3465	4475
1251	1358
1358	1251
4697	2850
2850	4697
3537	4275
4275	3537
804	1604
1604	804
3844	4248
4248	3844
3724	2444
2444	3724
1251	2464
2464	1251
3864	4248
4248	3864
1824	746
746	1824
1463	1929
1929	1463
16	2619
2619	16
2726	2619
2619	2726
1162	2001
2001	1162
1413	677
677	1413
1791	4371
4371	1791
785	1067
1067	785
5079	3112
3112	5079
4000	5032
5032	4000
804	4225
4225	804
3465	1524
1524	3465
4376	5212
5212	4376
2423	2562
2562	2423
1720	3255
3255	1720
2884	1342
1342	2884
17	1530
1530	17
4276	1605
1605	4276
1150	4062
4062	1150
3873	3756
3756	3873
1823	5
5	1823
3112	1929
1929	3112
4229	5037
5037	4229
2464	2496
2496	2464
4225	3235
3235	4225
5032	4371
4371	5032
1786	504
504	1786
40	3673
3673	40
1413	4188
4188	1413
4248	312
312	4248
5107	1524
1524	5107
3756	1898
1898	3756
1162	1358
1358	1162
4503	2653
2653	4503
1212	3145
3145	1212
456	1634
1634	456
3112	1901
1901	3112
741	1824
1824	741
1547	1785
1785	1547
4446	3465
3465	4446
17	2756
2756	17
4276	785
785	4276
1634	3105
3105	1634
1082	1847
1847	1082
3634	4371
4371	3634
3537	2344
2344	3537
1254	4229
4229	1254
3543	1351
1351	3543
4772	3724
3724	4772
1463	1358
1358	1463
583	2444
2444	583
2756	1847
1847	2756
2794	235
235	2794
4697	2983
2983	4697
4569	1434
1434	4569
2689	4446
4446	2689
2824	4062
4062	2824
4000	1634
1634	4000
2119	4314
4314	2119
578	2850
2850	578
1720	2884
2884	1720
1720	4225
4225	1720
1514	5121
5121	1514
3543	1823
1823	3543
1434	1714
1714	1434
3105	4314
4314	3105
3864	3673
3673	3864
4000	3756
3756	4000
4276	1823
1823	4276
1434	1950
1950	1434
1413	17
17	1413
111	4225
4225	111
2314	4506
4506	2314
3841	2509
2509	3841
1605	3724
3724	1605
621	1384
1384	621
1535	3916
3916	1535
578	1769
1769	578
5	1150
1150	5
933	3543
3543	933
3864	1915
1915	3864
1413	3105
3105	1413
1212	3873
3873	1212
2467	1605
1605	2467
3065	4886
4886	3065
1517	3864
3864	1517
1524	238
238	1524
1530	1067
1067	1530
5292	3345
3345	5292
1251	877
877	1251
2983	3844
3844	2983
1162	3537
3537	1162
1640	1634
1634	1640
1547	3465
3465	1547
2423	2287
2287	2423
804	2681
2681	804
741	5212
5212	741
3916	3724
3724	3916
1082	597
597	1082
1650	2314
2314	1650
2344	3756
3756	2344
3112	2562
2562	3112
1846	1574
1574	1846
4276	1714
1714	4276
1786	4475
4475	1786
4225	922
922	4225
1791	456
456	1791
1082	1251
1251	1082
2314	3255
3255	2314
3255	1036
1036	3255
2653	1530
1530	2653
4481	877
877	4481
2653	457
457	2653
5140	4238
4238	5140
1162	1547
1547	1162
2689	3253
3253	2689
3756	2496
2496	3756
5149	4225
4225	5149
804	5286
5286	804
2480	4276
4276	2480
1162	3673
3673	1162
50	1413
1413	50
5	4225
4225	5
746	1351
1351	746
1720	545
545	1720
4506	4347
4347	4506
1093	4506
4506	1093
4481	4275
4275	4481
2756	5149
5149	2756
3864	1567
1567	3864
1958	4697
4697	1958
1251	4933
4933	1251
2391	1915
1915	2391
2447	1791
1791	2447
2496	5
5	2496
1119	640
640	1119
2540	17
17	2540
2540	922
922	2540
4225	933
933	4225
2467	4225
4225	2467
2645	2119
2119	2645
312	1384
1384	312
1846	4188
4188	1846
4255	2001
2001	4255
1463	2444
2444	1463
1824	1567
1567	1824
1093	1791
1791	1093
1547	1929
1929	1547
2480	1384
1384	2480
3145	933
933	3145
1434	1847
1847	1434
1846	1785
1785	1846
3345	4062
4062	3345
2447	4506
4506	2447
4238	1150
1150	4238
3756	4225
4225	3756
4506	922
922	4506
1463	4229
4229	1463
504	1574
1574	504
2447	1824
1824	2447
3582	2612
2612	3582
5	2480
2480	5
4248	2467
2467	4248
3255	3982
3982	3255
1511	2645
2645	1511
4062	312
312	4062
5149	741
741	5149
3145	1067
1067	3145
1093	746
746	1093
1082	5037
5037	1082
677	1075
1075	677
3537	2496
2496	3537
3235	4355
4355	3235
1574	3253
3253	1574
2423	2001
2001	2423
4937	741
741	4937
1915	1434
1434	1915
4475	4347
4347	4475
2850	4692
4692	2850
4826	3316
3316	4826
4355	4503
4503	4355
312	1824
1824	312
2756	5292
5292	2756
313	640
640	313
2733	1634
1634	2733
1769	4225
4225	1769
785	3195
3195	785
5212	5037
5037	5212
1150	4772
4772	1150
3166	3543
3543	3166
3316	3235
3235	3316
5032	4692
4692	5032
1915	1640
1640	1915
5	982
982	5
2619	4937
4937	2619
2556	1901
1901	2556
1847	1067
1067	1847
3537	4248
4248	3537
1093	111
111	1093
1847	4697
4697	1847
1764	746
746	1764
1251	1714
1714	1251
5212	3543
3543	5212
2391	3873
3873	2391
1212	4275
4275	1212
1764	5149
5149	1764
804	1634
1634	804
1075	235
235	1075
3982	3756
3756	3982
1093	2556
2556	1093
2116	1898
1898	2116
2981	1640
1640	2981
4697	4481
4481	4697
1351	3982
3982	1351
17	545
545	17
3756	456
456	3756
3316	3756
3756	3316
4225	1604
1604	4225
17	2562
2562	17
5140	1524
1524	5140
2420	2467
2467	2420
3166	457
457	3166
578	1791
1791	578
5	3543
3543	5
2756	2444
2444	2756
3105	3316
3316	3105
4229	4188
4188	4229
4275	2116
2116	4275
1791	982
982	1791
545	1535
1535	545
1720	5107
5107	1720
4225	2884
2884	4225
2467	1898
1898	2467
4503	4314
4314	4503
3320	5107
5107	3320
1720	2522
2522	1720
3634	1150
1150	3634
3345	4503
4503	3345
2733	4225
4225	2733
4275	4371
4371	4275
5	504
504	5
1764	4248
4248	1764
4355	5008
5008	4355
4276	746
746	4276
2119	1898
1898	2119
3543	3756
3756	3543
5121	1530
1530	5121
4062	2444
2444	4062
4062	1434
1434	4062
4475	4937
4937	4475
4355	1720
1720	4355
1823	4275
4275	1823
1846	3253
3253	1846
3982	208
208	3982
4503	5079
5079	4503
1524	1567
1567	1524
2444	3251
3251	2444
5032	1067
1067	5032
3537	4188
4188	3537
1434	2001
2001	1434
4188	4886
4886	4188
3537	1714
1714	3537
1544	5037
5037	1544
5149	5079
5079	5149
933	1524
1524	933
597	2983
2983	597
2756	1434
1434	2756
1650	2447
2447	1650
4276	5235
5235	4276
2522	3844
3844	2522
1358	2041
2041	1358
2726	2612
2612	2726
741	1898
1898	741
5	2287
2287	5
2423	1549
1549	2423
1384	2287
2287	1384
4376	1082
1082	4376
4970	1950
1950	4970
3756	3166
3166	3756
741	621
621	741
5283	3608
3608	5283
2391	2689
2689	2391
208	2447
2447	208
5	4970
4970	5
933	4697
4697	933
2689	741
741	2689
1824	1547
1547	1824
1038	2562
2562	1038
1511	746
746	1511
3320	1082
1082	3320
4248	40
40	4248
1251	4255
4255	1251
1640	3316
3316	1640
1150	3320
3320	1150
40	3916
3916	40
3841	4446
4446	3841
4697	2423
2423	4697
2619	4371
4371	2619
2496	3465
3465	2496
5079	1604
1604	5079
1791	5121
5121	1791
4718	4062
4062	4718
5079	4276
4276	5079
1791	1640
1640	1791
765	4229
4229	765
3251	4276
4276	3251
2509	4621
4621	2509
3673	1604
1604	3673
3345	1605
1605	3345
1720	1604
1604	1720
765	1535
1535	765
1544	4826
4826	1544
111	3916
3916	111
3608	1434
1434	3608
4481	765
765	4481
1846	2619
2619	1846
1764	621
621	1764
804	5121
5121	804
3844	1915
1915	3844
2726	4276
4276	2726
1785	4000
4000	1785
1574	4446
4446	1574
4503	2467
2467	4503
1720	1434
1434	1720
1212	3112
3112	1212
1544	3608
3608	1544
4503	3537
3537	4503
238	2116
2116	238
1846	5
5	1846
1847	2344
2344	1847
677	3217
3217	677
1251	4970
4970	1251
3724	1720
1720	3724
3251	1036
1036	3251
5107	2983
2983	5107
16	1605
1605	16
1847	1898
1898	1847
1604	2391
2391	1604
4225	2522
2522	4225
3537	1358
1358	3537
2756	1824
1824	2756
17	1828
1828	17
3251	4481
4481	3251
1720	3844
3844	1720
3844	2509
2509	3844
5292	2467
2467	5292
457	3145
3145	457
1067	3112
3112	1067
3345	4937
4937	3345
1530	4225
4225	1530
4627	2562
2562	4627
4475	5037
5037	4475
5283	3251
3251	5283
804	4937
4937	804
1958	4446
4446	1958
2001	4229
4229	2001
312	4225
4225	312
1846	545
545	1846
3841	1162
1162	3841
4446	2509
2509	4446
4225	545
545	4225
2689	2314
2314	2689
1720	3537
3537	1720
457	1530
1530	457
5	1075
1075	5
3145	2562
2562	3145
1351	1075
1075	1351
4630	5149
5149	4630
5037	1720
1720	5037
3195	3608
3608	3195
1915	5107
5107	1915
2391	5149
5149	2391
741	4276
4276	741
4718	4503
4503	4718
2423	4275
4275	2423
1786	2420
2420	1786
4225	2562
2562	4225
4481	2540
2540	4481
4481	2612
2612	4481
1093	2756
2756	1093
1847	4225
4225	1847
2119	3537
3537	2119
2447	2464
2464	2447
3543	1358
1358	3543
741	4314
4314	741
2423	4371
4371	2423
2689	2447
2447	2689
5079	804
804	5079
804	1254
1254	804
1093	5235
5235	1093
3112	545
545	3112
1846	5079
5079	1846
2756	1251
1251	2756
4276	4772
4772	4276
3316	5235
5235	3316
2447	1898
1898	2447
2116	1036
1036	2116
2423	3543
3543	2423
1824	4621
4621	1824
4718	5286
5286	4718
4475	2314
2314	4475
5	2562
2562	5
5	922
922	5
1038	4970
4970	1038
3543	746
746	3543
1162	4621
4621	1162
4481	621
621	4481
4475	4225
4225	4475
4475	4275
4275	4475
1463	3465
3465	1463
5140	3145
3145	5140
2794	1517
1517	2794
785	4225
4225	785
2681	4621
4621	2681
5	1769
1769	5
4569	1823
1823	4569
804	1093
1093	804
3166	4275
4275	3166
578	2444
2444	578
1764	1824
1824	1764
621	2540
2540	621
2983	785
785	2983
545	2380
2380	545
1764	1036
1036	1764
2556	1511
1511	2556
2540	982
982	2540
1212	4225
4225	1212
5107	4225
4225	5107
2391	3841
3841	2391
313	2444
2444	313
1434	2480
2480	1434
1764	4225
4225	1764
3065	2480
2480	3065
5149	1358
1358	5149
804	3616
3616	804
1093	1511
1511	1093
4697	1901
1901	4697
4772	1530
1530	4772
1524	677
677	1524
4347	1634
1634	4347
4347	5
5	4347
4481	982
982	4481
2556	1898
1898	2556
1119	1567
1567	1119
456	4276
4276	456
785	238
238	785
16	3841
3841	16
1720	3235
3235	1720
1038	4188
4188	1038
50	4225
4225	50
4225	3105
3105	4225
2619	982
982	2619
4225	4229
4229	4225
1720	922
922	1720
4225	1119
1119	4225
457	3072
3072	457
976	1413
1413	976
2733	1251
1251	2733
1846	4225
4225	1846
2556	3255
3255	2556
1517	845
845	1517
578	1511
1511	578
3465	2824
2824	3465
804	1082
1082	804
4376	2983
2983	4376
1082	4503
4503	1082
1915	1212
1212	1915
4503	4347
4347	4503
4000	2001
2001	4000
3916	5286
5286	3916
2981	4225
4225	2981
3634	3465
3465	3634
3873	1093
1093	3873
2983	3841
3841	2983
1251	2041
2041	1251
3537	4630
4630	3537
40	1605
1605	40
2824	1714
1714	2824
597	3072
3072	597
40	2653
2653	40
2612	5079
5079	2612
1351	2001
2001	1351
5212	4630
4630	5212
4888	1915
1915	4888
2824	1530
1530	2824
4347	3235
3235	4347
1150	4621
4621	1150
2380	2041
2041	2380
17	1791
1791	17
1785	4772
4772	1785
4000	2875
2875	4000
235	3841
3841	235
457	3873
3873	457
2850	2172
2172	2850
4481	3235
3235	4481
2726	4826
4826	2726
5149	1254
1254	5149
1720	3673
3673	1720
2619	5235
5235	2619
2467	3316
3316	2467
50	1605
1605	50
5121	1093
1093	5121
5	1254
1254	5
1413	5079
5079	1413
2314	1720
1720	2314
4276	4255
4255	4276
1640	1785
1785	1640
1150	3673
3673	1150
1530	5212
5212	1530
1714	1351
1351	1714
4371	4314
4314	4371
235	2681
2681	235
2726	877
877	2726
982	597
597	982
1764	578
578	1764
208	4481
4481	208
4248	1038
1038	4248
5032	1898
1898	5032
4355	545
545	4355
1514	1847
1847	1514
1093	4933
4933	1093
1720	1824
1824	1720
3982	1847
1847	3982
3582	982
982	3582
1119	2496
2496	1119
5292	4627
4627	5292
4225	1640
1640	4225
1824	5008
5008	1824
4225	5121
5121	4225
597	5032
5032	597
2496	3864
3864	2496
3673	2464
2464	3673
3112	4371
4371	3112
4248	2464
2464	4248
1384	5008
5008	1384
2983	2562
2562	2983
1846	1929
1929	1846
2983	4255
4255	2983
1720	4630
4630	1720
3841	4225
4225	3841
3253	2556
2556	3253
1212	4630
4630	1212
1764	922
922	1764
3537	2287
2287	3537
785	17
17	785
3345	3316
3316	3345
4888	4225
4225	4888
457	1067
1067	457
5008	583
583	5008
1162	2875
2875	1162
3345	4621
4621	3345
2496	4630
4630	2496
741	2540
2540	741
3634	3112
3112	3634
3255	1162
1162	3255
4506	1254
1254	4506
3112	1958
1958	3112
2391	1785
1785	2391
2756	4355
4355	2756
3316	3724
3724	3316
1714	1119
1119	1714
5	1824
1824	5
1915	621
621	1915
3864	4275
4275	3864
5079	1764
1764	5079
933	16
16	933
4276	4506
4506	4276
1823	5121
5121	1823
4697	1785
1785	4697
3195	2447
2447	3195
4481	1036
1036	4481
1958	456
456	1958
804	3844
3844	804
4188	2041
2041	4188
2681	4481
4481	2681
845	3844
3844	845
4481	3616
3616	4481
3537	1254
1254	3537
2556	4225
4225	2556
982	1847
1847	982
2884	1093
1093	2884
1764	1958
1958	1764
456	235
235	456
1036	1150
1150	1036
1413	3195
3195	1413
1929	504
504	1929
16	4225
4225	16
40	2875
2875	40
2464	741
741	2464
5292	1791
1791	5292
1950	4475
4475	1950
2444	17
17	2444
4188	1824
1824	4188
4475	621
621	4475
40	1929
1929	40
2116	504
504	2116
976	4630
4630	976
741	3105
3105	741
4481	1605
1605	4481
4276	4886
4886	4276
1898	5292
5292	1898
2467	4255
4255	2467
1604	1150
1150	1604
3112	4376
4376	3112
1898	3072
3072	1898
621	2645
2645	621
4347	1574
1574	4347
2756	583
583	2756
4697	2689
2689	4697
3345	40
40	3345
3724	4225
4225	3724
4347	4970
4970	4347
1434	3864
3864	1434
2467	3616
3616	2467
4225	1901
1901	4225
4697	1823
1823	4697
578	4225
4225	578
2496	4225
4225	2496
4376	5107
5107	4376
111	313
313	111
2726	1358
1358	2726
1769	4718
4718	1769
2522	741
741	2522
765	1254
1254	765
2756	922
922	2756
17	2981
2981	17
2556	1082
1082	2556
2467	1434
1434	2467
3844	1714
1714	3844
4970	3873
3873	4970
1358	1640
1640	1358
4475	3316
3316	4475
4772	4475
4475	4772
4275	4446
4446	4275
4826	4371
4371	4826
2480	4970
4970	2480
1574	1549
1549	1574
2423	2007
2007	2423
804	1901
1901	804
2423	545
545	2423
2689	2619
2619	2689
1901	1524
1524	1901
3345	545
545	3345
3253	5140
5140	3253
2726	2001
2001	2726
1786	1549
1549	1786
5149	4276
4276	5149
4000	4481
4481	4000
4371	1634
1634	4371
5032	1605
1605	5032
2007	1828
1828	2007
1549	4255
4255	1549
741	5235
5235	741
1720	4314
4314	1720
3864	4621
4621	3864
2314	4970
4970	2314
1720	50
50	1720
2619	1714
1714	2619
1764	1898
1898	1764
1511	1605
1605	1511
4475	1714
1714	4475
1075	4347
4347	1075
2464	1342
1342	2464
1720	2467
2467	1720
4718	2562
2562	4718
2619	746
746	2619
2447	597
597	2447
1463	4376
4376	1463
1413	1898
1898	1413
1463	545
545	1463
2391	1358
1358	2391
2689	2726
2726	2689
1463	2314
2314	1463
4314	3195
3195	4314
2850	4238
4238	2850
3195	4225
4225	3195
1950	5121
5121	1950
4886	4937
4937	4886
1212	1549
1549	1212
1463	5283
5283	1463
1384	3982
3982	1384
4888	4826
4826	4888
4970	3844
3844	4970
3582	4225
4225	3582
4275	1929
1929	4275
1463	2875
2875	1463
4627	2467
2467	4627
1764	3316
3316	1764
1162	2496
2496	1162
1093	1605
1605	1093
3864	2645
2645	3864
4229	1604
1604	4229
1828	1769
1769	1828
2756	545
545	2756
1847	2444
2444	1847
2619	4248
4248	2619
1604	1351
1351	1604
2496	1254
1254	2496
4933	597
597	4933
3844	3320
3320	3844
5	1463
1463	5
3253	597
597	3253
4569	2981
2981	4569
1847	3320
3320	1847
2619	2556
2556	2619
1384	1898
1898	1384
2467	5235
5235	2467
3616	2001
2001	3616
40	2619
2619	40
1791	1549
1549	1791
4481	1898
1898	4481
2824	4225
4225	2824
1898	4355
4355	1898
3072	1567
1567	3072
1517	1075
1075	1517
1898	597
597	1898
4481	4446
4446	4481
3537	1567
1567	3537
5032	976
976	5032
4481	1093
1093	4481
111	1574
1574	111
5212	3608
3608	5212
5286	1549
1549	5286
1786	5008
5008	1786
1036	3608
3608	1036
1530	3253
3253	1530
3537	3608
3608	3537
3616	845
845	3616
3105	3873
3873	3105
1093	4238
4238	1093
5	4255
4255	5
4718	3145
3145	4718
2756	621
621	2756
4481	1511
1511	4481
2447	1358
1358	2447
2645	4062
4062	2645
4888	1413
1413	4888
3251	4970
4970	3251
2007	2850
2850	2007
1535	4188
4188	1535
2380	5032
5032	2380
3616	877
877	3616
3166	1567
1567	3166
5	2007
2007	5
1846	3105
3105	1846
4481	746
746	4481
5032	922
922	5032
1720	621
621	1720
4355	1786
1786	4355
3537	16
16	3537
1413	4503
4503	1413
3105	457
457	3105
313	746
746	313
4826	1567
1567	4826
922	1036
1036	922
40	1162
1162	40
4225	2314
2314	4225
1605	804
804	1605
1549	4225
4225	1549
2001	1547
1547	2001
3255	5286
5286	3255
3982	4225
4225	3982
2007	583
583	2007
2981	2619
2619	2981
1384	578
578	1384
2391	1567
1567	2391
50	1463
1463	50
2689	1093
1093	2689
3543	3072
3072	3543
4886	2287
2287	4886
1162	1824
1824	1162
2794	1530
1530	2794
1824	3673
3673	1824
2391	3844
3844	2391
1764	1254
1254	1764
1434	545
545	1434
1786	1605
1605	1786
1535	2116
2116	1535
3065	3537
3537	3065
1251	982
982	1251
2314	457
457	2314
3582	3844
3844	3582
3105	3864
3864	3105
1720	3465
3465	1720
5212	4937
4937	5212
1567	1351
1351	1567
1769	4481
4481	1769
2983	3253
3253	2983
1384	457
457	1384
4062	16
16	4062
1847	746
746	1847
4000	1075
1075	4000
1846	741
741	1846
4225	976
976	4225
1720	1574
1574	1720
4000	3316
3316	4000
2556	1251
1251	2556
3844	1604
1604	3844
2522	5008
5008	2522
1720	1162
1162	1720
3844	597
597	3844
2119	2562
2562	2119
313	3864
3864	313
235	2850
2850	235
4229	4621
4621	4229
1764	4630
4630	1764
4276	1251
1251	4276
1824	1714
1714	1824
1384	4347
4347	1384
3537	4255
4255	3537
1413	3582
3582	1413
4255	1567
1567	4255
5286	16
16	5286
2391	4481
4481	2391
1547	4933
4933	1547
3235	1535
1535	3235
2726	2344
2344	2726
3251	4225
4225	3251
2794	313
313	2794
3145	640
640	3145
1251	4446
4446	1251
17	5
5	17
2480	3873
3873	2480
2423	2653
2653	2423
2645	4933
4933	2645
1791	3537
3537	1791
50	1511
1511	50
4255	2391
2391	4255
4225	677
677	4225
2556	1530
1530	2556
545	2733
2733	545
2681	4062
4062	2681
2612	3982
3982	2612
2314	3253
3253	2314
2447	2314
2314	2447
2794	845
845	2794
2172	597
597	2172
2447	4225
4225	2447
1769	545
545	1769
2733	4255
4255	2733
3864	922
922	3864
804	1517
1517	804
4248	1036
1036	4248
2540	5235
5235	2540
804	1714
1714	804
1791	2824
2824	1791
5	4692
4692	5
5	2756
2756	5
804	4276
4276	804
457	50
50	457
1434	1358
1358	1434
877	3844
3844	877
1824	50
50	1824
4933	4229
4229	4933
2619	1358
1358	2619
4772	1714
1714	4772
3105	1786
1786	3105
4225	1650
1650	4225
2726	1254
1254	2726
1714	3316
3316	1714
17	3864
3864	17
3582	5212
5212	3582
4188	1650
1650	4188
3145	3316
3316	3145
2619	5037
5037	2619
2556	2467
2467	2556
597	2464
2464	597
1574	1082
1082	1574
4937	1544
1544	4937
17	677
677	17
1720	1823
1823	1720
3255	1574
1574	3255
4718	1785
1785	4718
2689	2001
2001	2689
1251	1791
1791	1251
456	982
982	456
578	4621
4621	578
621	5008
5008	621
2467	1251
1251	2467
1082	4347
4347	1082
2689	4621
4621	2689
3543	1791
1791	3543
4225	4238
4238	4225
456	5283
5283	456
1212	982
982	1212
17	1567
1567	17
1791	4630
4630	1791
4276	1898
1898	4276
2756	3916
3916	2756
2391	4630
4630	2391
2794	4446
4446	2794
4627	1785
1785	4627
4371	2983
2983	4371
1511	677
677	1511
4355	4225
4225	4355
4970	5149
5149	4970
4692	785
785	4692
1574	4355
4355	1574
1574	2824
2824	1574
2391	741
741	2391
578	4630
4630	578
1824	3537
3537	1824
3582	3320
3320	3582
5149	3673
3673	5149
1162	2726
2726	1162
4888	1254
1254	4888
5037	5235
5235	5037
3320	5121
5121	3320
2314	804
804	2314
2884	3916
3916	2884
1150	1929
1929	1150
3253	1824
1824	3253
2423	3673
3673	2423
1547	3251
3251	1547
2619	2612
2612	2619
3841	1714
1714	3841
4506	4225
4225	4506
4886	1463
1463	4886
1162	2314
2314	1162
2041	3072
3072	2041
5079	545
545	5079
1511	4238
4238	1511
5292	2556
2556	5292
2007	2380
2380	2007
2509	877
877	2509
1791	976
976	1791
4569	1650
1650	4569
1093	2612
2612	1093
1764	3320
3320	1764
4933	3345
3345	4933
2447	3982
3982	2447
1413	1567
1567	1413
5140	4276
4276	5140
1544	1150
1150	1544
2423	1254
1254	2423
2314	1828
1828	2314
2726	3112
3112	2726
4718	741
741	4718
5079	312
312	5079
2480	2726
2726	2480
3195	2467
2467	3195
3864	3608
3608	3864
1720	3864
3864	1720
4481	1786
1786	4481
1764	3235
3235	1764
5037	3195
3195	5037
1786	1958
1958	1786
1251	4062
4062	1251
1823	3673
3673	1823
2884	765
765	2884
1413	1434
1434	1413
5	1847
1847	5
3756	1950
1950	3756
877	2041
2041	877
5149	1251
1251	5149
1764	2447
2447	1764
2447	4255
4255	2447
3982	877
877	3982
1544	1567
1567	1544
1463	4503
4503	1463
4376	4692
4692	4376
1511	4255
4255	1511
1720	4503
4503	1720
2423	2756
2756	2423
2496	2653
2653	2496
3537	1901
1901	3537
4225	3616
3616	4225
1384	1929
1929	1384
3616	4970
4970	3616
40	1413
1413	40
40	4630
4630	40
1075	4062
4062	1075
3065	2733
2733	3065
1082	3608
3608	1082
1547	1212
1212	1547
1036	4475
4475	1036
1544	4697
4697	1544
765	5037
5037	765
4225	640
640	4225
1251	1254
1254	1251
2653	3112
3112	2653
1038	4355
4355	1038
804	4062
4062	804
1549	3916
3916	1549
40	5212
5212	40
313	982
982	313
3316	4772
4772	3316
4225	1714
1714	4225
2344	1342
1342	2344
5079	4446
4446	5079
1547	4225
4225	1547
1251	5283
5283	1251
3112	3253
3253	3112
4481	1254
1254	4481
5140	4225
4225	5140
2726	1530
1530	2726
2884	621
621	2884
1824	4371
4371	1824
2423	2884
2884	2423
741	2287
2287	741
1251	4692
4692	1251
2496	4970
4970	2496
1544	4506
4506	1544
845	4255
4255	845
1549	1254
1254	1549
4697	1384
1384	4697
4826	1901
1901	4826
1769	4276
4276	1769
3537	5212
5212	3537
1530	2884
2884	1530
111	504
504	111
2391	2619
2619	2391
4826	785
785	4826
2001	1640
1640	2001
208	982
982	208
2172	3166
3166	2172
3065	4933
4933	3065
2824	1785
1785	2824
5079	4937
4937	5079
5079	621
621	5079
5212	5140
5140	5212
4475	2420
2420	4475
877	312
312	877
3537	1517
1517	3537
5212	1251
1251	5212
2619	933
933	2619
3916	1846
1846	3916
4481	1650
1650	4481
5	3537
3537	5
40	4276
4276	40
3844	746
746	3844
4255	4000
4000	4255
804	1769
1769	804
2391	2509
2509	2391
1720	4062
4062	1720
5286	3724
3724	5286
1720	4970
4970	1720
4225	1150
1150	4225
1463	4314
4314	1463
2391	982
982	2391
4506	1786
1786	4506
4225	1351
1351	4225
1720	1901
1901	1720
2287	1650
1650	2287
2756	5121
5121	2756
741	2756
2756	741
2562	1212
1212	2562
17	4238
4238	17
1434	1547
1547	1434
1530	1847
1847	1530
50	1791
1791	50
2467	877
877	2467
3756	2824
2824	3756
2001	2464
2464	2001
1162	4970
4970	1162
2653	3916
3916	2653
4276	1764
1764	4276
2423	1413
1413	2423
2726	3673
3673	2726
3112	2001
2001	3112
2619	2287
2287	2619
2447	4276
4276	2447
4276	640
640	4276
741	933
933	741
3112	1162
1162	3112
3255	2619
2619	3255
1901	5079
5079	1901
1769	982
982	1769
5079	2562
2562	5079
1413	741
741	1413
3166	111
111	3166
2756	4347
4347	2756
4229	1384
1384	4229
4188	2509
2509	4188
2423	1567
1567	2423
1150	1898
1898	1150
4062	1950
1950	4062
2983	238
238	2983
1162	1567
1567	1162
1251	746
746	1251
4276	3844
3844	4276
1764	976
976	1764
4481	2496
2496	4481
457	4933
4933	457
4481	2824
2824	4481
5	4062
4062	5
1720	3916
3916	1720
504	3873
3873	504
4481	2522
2522	4481
5107	3616
3616	5107
1162	1714
1714	1162
1517	3673
3673	1517
1251	3320
3320	1251
3065	1567
1567	3065
583	1567
1567	583
2884	545
545	2884
1786	677
677	1786
804	1720
1720	804
3756	5235
5235	3756
2619	1604
1604	2619
50	3756
3756	50
2619	4697
4697	2619
4355	1567
1567	4355
1434	4697
4697	1434
2653	238
238	2653
5079	2420
2420	5079
3582	1119
1119	3582
1463	3616
3616	1463
4692	1162
1162	4692
40	3465
3465	40
3166	3673
3673	3166
2824	5032
5032	2824
4697	3112
3112	4697
2480	2556
2556	2480
1720	3112
3112	1720
5121	4506
4506	5121
5079	4188
4188	5079
2756	2314
2314	2756
2884	1714
1714	2884
2480	1162
1162	2480
3724	4347
4347	3724
2875	2287
2287	2875
1511	5235
5235	1511
2689	746
746	2689
3316	4238
4238	3316
3543	1463
1463	3543
1901	2653
2653	1901
4355	4933
4933	4355
3582	741
741	3582
4276	2344
2344	4276
4276	2619
2619	4276
2756	4481
4481	2756
3844	1358
1358	3844
4347	845
845	4347
457	3112
3112	457
3982	5235
5235	3982
3756	4355
4355	3756
2391	3465
3465	2391
1824	1358
1358	1824
5286	4355
4355	5286
5149	5212
5212	5149
5032	1764
1764	5032
17	4630
4630	17
1463	621
621	1463
4276	3537
3537	4276
1929	4355
4355	1929
804	4248
4248	804
1785	313
313	1785
1524	4506
4506	1524
583	3582
3582	583
4000	1791
1791	4000
1082	4225
4225	1082
3608	922
922	3608
3072	1769
1769	3072
2756	976
976	2756
4697	4347
4347	4697
1463	4888
4888	1463
4481	4276
4276	4481
313	4225
4225	313
4886	1093
1093	4886
456	111
111	456
1119	1898
1898	1119
457	3253
3253	457
40	457
457	40
1720	1650
1650	1720
3112	1714
1714	3112
1093	3316
3316	1093
4225	4371
4371	4225
1791	1605
1605	1791
1823	640
640	1823
2522	238
238	2522
976	5140
5140	976
4697	545
545	4697
4276	1162
1162	4276
456	1463
1463	456
3251	3105
3105	3251
1384	4314
4314	1384
1251	1634
1634	1251
2423	5286
5286	2423
2380	1517
1517	2380
3844	2619
2619	3844
2681	4225
4225	2681
741	4225
4225	741
4569	2496
2496	4569
1517	1929
1929	1517
4772	741
741	4772
3873	4248
4248	3873
3537	4621
4621	3537
4000	1251
1251	4000
3235	1434
1434	3235
4481	4888
4888	4481
1764	5212
5212	1764
1567	4937
4937	1567
4772	312
312	4772
4826	1604
1604	4826
1823	4062
4062	1823
4697	1915
1915	4697
1828	933
933	1828
3345	2287
2287	3345
2794	2380
2380	2794
2447	1605
1605	2447
50	877
877	50
1434	3844
3844	1434
1547	2423
2423	1547
1463	4062
4062	1463
4225	1567
1567	4225
2480	1093
1093	2480
3582	3916
3916	3582
741	4481
4481	741
1342	3217
3217	1342
1720	976
976	1720
2726	4225
4225	2726
3195	2444
2444	3195
1463	1785
1785	1463
3105	1463
1463	3105
3145	1567
1567	3145
3251	3844
3844	3251
1212	4970
4970	1212
804	3582
3582	804
3112	1567
1567	3112
2756	1915
1915	2756
3065	3864
3864	3065
2726	5079
5079	2726
1434	5149
5149	1434
2344	1535
1535	2344
4481	2556
2556	4481
456	4933
4933	456
804	982
982	804
5	1605
1605	5
3673	2850
2850	3673
804	2496
2496	804
4275	2850
2850	4275
1511	1358
1358	1511
804	2824
2824	804
1524	4475
4475	1524
677	4506
4506	677
2619	545
545	2619
4937	1828
1828	4937
2689	4255
4255	2689
1530	1650
1650	1530
583	1254
1254	583
1463	4371
4371	1463
3864	1847
1847	3864
2391	545
545	2391
1119	3844
3844	1119
4238	3251
3251	4238
1915	3112
3112	1915
2756	3537
3537	2756
4188	2689
2689	4188
1251	4238
4238	1251
1082	1791
1791	1082
3072	235
235	3072
1342	1958
1958	1342
5	3105
3105	5
111	1547
1547	111
2756	2884
2884	2756
5	1604
1604	5
2380	1358
1358	2380
1764	4446
4446	1764
208	2467
2467	208
3844	4937
4937	3844
1082	4238
4238	1082
1769	5037
5037	1769
1567	1093
1093	1567
3916	5235
5235	3916
1791	4627
4627	1791
1544	4621
4621	1544
804	5292
5292	804
1517	1567
1567	1517
2756	2119
2119	2756
2314	2480
2480	2314
1650	1604
1604	1650
1514	1212
1212	1514
40	1517
1517	40
1720	4621
4621	1720
804	3235
3235	804
2756	1547
1547	2756
1434	40
40	1434
2689	1791
1791	2689
1530	5235
5235	1530
2001	1915
1915	2001
1463	2681
2681	1463
2540	1898
1898	2540
545	2794
2794	545
3916	2480
2480	3916
1093	4697
4697	1093
3543	4630
4630	3543
4255	804
804	4255
4627	3166
3166	4627
4772	4692
4692	4772
1162	5149
5149	1162
5008	5149
5149	5008
2875	1351
1351	2875
4772	3582
3582	4772
2467	746
746	2467
785	2540
2540	785
785	2733
2733	785
2653	2380
2380	2653
640	1714
1714	640
3608	1898
1898	3608
1549	3316
3316	1549
5286	1162
1162	5286
3255	1714
1714	3255
2983	5008
5008	2983
3841	2884
2884	3841
16	4826
4826	16
597	640
640	597
5079	1535
1535	5079
4933	3673
3673	4933
1847	765
765	1847
1720	5212
5212	1720
4276	4888
4888	4276
2726	2522
2522	2726
40	1824
1824	40
1463	5212
5212	1463
3616	578
578	3616
4248	3345
3345	4248
1847	4229
4229	1847
1791	208
208	1791
4000	578
578	4000
1212	3543
3543	1212
1791	4347
4347	1791
741	3844
3844	741
4481	1434
1434	4481
1530	1251
1251	1530
456	3673
3673	456
2447	4000
4000	2447
504	2391
2391	504
5008	3217
3217	5008
1791	1358
1358	1791
1463	3537
3537	1463
4506	1251
1251	4506
1574	2391
2391	1574
741	1517
1517	741
1769	785
785	1769
4888	5149
5149	4888
1567	235
235	1567
5	1212
1212	5
2172	4225
4225	2172
4826	922
922	4826
1785	4229
4229	1785
1254	1413
1413	1254
2983	982
982	2983
2420	1075
1075	2420
4718	2619
2619	4718
2756	4062
4062	2756
621	3345
3345	621
741	1434
1434	741
4697	2756
2756	4697
2423	1463
1463	2423
2464	3217
3217	2464
804	746
746	804
2726	1036
1036	2726
4630	922
922	4630
4481	1604
1604	4481
111	1517
1517	111
3316	1898
1898	3316
5032	3756
3756	5032
1067	3253
3253	1067
5149	4347
4347	5149
2480	1511
1511	2480
2756	2001
2001	2756
765	2681
2681	765
208	4314
4314	208
1650	312
312	1650
3844	3916
3916	3844
1358	3724
3724	1358
2287	1212
1212	2287
1604	2875
2875	1604
2447	3320
3320	2447
2726	1511
1511	2726
4188	2380
2380	4188
1093	4371
4371	1093
1517	621
621	1517
3873	2041
2041	3873
2172	4826
4826	2172
2981	3841
3841	2981
597	5140
5140	597
3982	3065
3065	3982
4225	5235
5235	4225
2287	3320
3320	2287
4000	40
40	4000
2875	3251
3251	2875
2875	1769
1769	2875
4446	1828
1828	4446
2726	1413
1413	2726
208	5235
5235	208
2756	1358
1358	2756
1720	1605
1605	1720
4506	1846
1846	4506
5	2420
2420	5
2423	1929
1929	2423
1720	1547
1547	1720
2480	1251
1251	2480
1846	4933
4933	1846
5032	3537
3537	5032
16	3864
3864	16
4314	5149
5149	4314
50	5283
5283	50
1384	1567
1567	1384
2119	4255
4255	2119
677	4314
4314	677
2689	2467
2467	2689
3841	4627
4627	3841
4000	4225
4225	4000
1463	922
922	1463
3537	4937
4937	3537
3864	3537
3537	3864
3251	2884
2884	3251
5149	1785
1785	5149
5079	3864
3864	5079
5079	4225
4225	5079
1036	2391
2391	1036
2116	2522
2522	2116
2556	3320
3320	2556
4376	111
111	4376
2756	4503
4503	2756
1384	4276
4276	1384
1511	3543
3543	1511
1036	1517
1517	1036
4692	4188
4188	4692
3844	2850
2850	3844
1413	621
621	1413
40	1358
1358	40
2380	2344
2344	2380
3844	1824
1824	3844
4225	877
877	4225
1785	1824
1824	1785
741	1162
1162	741
1150	5212
5212	1150
1358	3065
3065	1358
4569	3673
3673	4569
1764	2001
2001	1764
2689	2116
2116	2689
3195	2562
2562	3195
208	1093
1093	208
3316	2344
2344	3316
1650	2884
2884	1650
4225	1574
1574	4225
3195	1634
1634	3195
2653	1634
1634	2653
4481	677
677	4481
1846	1604
1604	1846
1413	845
845	1413
1075	1567
1567	1075
1093	3235
3235	1093
4697	3864
3864	4697
2794	1567
1567	2794
3756	4276
4276	3756
1530	3537
3537	1530
4826	2041
2041	4826
1511	2287
2287	1511
3673	2689
2689	3673
1511	3235
3235	1511
5149	3916
3916	5149
578	3916
3916	578
2391	2041
2041	2391
3112	3217
3217	3112
4569	2645
2645	4569
1640	1720
1720	1640
2391	1517
1517	2391
1434	877
877	1434
4355	5149
5149	4355
3217	3195
3195	3217
3345	2509
2509	3345
4475	1785
1785	4475
5079	2423
2423	5079
2689	3537
3537	2689
3465	4506
4506	3465
5079	5212
5212	5079
1567	4886
4886	1567
4446	578
578	4446
3844	5212
5212	3844
741	1764
1764	741
2619	1901
1901	2619
1384	4446
4446	1384
5283	3195
3195	5283
3235	597
597	3235
4225	5292
5292	4225
5	4621
4621	5
3072	1342
1342	3072
1413	4772
4772	1413
3756	3112
3112	3756
2496	1463
1463	2496
3616	1036
1036	3616
4627	5283
5283	4627
4275	1824
1824	4275
2391	4503
4503	2391
5037	1119
1119	5037
2983	2689
2689	2983
5149	1898
1898	5149
785	2172
2172	785
4718	3105
3105	4718
1162	1517
1517	1162
3982	1251
1251	3982
4225	982
982	4225
1517	5037
5037	1517
2480	4225
4225	2480
2423	4475
4475	2423
621	2522
2522	621
1958	2391
2391	1958
3320	2612
2612	3320
4276	4238
4238	4276
1823	1384
1384	1823
4355	17
17	4355
2689	1605
1605	2689
1714	5140
5140	1714
5	5212
5212	5
3844	2444
2444	3844
2041	1605
1605	2041
4062	1511
1511	4062
2875	4225
4225	2875
2467	982
982	2467
4000	2824
2824	4000
4503	5140
5140	4503
1791	1567
1567	1791
785	4503
4503	785
4970	4503
4503	4970
1828	4569
4569	1828
1075	17
17	1075
765	1567
1567	765
4888	4933
4933	4888
4627	1547
1547	4627
5212	1567
1567	5212
16	1067
1067	16
3345	2464
2464	3345
2556	5235
5235	2556
1434	1929
1929	1434
2619	3320
3320	2619
5212	1358
1358	5212
1650	741
741	1650
2689	4347
4347	2689
804	456
456	804
4886	4692
4692	4886
457	2344
2344	457
1524	4371
4371	1524
3543	4225
4225	3543
2645	238
238	2645
5008	2287
2287	5008
741	3537
3537	741
1847	3253
3253	1847
2756	1714
1714	2756
2380	4314
4314	2380
1720	4475
4475	1720
804	5283
5283	804
2726	4503
4503	2726
1342	4355
4355	1342
765	1958
1958	765
3756	2756
2756	3756
4225	746
746	4225
4229	3251
3251	4229
4718	1929
1929	4718
4697	4475
4475	4697
4355	4937
4937	4355
1847	3537
3537	1847
5079	2314
2314	5079
741	1254
1254	741
4225	4275
4275	4225
3543	2172
2172	3543
2423	621
621	2423
1082	2447
2447	1082
2726	2172
2172	2726
877	3105
3105	877
5032	1093
1093	5032
4937	1547
1547	4937
2496	982
982	2496
3255	4225
4225	3255
1604	1082
1082	1604
578	677
677	578
5149	4826
4826	5149
1634	4475
4475	1634
5212	1929
1929	5212
2287	1714
1714	2287
4225	1358
1358	4225
597	4506
4506	597
4888	111
111	4888
5008	2116
2116	5008
2444	3608
3608	2444
3195	1898
1898	3195
4225	4248
4248	4225
2423	1384
1384	2423
3864	2391
2391	3864
804	2612
2612	804
3235	3166
3166	3235
2556	4255
4255	2556
1567	2850
2850	1567
4697	4503
4503	4697
3112	2619
2619	3112
1082	2007
2007	1082
5079	4371
4371	5079
1764	3253
3253	1764
3756	765
765	3756
4481	3982
3982	4481
312	1162
1162	312
3724	5212
5212	3724
4446	597
597	4446
4225	1413
1413	4225
2423	313
313	2423
2875	3916
3916	2875
4937	504
504	4937
3582	1351
1351	3582
2540	1036
1036	2540
4225	2464
2464	4225
1517	1785
1785	1517
3255	1150
1150	3255
2619	4630
4630	2619
1547	4347
4347	1547
4347	2001
2001	4347
2447	3316
3316	2447
5032	2619
2619	5032
17	1384
1384	17
3756	2287
2287	3756
5212	1714
1714	5212
1634	3724
3724	1634
1212	3255
3255	1212
2983	5
5	2983
2981	111
111	2981
2681	3844
3844	2681
3608	17
17	3608
1530	1511
1511	1530
3582	1358
1358	3582
2496	4276
4276	2496
4371	1413
1413	4371
2464	3072
3072	2464
3112	922
922	3112
1075	3217
3217	1075
1764	1604
1604	1764
4347	583
583	4347
3844	3873
3873	3844
17	1764
1764	17
2423	3255
3255	2423
1847	922
922	1847
2756	3864
3864	2756
785	1714
1714	785
1567	1634
1634	1567
16	1119
1119	16
1535	4886
4886	1535
1915	3105
3105	1915
1517	3465
3465	1517
1823	545
545	1823
1351	3112
3112	1351
2875	312
312	2875
1846	1517
1517	1846
2689	1898
1898	2689
2756	2522
2522	2756
1720	4275
4275	1720
741	3673
3673	741
40	4886
4886	40
2756	1162
1162	2756
2119	1254
1254	2119
1791	877
877	1791
1463	4692
4692	1463
877	4970
4970	877
4630	2983
2983	4630
1846	4276
4276	1846
2423	4630
4630	2423
1119	3673
3673	1119
457	4225
4225	457
4697	1898
1898	4697
1720	1358
1358	1720
2344	2756
2756	2344
2444	3166
3166	2444
4276	2001
2001	4276
4630	1915
1915	4630
2726	1824
1824	2726
5037	3065
3065	5037
3166	1785
1785	3166
5	677
677	5
741	504
504	741
1786	4225
4225	1786
1764	2287
2287	1764
1463	4225
4225	1463
1463	2344
2344	1463
3864	2509
2509	3864
4371	1547
1547	4371
5032	3195
3195	5032
2619	3673
3673	2619
2689	1786
1786	2689
40	1823
1823	40
2287	16
16	2287
4000	5212
5212	4000
2733	457
457	2733
50	2287
2287	50
456	1786
1786	456
5	2726
2726	5
235	746
746	235
2119	4347
4347	2119
3345	4225
4225	3345
1901	1549
1549	1901
50	4970
4970	50
4627	2522
2522	4627
3543	545
545	3543
4481	5037
5037	4481
111	4446
4446	111
1358	2794
2794	1358
313	2850
2850	313
2496	2824
2824	2496
1511	3724
3724	1511
4718	3465
3465	4718
1511	877
877	1511
3105	4621
4621	3105
2041	922
922	2041
4506	1351
1351	4506
1791	2420
2420	1791
2540	1251
1251	2540
3112	2172
2172	3112
2875	3320
3320	2875
2726	4772
4772	2726
2726	3537
3537	2726
2733	5107
5107	2733
4481	4225
4225	4481
313	4188
4188	313
4475	5235
5235	4475
1251	2420
2420	1251
5121	4933
4933	5121
804	4630
4630	804
3112	1254
1254	3112
5235	2681
2681	5235
1823	1714
1714	1823
2540	2467
2467	2540
4229	1511
1511	4229
2983	1567
1567	2983
1535	1075
1075	1535
5079	3465
3465	5079
4225	1634
1634	4225
4225	2001
2001	4225
3316	4255
4255	3316
804	3756
3756	804
4772	3616
3616	4772
1093	4276
4276	1093
1650	4229
4229	1650
3582	1251
1251	3582
2756	4248
4248	2756
1786	3235
3235	1786
2824	545
545	2824
4697	3537
3537	4697
933	3255
3255	933
1846	5212
5212	1846
4886	4225
4225	4886
4826	3982
3982	4826
1119	1915
1915	1119
1463	2119
2119	1463
1650	2007
2007	1650
1764	1605
1605	1764
1162	3844
3844	1162
2619	1634
1634	2619
5149	922
922	5149
3145	1358
1358	3145
3112	4933
4933	3112
4000	4970
4970	4000
4506	5079
5079	4506
4276	1786
1786	4276
50	2423
2423	50
208	3316
3316	208
1036	4276
4276	1036
2794	2420
2420	2794
2794	2756
2756	2794
4225	5037
5037	4225
741	3616
3616	741
4933	3982
3982	4933
1720	2756
2756	1720
2689	3320
3320	2689
3316	4225
4225	3316
3844	4225
4225	3844
640	1898
1898	640
111	1150
1150	111
1514	1567
1567	1514
1413	982
982	1413
1786	741
741	1786
4225	1898
1898	4225
5235	1847
1847	5235
1511	1898
1898	1511
1413	2619
2619	1413
4503	2884
2884	4503
2391	3320
3320	2391
4225	4314
4314	4225
4225	4446
4446	4225
2423	4503
4503	2423
313	238
238	313
40	4503
4503	40
208	4225
4225	208
16	5283
5283	16
1342	3345
3345	1342
3864	1530
1530	3864
5212	578
578	5212
1764	1119
1119	1764
2447	5235
5235	2447
2540	2556
2556	2540
2733	640
640	2733
3982	1605
1605	3982
1413	1828
1828	1413
3543	621
621	3543
1769	2380
2380	1769
1901	1958
1958	1901
804	4314
4314	804
2172	1567
1567	2172
1604	1524
1524	1604
765	3235
3235	765
3251	2522
2522	3251
4225	2041
2041	4225
4188	457
457	4188
1720	3253
3253	1720
4481	1358
1358	4481
2824	1251
1251	2824
1549	2001
2001	1549
2041	3145
3145	2041
2983	2496
2496	2983
3537	1764
1764	3537
4000	4621
4621	4000
2496	3916
3916	2496
3345	2540
2540	3345
4503	3873
3873	4503
2981	583
583	2981
2480	2689
2689	2480
456	2619
2619	456
3255	4446
4446	3255
4276	4225
4225	4276
3112	1824
1824	3112
235	1384
1384	235
2981	4627
4627	2981
1769	1846
1846	1769
4276	3320
3320	4276
2884	2420
2420	2884
3582	4248
4248	3582
1463	3844
3844	1463
2689	1162
1162	2689
1517	3320
3320	1517
1547	804
804	1547
40	2726
2726	40
2756	4933
4933	2756
741	5008
5008	741
2983	4347
4347	2983
5079	5008
5008	5079
4229	1524
1524	4229
4718	40
40	4718
3582	1544
1544	3582
1358	3072
3072	1358
1093	4255
4255	1093
4569	4376
4376	4569
1846	3065
3065	1846
1038	3316
3316	1038
2444	5037
5037	2444
2619	4062
4062	2619
741	457
457	741
2556	3756
3756	2556
1511	4188
4188	1511
3112	4062
4062	3112
2875	2007
2007	2875
2681	5032
5032	2681
2423	4970
4970	2423
17	1212
1212	17
3195	1547
1547	3195
3841	1605
1605	3841
2689	1384
1384	2689
5079	2756
2756	5079
1846	40
40	1846
2689	4225
4225	2689
2794	2496
2496	2794
1535	4225
4225	1535
2794	2824
2824	2794
4481	1463
1463	4481
4481	3105
3105	4481
2983	1067
1067	2983
1524	1254
1254	1524
2540	1212
1212	2540
1434	3320
3320	1434
1764	4314
4314	1764
2689	1604
1604	2689
2496	4062
4062	2496
16	4276
4276	16
3112	3065
3065	3112
2824	4621
4621	2824
1358	4314
4314	1358
2391	1929
1929	2391
2116	741
741	2116
2726	2824
2824	2726
2733	4970
4970	2733
2619	804
804	2619
4937	2496
2496	4937
5107	1823
1823	5107
1082	1358
1358	1082
4970	4506
4506	4970
4225	4933
4933	4225
1901	111
111	1901
1786	3255
3255	1786
40	1254
1254	40
4772	4347
4347	4772
4718	1567
1567	4718
4225	2612
2612	4225
4347	982
982	4347
3864	4888
4888	3864
1535	2007
2007	1535
4225	2344
2344	4225
3065	4229
4229	3065
2689	1824
1824	2689
1463	4630
4630	1463
2119	3253
3253	2119
1358	16
16	1358
3537	4970
4970	3537
5212	3105
3105	5212
504	1958
1958	504
4225	4255
4255	4225
457	3537
3537	457
5	4937
4937	5
5235	1828
1828	5235
17	4275
4275	17
578	2726
2726	578
2423	1604
1604	2423
1824	2001
2001	1824
4000	3320
3320	4000
2344	1544
1544	2344
4888	4569
4569	4888
1530	1824
1824	1530
1251	4569
4569	1251
2983	5235
5235	2983
578	1351
1351	578
5079	5121
5121	5079
2509	1567
1567	2509
4937	238
238	4937
3166	4475
4475	3166
2480	2116
2116	2480
4225	1958
1958	4225
4481	4886
4886	4481
1251	4376
4376	1251
3537	621
621	3537
1714	1847
1847	1714
2612	1605
1605	2612
4697	1119
1119	4697
4937	1720
1720	4937
1517	2612
2612	1517
3844	3255
3255	3844
1567	4238
4238	1567
597	4503
4503	597
2119	1358
1358	2119
1764	1358
1358	1764
2509	2645
2645	2509
4503	111
111	4503
313	1384
1384	313
1791	3844
3844	1791
1150	3105
3105	1150
933	922
922	933
1463	4970
4970	1463
3844	3537
3537	3844
4481	4314
4314	4481
2287	1605
1605	2287
3316	877
877	3316
3253	2344
2344	3253
1823	3112
3112	1823
1463	4621
4621	1463
1950	5032
5032	1950
1093	877
877	1093
3105	1544
1544	3105
1958	16
16	1958
1093	4225
4225	1093
1093	2447
2447	1093
2447	1530
1530	2447
1547	1898
1898	1547
4225	2287
2287	4225
3345	1714
1714	3345
4481	4238
4238	4481
3145	4276
4276	3145
2380	4225
4225	2380
804	3316
3316	804
1720	4276
4276	1720
2689	1251
1251	2689
1212	4621
4621	1212
1547	4062
4062	1547
1950	1824
1824	1950
2391	5079
5079	2391
1530	5107
5107	1530
741	1634
1634	741
5079	1358
1358	5079
3841	2287
2287	3841
4225	1251
1251	4225
1846	3864
3864	1846
4276	1634
1634	4276
1714	2380
2380	1714
4276	877
877	4276
2314	1549
1549	2314
1517	2681
2681	1517
3145	677
677	3145
4355	5037
5037	4355
933	2423
2423	933
3582	2562
2562	3582
1791	2733
2733	1791
2420	2983
2983	2420
3217	3145
3145	3217
1517	545
545	1517
1791	2001
2001	1791
2447	4621
4621	2447
3112	1650
1650	3112
3864	2562
2562	3864
4886	2562
2562	4886
456	1604
1604	456
1075	5037
5037	1075
4225	4347
4347	4225
3537	640
640	3537
5079	4248
4248	5079
2756	1901
1901	2756
3112	5107
5107	3112
1574	3316
3316	1574
2726	5212
5212	2726
2480	313
313	2480
4888	2645
2645	4888
4503	877
877	4503
2875	933
933	2875
1823	4248
4248	1823
4481	238
238	4481
5121	2794
2794	5121
1434	1824
1824	1434
111	4314
4314	111
3844	4446
4446	3844
1511	982
982	1511
2119	4225
4225	2119
1530	621
621	1530
2423	3112
3112	2423
3537	677
677	3537
1549	933
933	1549
3235	2480
2480	3235
1251	785
785	1251
2884	1605
1605	2884
1119	312
312	1119
4697	2444
2444	4697
3543	2983
2983	3543
2981	741
741	2981
3844	922
922	3844
50	3537
3537	50
2726	1823
1823	2726
578	1898
1898	578
2756	3112
3112	2756
4376	238
238	4376
3634	208
208	3634
3345	4697
4697	3345
1530	2444
2444	1530
4255	3582
3582	4255
741	1251
1251	741
765	1384
1384	765
208	1605
1605	208
1511	208
208	1511
1384	4886
4886	1384
3982	982
982	3982
4276	4630
4630	4276
3235	1769
1769	3235
2824	4276
4276	2824
1720	1634
1634	1720
1791	1162
1162	1791
4255	4238
4238	4255
4276	3235
3235	4276
1517	1547
1547	1517
3844	2884
2884	3844
1067	1567
1567	1067
40	3537
3537	40
5121	4355
4355	5121
3345	1254
1254	3345
1764	2619
2619	1764
1434	3195
3195	1434
5107	1786
1786	5107
4886	4503
4503	4886
2540	1511
1511	2540
3756	4481
4481	3756
5212	2619
2619	5212
3864	1714
1714	3864
1574	1038
1038	1574
16	578
578	16
2612	2041
2041	2612
3235	17
17	3235
4276	4446
4446	4276
4697	4225
4225	4697
1463	1604
1604	1463
3072	5140
5140	3072
1567	4446
4446	1567
2983	208
208	2983
2726	3916
3916	2726
5	3873
3873	5
5032	456
456	5032
2480	1898
1898	2480
1764	1929
1929	1764
1251	3195
3195	1251
933	4238
4238	933
2983	457
457	2983
578	1915
1915	578
2001	1384
1384	2001
2726	4000
4000	2726
4475	2756
2756	4475
640	1254
1254	640
3320	1769
1769	3320
3608	2756
2756	3608
1791	1901
1901	1791
1413	1150
1150	1413
4772	4970
4970	4772
4225	5283
5283	4225
3982	4255
4255	3982
3756	1634
1634	3756
4718	1082
1082	4718
2726	4970
4970	2726
1791	597
597	1791
1824	3543
3543	1824
3864	1604
1604	3864
5121	4371
4371	5121
3864	4347
4347	3864
4225	2444
2444	4225
2756	1254
1254	2756
1898	5212
5212	1898
1764	3844
3844	1764
1150	5037
5037	1150
111	4937
4937	111
2689	2981
2981	2689
4826	4886
4886	4826
746	3841
3841	746
3864	5121
5121	3864
1847	3145
3145	1847
4276	1075
1075	4276
1720	2509
2509	1720
4000	3112
3112	4000
4970	3065
3065	4970
1251	3105
3105	1251
1549	1714
1714	1549
2496	1605
1605	2496
1764	2756
2756	1764
5032	4225
4225	5032
4826	2612
2612	4826
40	1530
1530	40
1786	1915
1915	1786
2689	5283
5283	2689
4937	4627
4627	4937
1824	5212
5212	1824
2733	2884
2884	2733
4506	456
456	4506
312	3543
3543	312
3844	2287
2287	3844
1786	2007
2007	1786
1547	3864
3864	1547
5292	2681
2681	5292
804	741
741	804
1511	4225
4225	1511
804	1785
1785	804
5079	4314
4314	5079
1351	4718
4718	1351
17	235
235	17
2981	5
5	2981
1511	4314
4314	1511
2480	4481
4481	2480
1093	2467
2467	1093
3582	2653
2653	3582
597	3916
3916	597
3844	1786
1786	3844
1567	1847
1847	1567
578	3673
3673	578
5	456
456	5
2447	982
982	2447
1791	4446
4446	1791
1764	1786
1786	1764
1413	4229
4229	1413
1413	235
235	1413
877	4248
4248	877
4225	4062
4062	4225
2467	1786
1786	2467
3320	4569
4569	3320
2423	1650
1650	2423
2981	2612
2612	2981
4481	1847
1847	4481
3982	238
238	3982
3112	2420
2420	3112
3537	2001
2001	3537
1463	3320
3320	1463
4276	1958
1958	4276
1604	2119
2119	1604
1150	2983
2983	1150
804	3543
3543	804
1764	2344
2344	1764
3916	2645
2645	3916
1119	804
804	1119
2467	2612
2612	2467
741	2875
2875	741
1950	976
976	1950
1463	4276
4276	1463
2467	3320
3320	2467
2480	982
982	2480
4238	1254
1254	4238
1463	2850
2850	1463
4225	5008
5008	4225
1251	1958
1958	1251
741	2314
2314	741
5212	3320
3320	5212
1038	5
5	1038
208	4255
4255	208
1517	2496
2496	1517
3841	3195
3195	3841
5212	1342
1342	5212
1567	2733
2733	1567
5149	1604
1604	5149
877	1067
1067	877
4888	2726
2726	4888
17	1929
1929	17
208	2981
2981	208
4697	17
17	4697
2480	1605
1605	2480
1791	3112
3112	1791
3844	2562
2562	3844
3235	4376
4376	3235
1846	1358
1358	1846
4276	5212
5212	4276
2540	4225
4225	2540
1524	1634
1634	1524
5079	3537
3537	5079
4355	3065
3065	4355
2733	1824
1824	2733
1720	4371
4371	1720
2391	4937
4937	2391
1351	4248
4248	1351
5079	1463
1463	5079
5	4630
4630	5
3345	4276
4276	3345
1544	2824
2824	1544
1517	1901
1901	1517
5032	4621
4621	5032
111	2612
2612	111
4376	2041
2041	4376
3072	621
621	3072
2444	2423
2423	2444
3253	741
741	3253
4248	785
785	4248
5032	4888
4888	5032
5037	1463
1463	5037
2119	1574
1574	2119
2756	1567
1567	2756
3841	3582
3582	3841
3537	1547
1547	3537
1119	1530
1530	1119
785	746
746	785
2824	4238
4238	2824
1720	2001
2001	1720
2756	2496
2496	2756
1950	1574
1574	1950
2172	4062
4062	2172
4276	1358
1358	4276
741	3543
3543	741
1150	4188
4188	1150
785	2116
2116	785
3345	1463
1463	3345
17	2314
2314	17
1434	5037
5037	1434
2726	741
741	2726
2983	4503
4503	2983
4000	5121
5121	4000
4718	2496
2496	4718
1511	1847
1847	1511
5212	2612
2612	5212
5037	3864
3864	5037
40	4481
4481	40
2645	877
877	2645
457	4276
4276	457
1463	1342
1342	1463
4225	1915
1915	4225
2116	4225
4225	2116
1082	4481
4481	1082
1413	4569
4569	1413
4481	3316
3316	4481
1958	5283
5283	1958
