2480	2119	0.01
2119	2480	0.01
1720	1929	1.0
1929	1720	1.0
1082	2884	0.01
2884	1082	0.01
5292	2007	0.01
2007	5292	0.01
5212	3316	0.01
3316	5212	0.01
4718	2447	0.01
2447	4718	0.01
2447	5008	1.0
5008	2447	1.0
2447	1251	1.0
1251	2447	1.0
2172	1093	0.01
1093	2172	0.01
1846	4481	1.0
4481	1846	1.0
2447	4503	0.01
4503	2447	0.01
804	40	1.0
40	804	1.0
5079	1915	1.0
1915	5079	1.0
1714	1514	0.01
1514	1714	0.01
2496	4621	1.0
4621	2496	1.0
208	2556	1.0
2556	208	1.0
4371	3608	0.01
3608	4371	0.01
578	1036	0.01
1036	578	0.01
4481	2467	1.0
2467	4481	1.0
1082	3537	0.01
3537	1082	0.01
3112	3608	1.0
3608	3112	1.0
2119	578	0.01
578	2119	0.01
2689	982	1.0
982	2689	1.0
2007	2041	0.01
2041	2007	0.01
1463	1530	1.0
1530	1463	1.0
17	1640	1.0
1640	17	1.0
4630	933	0.01
933	4630	0.01
2522	877	0.01
877	2522	0.01
3582	1650	1.0
1650	3582	1.0
1764	3255	0.01
3255	1764	0.01
2981	1036	0.01
1036	2981	0.01
2423	3916	1.0
3916	2423	1.0
17	3982	1.0
3982	17	1.0
4888	504	0.01
504	4888	0.01
17	1434	1.0
1434	17	1.0
804	1351	1.0
1351	804	1.0
2681	1212	0.01
1212	2681	0.01
504	982	0.01
982	504	0.01
5079	2619	1.0
2619	5079	1.0
4371	1535	0.01
1535	4371	0.01
1413	3320	1.0
3320	1413	1.0
3756	3255	0.01
3255	3756	0.01
1524	3065	0.01
3065	1524	0.01
1082	1898	1.0
1898	1082	1.0
1950	804	0.01
804	1950	0.01
2981	4000	0.01
4000	2981	0.01
1791	3982	0.01
3982	1791	0.01
2733	1162	1.0
1162	2733	1.0
504	4225	1.0
4225	504	1.0
5079	2496	1.0
2496	5079	1.0
2689	4481	1.0
4481	2689	1.0
5032	4248	1.0
4248	5032	1.0
4276	545	1.0
545	4276	1.0
1251	4772	0.01
4772	1251	0.01
2726	3345	0.01
3345	2726	0.01
16	1517	1.0
1517	16	1.0
2116	2444	1.0
2444	2116	1.0
1162	4225	1.0
4225	1162	1.0
5	2619	1.0
2619	5	1.0
2983	922	1.0
922	2983	1.0
1212	1567	0.01
1567	1212	0.01
4697	1769	0.01
1769	4697	0.01
3345	1720	1.0
1720	3345	1.0
4697	4718	1.0
4718	4697	1.0
5032	4314	1.0
4314	5032	1.0
3841	2380	0.01
2380	3841	0.01
746	2540	0.01
2540	746	0.01
2556	1254	0.01
1254	2556	0.01
1720	1251	1.0
1251	1720	1.0
1720	1714	1.0
1714	1720	1.0
4355	4621	1.0
4621	4355	1.0
2447	1511	1.0
1511	2447	1.0
621	504	0.01
504	621	0.01
1254	1067	0.01
1067	1254	0.01
50	1093	1.0
1093	50	1.0
457	2850	0.01
2850	457	0.01
4933	741	0.01
741	4933	0.01
1524	2794	1.0
2794	1524	1.0
5079	1511	1.0
1511	5079	1.0
238	4475	0.01
4475	238	0.01
746	1823	0.01
1823	746	0.01
4188	1847	0.01
1847	4188	0.01
4376	1823	0.01
1823	4376	0.01
3320	3345	0.01
3345	3320	0.01
4481	4255	1.0
4255	4481	1.0
1764	877	1.0
877	1764	1.0
2480	922	1.0
922	2480	1.0
2172	2689	0.01
2689	2172	0.01
456	4225	1.0
4225	456	1.0
4888	2733	0.01
2733	4888	0.01
2645	3841	0.01
3841	2645	0.01
235	2467	0.01
2467	235	0.01
1720	2619	1.0
2619	1720	1.0
1769	2540	0.01
2540	1769	0.01
235	50	0.01
50	235	0.01
2423	4347	1.0
4347	2423	1.0
976	2496	0.01
2496	976	0.01
1785	2041	0.01
2041	1785	0.01
1093	1898	1.0
1898	1093	1.0
1093	982	1.0
982	1093	1.0
1574	1547	0.01
1547	1574	0.01
1549	1342	0.01
1342	1549	0.01
5032	1720	0.01
1720	5032	0.01
235	4314	0.01
4314	235	0.01
5079	1434	1.0
1434	5079	1.0
2726	2420	1.0
2420	2726	1.0
1162	2619	1.0
2619	1162	1.0
2423	1901	1.0
1901	2423	1.0
3756	4376	1.0
4376	3756	1.0
3320	2041	0.01
2041	3320	0.01
16	1162	0.01
1162	16	0.01
578	2681	0.01
2681	578	0.01
1915	2041	0.01
2041	1915	0.01
1720	5140	0.01
5140	1720	0.01
545	1915	0.01
1915	545	0.01
2562	1764	0.01
1764	2562	0.01
1413	4621	0.01
4621	1413	0.01
1764	2467	1.0
2467	1764	1.0
1764	4481	1.0
4481	1764	1.0
1650	2875	0.01
2875	1650	0.01
2116	40	1.0
40	2116	1.0
2391	5212	1.0
5212	2391	1.0
1413	1604	0.01
1604	1413	0.01
1901	4314	0.01
4314	1901	0.01
17	2116	0.01
2116	17	0.01
982	4229	0.01
4229	982	0.01
2496	1785	1.0
1785	2496	1.0
111	208	0.01
208	111	0.01
456	3724	0.01
3724	456	0.01
208	3235	1.0
3235	208	1.0
40	1463	1.0
1463	40	1.0
2447	1604	1.0
1604	2447	1.0
1351	1119	0.01
1119	1351	0.01
5212	1524	0.01
1524	5212	0.01
2756	1785	1.0
1785	2756	1.0
2824	4446	1.0
4446	2824	1.0
1915	1511	0.01
1511	1915	0.01
4481	5235	1.0
5235	4481	1.0
677	3465	0.01
3465	677	0.01
1036	4238	0.01
4238	1036	0.01
3112	4275	1.0
4275	3112	1.0
2007	4481	0.01
4481	2007	0.01
2556	3065	0.01
3065	2556	0.01
765	1769	0.01
1769	765	0.01
1823	1785	0.01
1785	1823	0.01
3756	2420	1.0
2420	3756	1.0
3844	2645	0.01
2645	3844	0.01
2689	4276	1.0
4276	2689	1.0
1434	1650	0.01
1650	1434	0.01
3634	4630	0.01
4630	3634	0.01
1119	2041	1.0
2041	1119	1.0
4000	3844	1.0
3844	4000	1.0
5	2423	1.0
2423	5	1.0
2756	1823	1.0
1823	2756	1.0
621	785	0.01
785	621	0.01
578	5149	0.01
5149	578	0.01
1514	4627	0.01
4627	1514	0.01
1720	3841	1.0
3841	1720	1.0
2314	3537	0.01
3537	2314	0.01
2467	1511	1.0
1511	2467	1.0
765	597	0.01
597	765	0.01
208	3916	0.01
3916	208	0.01
1162	4371	1.0
4371	1162	1.0
1791	1547	1.0
1547	1791	1.0
2794	1720	0.01
1720	2794	0.01
1413	1823	1.0
1823	1413	1.0
1036	1547	0.01
1547	1036	0.01
2726	1929	1.0
1929	2726	1.0
111	3634	0.01
3634	111	0.01
785	4970	0.01
4970	785	0.01
5	1162	1.0
1162	5	1.0
741	1358	1.0
1358	741	1.0
2794	3608	0.01
3608	2794	0.01
2444	1162	0.01
1162	2444	0.01
677	5032	0.01
5032	677	0.01
741	1463	1.0
1463	741	1.0
4475	3465	1.0
3465	4475	1.0
4697	2850	1.0
2850	4697	1.0
804	1604	1.0
1604	804	1.0
3724	2444	0.01
2444	3724	0.01
1251	2464	0.01
2464	1251	0.01
1463	1929	1.0
1929	1463	1.0
16	2619	1.0
2619	16	1.0
2726	2619	1.0
2619	2726	1.0
1162	2001	1.0
2001	1162	1.0
1791	4371	1.0
4371	1791	1.0
785	1067	1.0
1067	785	1.0
5079	3112	1.0
3112	5079	1.0
4000	5032	1.0
5032	4000	1.0
804	4225	1.0
4225	804	1.0
4376	5212	0.01
5212	4376	0.01
2423	2562	1.0
2562	2423	1.0
1720	3255	1.0
3255	1720	1.0
17	1530	1.0
1530	17	1.0
4276	1605	1.0
1605	4276	1.0
1150	4062	0.01
4062	1150	0.01
3873	3756	0.01
3756	3873	0.01
3112	1929	1.0
1929	3112	1.0
4229	5037	0.01
5037	4229	0.01
2464	2496	0.01
2496	2464	0.01
5032	4371	1.0
4371	5032	1.0
1786	504	0.01
504	1786	0.01
40	3673	1.0
3673	40	1.0
1413	4188	1.0
4188	1413	1.0
4248	312	0.01
312	4248	0.01
5107	1524	0.01
1524	5107	0.01
3756	1898	1.0
1898	3756	1.0
1162	1358	1.0
1358	1162	1.0
1212	3145	0.01
3145	1212	0.01
456	1634	1.0
1634	456	1.0
3112	1901	1.0
1901	3112	1.0
741	1824	1.0
1824	741	1.0
4446	3465	0.01
3465	4446	0.01
1634	3105	0.01
3105	1634	0.01
1082	1847	0.01
1847	1082	0.01
3634	4371	0.01
4371	3634	0.01
4772	3724	0.01
3724	4772	0.01
1463	1358	1.0
1358	1463	1.0
2794	235	0.01
235	2794	0.01
4697	2983	1.0
2983	4697	1.0
4569	1434	0.01
1434	4569	0.01
2689	4446	1.0
4446	2689	1.0
2824	4062	1.0
4062	2824	1.0
4000	1634	1.0
1634	4000	1.0
2119	4314	0.01
4314	2119	0.01
1720	2884	1.0
2884	1720	1.0
1720	4225	1.0
4225	1720	1.0
3543	1823	0.01
1823	3543	0.01
1434	1714	1.0
1714	1434	1.0
3105	4314	0.01
4314	3105	0.01
4276	1823	1.0
1823	4276	1.0
1434	1950	0.01
1950	1434	0.01
1413	17	1.0
17	1413	1.0
111	4225	1.0
4225	111	1.0
2314	4506	0.01
4506	2314	0.01
3841	2509	0.01
2509	3841	0.01
1605	3724	0.01
3724	1605	0.01
621	1384	0.01
1384	621	0.01
1535	3916	0.01
3916	1535	0.01
5	1150	1.0
1150	5	1.0
3864	1915	0.01
1915	3864	0.01
1413	3105	0.01
3105	1413	0.01
2467	1605	1.0
1605	2467	1.0
3065	4886	0.01
4886	3065	0.01
1517	3864	0.01
3864	1517	0.01
1524	238	0.01
238	1524	0.01
5292	3345	0.01
3345	5292	0.01
2983	3844	1.0
3844	2983	1.0
1162	3537	1.0
3537	1162	1.0
1640	1634	0.01
1634	1640	0.01
2423	2287	1.0
2287	2423	1.0
804	2681	1.0
2681	804	1.0
741	5212	1.0
5212	741	1.0
3916	3724	0.01
3724	3916	0.01
1082	597	0.01
597	1082	0.01
2344	3756	0.01
3756	2344	0.01
3112	2562	1.0
2562	3112	1.0
1846	1574	0.01
1574	1846	0.01
4276	1714	1.0
1714	4276	1.0
1786	4475	0.01
4475	1786	0.01
1082	1251	1.0
1251	1082	1.0
2314	3255	0.01
3255	2314	0.01
3255	1036	1.0
1036	3255	1.0
2653	1530	0.01
1530	2653	0.01
4481	877	1.0
877	4481	1.0
2653	457	0.01
457	2653	0.01
5140	4238	0.01
4238	5140	0.01
1162	1547	1.0
1547	1162	1.0
3756	2496	0.01
2496	3756	0.01
5149	4225	1.0
4225	5149	1.0
804	5286	0.01
5286	804	0.01
2480	4276	1.0
4276	2480	1.0
1162	3673	1.0
3673	1162	1.0
50	1413	0.01
1413	50	0.01
5	4225	1.0
4225	5	1.0
746	1351	0.01
1351	746	0.01
1720	545	1.0
545	1720	1.0
1093	4506	0.01
4506	1093	0.01
4481	4275	0.01
4275	4481	0.01
2756	5149	1.0
5149	2756	1.0
2391	1915	1.0
1915	2391	1.0
2447	1791	1.0
1791	2447	1.0
2496	5	0.01
5	2496	0.01
1119	640	0.01
640	1119	0.01
2540	17	0.01
17	2540	0.01
2540	922	0.01
922	2540	0.01
2467	4225	1.0
4225	2467	1.0
2645	2119	0.01
2119	2645	0.01
312	1384	0.01
1384	312	0.01
4255	2001	0.01
2001	4255	0.01
1463	2444	1.0
2444	1463	1.0
1093	1791	1.0
1791	1093	1.0
2480	1384	0.01
1384	2480	0.01
3145	933	1.0
933	3145	1.0
1434	1847	1.0
1847	1434	1.0
1846	1785	1.0
1785	1846	1.0
3345	4062	1.0
4062	3345	1.0
2447	4506	1.0
4506	2447	1.0
4238	1150	0.01
1150	4238	0.01
3756	4225	1.0
4225	3756	1.0
1463	4229	0.01
4229	1463	0.01
504	1574	1.0
1574	504	1.0
2447	1824	0.01
1824	2447	0.01
3582	2612	1.0
2612	3582	1.0
3255	3982	0.01
3982	3255	0.01
1511	2645	0.01
2645	1511	0.01
4062	312	0.01
312	4062	0.01
5149	741	0.01
741	5149	0.01
1093	746	1.0
746	1093	1.0
1082	5037	1.0
5037	1082	1.0
677	1075	0.01
1075	677	0.01
3537	2496	0.01
2496	3537	0.01
3235	4355	0.01
4355	3235	0.01
1574	3253	0.01
3253	1574	0.01
2423	2001	1.0
2001	2423	1.0
4937	741	0.01
741	4937	0.01
4475	4347	1.0
4347	4475	1.0
4826	3316	0.01
3316	4826	0.01
4355	4503	1.0
4503	4355	1.0
312	1824	0.01
1824	312	0.01
2756	5292	0.01
5292	2756	0.01
313	640	0.01
640	313	0.01
2733	1634	1.0
1634	2733	1.0
1769	4225	1.0
4225	1769	1.0
3166	3543	0.01
3543	3166	0.01
5032	4692	1.0
4692	5032	1.0
5	982	1.0
982	5	1.0
2556	1901	0.01
1901	2556	0.01
1847	1067	0.01
1067	1847	0.01
1847	4697	0.01
4697	1847	0.01
1764	746	1.0
746	1764	1.0
1764	5149	1.0
5149	1764	1.0
804	1634	1.0
1634	804	1.0
1075	235	0.01
235	1075	0.01
3982	3756	0.01
3756	3982	0.01
1093	2556	1.0
2556	1093	1.0
2116	1898	1.0
1898	2116	1.0
2981	1640	0.01
1640	2981	0.01
4697	4481	0.01
4481	4697	0.01
1351	3982	0.01
3982	1351	0.01
17	545	1.0
545	17	1.0
3756	456	1.0
456	3756	1.0
3316	3756	0.01
3756	3316	0.01
17	2562	1.0
2562	17	1.0
2420	2467	0.01
2467	2420	0.01
3166	457	0.01
457	3166	0.01
578	1791	0.01
1791	578	0.01
5	3543	0.01
3543	5	0.01
2756	2444	1.0
2444	2756	1.0
3105	3316	0.01
3316	3105	0.01
4275	2116	0.01
2116	4275	0.01
1791	982	1.0
982	1791	1.0
545	1535	0.01
1535	545	0.01
2467	1898	1.0
1898	2467	1.0
4503	4314	0.01
4314	4503	0.01
1720	2522	1.0
2522	1720	1.0
3634	1150	0.01
1150	3634	0.01
3345	4503	1.0
4503	3345	1.0
2733	4225	1.0
4225	2733	1.0
4275	4371	0.01
4371	4275	0.01
5	504	0.01
504	5	0.01
1764	4248	1.0
4248	1764	1.0
4355	5008	0.01
5008	4355	0.01
4276	746	1.0
746	4276	1.0
2119	1898	0.01
1898	2119	0.01
3543	3756	0.01
3756	3543	0.01
4062	2444	0.01
2444	4062	0.01
4062	1434	0.01
1434	4062	0.01
4475	4937	0.01
4937	4475	0.01
4355	1720	0.01
1720	4355	0.01
1846	3253	1.0
3253	1846	1.0
4503	5079	0.01
5079	4503	0.01
1524	1567	1.0
1567	1524	1.0
2444	3251	0.01
3251	2444	0.01
5032	1067	0.01
1067	5032	0.01
3537	4188	0.01
4188	3537	0.01
1434	2001	1.0
2001	1434	1.0
1544	5037	1.0
5037	1544	1.0
2756	1434	1.0
1434	2756	1.0
1650	2447	0.01
2447	1650	0.01
4276	5235	1.0
5235	4276	1.0
2522	3844	0.01
3844	2522	0.01
1358	2041	0.01
2041	1358	0.01
741	1898	1.0
1898	741	1.0
5	2287	1.0
2287	5	1.0
2423	1549	1.0
1549	2423	1.0
1384	2287	1.0
2287	1384	1.0
4376	1082	0.01
1082	4376	0.01
4970	1950	0.01
1950	4970	0.01
3756	3166	0.01
3166	3756	0.01
741	621	1.0
621	741	1.0
5283	3608	0.01
3608	5283	0.01
2391	2689	0.01
2689	2391	0.01
208	2447	1.0
2447	208	1.0
5	4970	1.0
4970	5	1.0
933	4697	0.01
4697	933	0.01
2689	741	1.0
741	2689	1.0
1038	2562	0.01
2562	1038	0.01
3320	1082	0.01
1082	3320	0.01
4248	40	0.01
40	4248	0.01
1251	4255	0.01
4255	1251	0.01
1640	3316	0.01
3316	1640	0.01
1150	3320	1.0
3320	1150	1.0
40	3916	1.0
3916	40	1.0
3841	4446	0.01
4446	3841	0.01
4697	2423	1.0
2423	4697	1.0
5079	1604	1.0
1604	5079	1.0
1791	5121	0.01
5121	1791	0.01
4718	4062	1.0
4062	4718	1.0
5079	4276	1.0
4276	5079	1.0
1791	1640	1.0
1640	1791	1.0
765	4229	0.01
4229	765	0.01
3251	4276	1.0
4276	3251	1.0
3345	1605	1.0
1605	3345	1.0
1720	1604	1.0
1604	1720	1.0
765	1535	1.0
1535	765	1.0
1544	4826	0.01
4826	1544	0.01
111	3916	0.01
3916	111	0.01
4481	765	0.01
765	4481	0.01
1846	2619	1.0
2619	1846	1.0
1764	621	1.0
621	1764	1.0
804	5121	1.0
5121	804	1.0
2726	4276	1.0
4276	2726	1.0
1785	4000	0.01
4000	1785	0.01
1574	4446	0.01
4446	1574	0.01
1720	1434	1.0
1434	1720	1.0
1212	3112	0.01
3112	1212	0.01
238	2116	0.01
2116	238	0.01
1846	5	1.0
5	1846	1.0
1847	2344	0.01
2344	1847	0.01
677	3217	0.01
3217	677	0.01
3251	1036	0.01
1036	3251	0.01
5107	2983	0.01
2983	5107	0.01
16	1605	1.0
1605	16	1.0
1604	2391	0.01
2391	1604	0.01
2756	1824	1.0
1824	2756	1.0
17	1828	0.01
1828	17	0.01
3251	4481	1.0
4481	3251	1.0
1720	3844	1.0
3844	1720	1.0
3844	2509	0.01
2509	3844	0.01
5292	2467	0.01
2467	5292	0.01
457	3145	0.01
3145	457	0.01
1067	3112	0.01
3112	1067	0.01
3345	4937	1.0
4937	3345	1.0
4627	2562	0.01
2562	4627	0.01
4475	5037	1.0
5037	4475	1.0
804	4937	1.0
4937	804	1.0
2001	4229	0.01
4229	2001	0.01
1846	545	1.0
545	1846	1.0
4446	2509	0.01
2509	4446	0.01
2689	2314	1.0
2314	2689	1.0
1720	3537	1.0
3537	1720	1.0
457	1530	1.0
1530	457	1.0
5	1075	1.0
1075	5	1.0
1351	1075	0.01
1075	1351	0.01
4630	5149	0.01
5149	4630	0.01
1915	5107	0.01
5107	1915	0.01
741	4276	1.0
4276	741	1.0
4718	4503	1.0
4503	4718	1.0
2423	4275	1.0
4275	2423	1.0
4481	2540	1.0
2540	4481	1.0
4481	2612	1.0
2612	4481	1.0
1093	2756	0.01
2756	1093	0.01
2119	3537	1.0
3537	2119	1.0
2447	2464	0.01
2464	2447	0.01
741	4314	1.0
4314	741	1.0
2423	4371	0.01
4371	2423	0.01
2689	2447	1.0
2447	2689	1.0
5079	804	0.01
804	5079	0.01
804	1254	1.0
1254	804	1.0
1093	5235	1.0
5235	1093	1.0
3112	545	1.0
545	3112	1.0
1846	5079	1.0
5079	1846	1.0
2756	1251	1.0
1251	2756	1.0
4276	4772	0.01
4772	4276	0.01
2447	1898	1.0
1898	2447	1.0
4718	5286	0.01
5286	4718	0.01
4475	2314	1.0
2314	4475	1.0
5	2562	1.0
2562	5	1.0
5	922	1.0
922	5	1.0
1038	4970	0.01
4970	1038	0.01
1162	4621	1.0
4621	1162	1.0
4481	621	1.0
621	4481	1.0
4475	4225	1.0
4225	4475	1.0
4475	4275	1.0
4275	4475	1.0
1463	3465	1.0
3465	1463	1.0
5140	3145	0.01
3145	5140	0.01
2794	1517	1.0
1517	2794	1.0
785	4225	1.0
4225	785	1.0
2681	4621	1.0
4621	2681	1.0
5	1769	1.0
1769	5	1.0
4569	1823	0.01
1823	4569	0.01
804	1093	1.0
1093	804	1.0
3166	4275	0.01
4275	3166	0.01
1764	1824	1.0
1824	1764	1.0
621	2540	0.01
2540	621	0.01
2983	785	0.01
785	2983	0.01
545	2380	0.01
2380	545	0.01
1764	1036	0.01
1036	1764	0.01
2556	1511	1.0
1511	2556	1.0
2540	982	0.01
982	2540	0.01
2391	3841	1.0
3841	2391	1.0
313	2444	0.01
2444	313	0.01
1434	2480	0.01
2480	1434	0.01
1764	4225	1.0
4225	1764	1.0
5149	1358	1.0
1358	5149	1.0
804	3616	1.0
3616	804	1.0
1093	1511	1.0
1511	1093	1.0
4697	1901	1.0
1901	4697	1.0
1524	677	0.01
677	1524	0.01
4347	1634	0.01
1634	4347	0.01
4347	5	0.01
5	4347	0.01
4481	982	1.0
982	4481	1.0
2556	1898	1.0
1898	2556	1.0
1119	1567	1.0
1567	1119	1.0
456	4276	1.0
4276	456	1.0
785	238	1.0
238	785	1.0
16	3841	0.01
3841	16	0.01
1720	3235	0.01
3235	1720	0.01
1038	4188	0.01
4188	1038	0.01
50	4225	1.0
4225	50	1.0
1720	922	1.0
922	1720	1.0
4225	1119	0.01
1119	4225	0.01
2733	1251	1.0
1251	2733	1.0
1846	4225	1.0
4225	1846	1.0
2556	3255	0.01
3255	2556	0.01
1517	845	0.01
845	1517	0.01
578	1511	0.01
1511	578	0.01
3465	2824	0.01
2824	3465	0.01
804	1082	0.01
1082	804	0.01
4376	2983	0.01
2983	4376	0.01
1082	4503	0.01
4503	1082	0.01
4000	2001	0.01
2001	4000	0.01
2981	4225	1.0
4225	2981	1.0
3634	3465	0.01
3465	3634	0.01
3873	1093	0.01
1093	3873	0.01
2983	3841	1.0
3841	2983	1.0
40	1605	1.0
1605	40	1.0
2824	1714	0.01
1714	2824	0.01
597	3072	0.01
3072	597	0.01
40	2653	0.01
2653	40	0.01
2612	5079	0.01
5079	2612	0.01
1351	2001	0.01
2001	1351	0.01
4888	1915	0.01
1915	4888	0.01
2824	1530	0.01
1530	2824	0.01
1150	4621	1.0
4621	1150	1.0
2380	2041	1.0
2041	2380	1.0
17	1791	1.0
1791	17	1.0
1785	4772	0.01
4772	1785	0.01
4000	2875	1.0
2875	4000	1.0
235	3841	0.01
3841	235	0.01
4481	3235	1.0
3235	4481	1.0
2726	4826	0.01
4826	2726	0.01
5149	1254	0.01
1254	5149	0.01
1720	3673	1.0
3673	1720	1.0
2619	5235	0.01
5235	2619	0.01
2467	3316	1.0
3316	2467	1.0
50	1605	1.0
1605	50	1.0
5	1254	1.0
1254	5	1.0
1413	5079	0.01
5079	1413	0.01
2314	1720	0.01
1720	2314	0.01
4276	4255	1.0
4255	4276	1.0
1640	1785	0.01
1785	1640	0.01
1150	3673	0.01
3673	1150	0.01
1714	1351	0.01
1351	1714	0.01
4371	4314	0.01
4314	4371	0.01
235	2681	0.01
2681	235	0.01
2726	877	0.01
877	2726	0.01
982	597	0.01
597	982	0.01
1764	578	1.0
578	1764	1.0
208	4481	1.0
4481	208	1.0
4248	1038	0.01
1038	4248	0.01
5032	1898	1.0
1898	5032	1.0
4355	545	0.01
545	4355	0.01
1093	4933	0.01
4933	1093	0.01
1720	1824	1.0
1824	1720	1.0
3982	1847	1.0
1847	3982	1.0
3582	982	1.0
982	3582	1.0
1119	2496	0.01
2496	1119	0.01
597	5032	0.01
5032	597	0.01
2496	3864	1.0
3864	2496	1.0
3673	2464	0.01
2464	3673	0.01
3112	4371	1.0
4371	3112	1.0
4248	2464	0.01
2464	4248	0.01
1384	5008	0.01
5008	1384	0.01
2983	2562	1.0
2562	2983	1.0
1846	1929	0.01
1929	1846	0.01
2983	4255	0.01
4255	2983	0.01
1720	4630	1.0
4630	1720	1.0
3841	4225	1.0
4225	3841	1.0
3253	2556	0.01
2556	3253	0.01
1764	922	0.01
922	1764	0.01
785	17	0.01
17	785	0.01
3345	3316	0.01
3316	3345	0.01
457	1067	0.01
1067	457	0.01
5008	583	0.01
583	5008	0.01
1162	2875	0.01
2875	1162	0.01
3345	4621	1.0
4621	3345	1.0
2496	4630	1.0
4630	2496	1.0
741	2540	0.01
2540	741	0.01
3634	3112	0.01
3112	3634	0.01
3255	1162	0.01
1162	3255	0.01
3112	1958	1.0
1958	3112	1.0
2391	1785	1.0
1785	2391	1.0
2756	4355	0.01
4355	2756	0.01
3316	3724	0.01
3724	3316	0.01
1714	1119	0.01
1119	1714	0.01
5	1824	1.0
1824	5	1.0
1915	621	0.01
621	1915	0.01
5079	1764	1.0
1764	5079	1.0
4276	4506	1.0
4506	4276	1.0
1823	5121	0.01
5121	1823	0.01
4697	1785	1.0
1785	4697	1.0
3195	2447	0.01
2447	3195	0.01
4481	1036	0.01
1036	4481	0.01
804	3844	1.0
3844	804	1.0
4188	2041	0.01
2041	4188	0.01
2681	4481	1.0
4481	2681	1.0
845	3844	0.01
3844	845	0.01
4481	3616	1.0
3616	4481	1.0
2556	4225	1.0
4225	2556	1.0
982	1847	0.01
1847	982	0.01
2884	1093	0.01
1093	2884	0.01
1764	1958	1.0
1958	1764	1.0
1036	1150	0.01
1150	1036	0.01
1413	3195	0.01
3195	1413	0.01
1929	504	0.01
504	1929	0.01
16	4225	1.0
4225	16	1.0
40	2875	1.0
2875	40	1.0
2464	741	0.01
741	2464	0.01
5292	1791	0.01
1791	5292	0.01
1950	4475	0.01
4475	1950	0.01
4188	1824	0.01
1824	4188	0.01
4475	621	1.0
621	4475	1.0
40	1929	1.0
1929	40	1.0
2116	504	1.0
504	2116	1.0
976	4630	0.01
4630	976	0.01
741	3105	1.0
3105	741	1.0
4481	1605	1.0
1605	4481	1.0
4276	4886	1.0
4886	4276	1.0
1898	5292	0.01
5292	1898	0.01
2467	4255	1.0
4255	2467	1.0
1604	1150	0.01
1150	1604	0.01
1898	3072	0.01
3072	1898	0.01
621	2645	0.01
2645	621	0.01
4347	1574	0.01
1574	4347	0.01
2756	583	1.0
583	2756	1.0
4697	2689	1.0
2689	4697	1.0
3345	40	1.0
40	3345	1.0
1434	3864	1.0
3864	1434	1.0
2467	3616	0.01
3616	2467	0.01
4697	1823	0.01
1823	4697	0.01
2496	4225	1.0
4225	2496	1.0
4376	5107	0.01
5107	4376	0.01
111	313	0.01
313	111	0.01
2726	1358	1.0
1358	2726	1.0
1769	4718	0.01
4718	1769	0.01
2522	741	0.01
741	2522	0.01
765	1254	1.0
1254	765	1.0
2756	922	1.0
922	2756	1.0
17	2981	0.01
2981	17	0.01
2556	1082	0.01
1082	2556	0.01
2467	1434	0.01
1434	2467	0.01
3844	1714	1.0
1714	3844	1.0
4970	3873	0.01
3873	4970	0.01
1358	1640	0.01
1640	1358	0.01
4475	3316	0.01
3316	4475	0.01
4772	4475	0.01
4475	4772	0.01
4275	4446	0.01
4446	4275	0.01
4826	4371	0.01
4371	4826	0.01
2480	4970	1.0
4970	2480	1.0
1574	1549	0.01
1549	1574	0.01
2423	2007	1.0
2007	2423	1.0
804	1901	1.0
1901	804	1.0
2423	545	1.0
545	2423	1.0
2689	2619	1.0
2619	2689	1.0
1901	1524	0.01
1524	1901	0.01
3345	545	1.0
545	3345	1.0
3253	5140	0.01
5140	3253	0.01
2726	2001	1.0
2001	2726	1.0
1786	1549	0.01
1549	1786	0.01
5149	4276	1.0
4276	5149	1.0
4000	4481	1.0
4481	4000	1.0
4371	1634	0.01
1634	4371	0.01
5032	1605	1.0
1605	5032	1.0
741	5235	1.0
5235	741	1.0
1720	4314	0.01
4314	1720	0.01
3864	4621	0.01
4621	3864	0.01
1720	50	1.0
50	1720	1.0
1764	1898	1.0
1898	1764	1.0
4475	1714	1.0
1714	4475	1.0
1075	4347	0.01
4347	1075	0.01
2464	1342	0.01
1342	2464	0.01
1720	2467	0.01
2467	1720	0.01
4718	2562	1.0
2562	4718	1.0
1463	4376	0.01
4376	1463	0.01
1413	1898	1.0
1898	1413	1.0
1463	545	1.0
545	1463	1.0
2391	1358	1.0
1358	2391	1.0
2689	2726	1.0
2726	2689	1.0
1463	2314	1.0
2314	1463	1.0
4314	3195	0.01
3195	4314	0.01
2850	4238	0.01
4238	2850	0.01
1950	5121	0.01
5121	1950	0.01
4886	4937	0.01
4937	4886	0.01
1212	1549	0.01
1549	1212	0.01
1463	5283	1.0
5283	1463	1.0
1384	3982	1.0
3982	1384	1.0
4888	4826	0.01
4826	4888	0.01
4970	3844	0.01
3844	4970	0.01
3582	4225	1.0
4225	3582	1.0
4275	1929	0.01
1929	4275	0.01
1463	2875	1.0
2875	1463	1.0
1764	3316	0.01
3316	1764	0.01
1093	1605	1.0
1605	1093	1.0
4229	1604	0.01
1604	4229	0.01
1828	1769	0.01
1769	1828	0.01
2756	545	1.0
545	2756	1.0
1604	1351	0.01
1351	1604	0.01
2496	1254	0.01
1254	2496	0.01
5	1463	1.0
1463	5	1.0
4569	2981	0.01
2981	4569	0.01
2619	2556	0.01
2556	2619	0.01
1384	1898	1.0
1898	1384	1.0
2467	5235	1.0
5235	2467	1.0
40	2619	1.0
2619	40	1.0
1791	1549	1.0
1549	1791	1.0
4481	1898	1.0
1898	4481	1.0
2824	4225	1.0
4225	2824	1.0
1898	4355	0.01
4355	1898	0.01
3072	1567	1.0
1567	3072	1.0
1517	1075	0.01
1075	1517	0.01
1898	597	0.01
597	1898	0.01
4481	4446	1.0
4446	4481	1.0
5032	976	0.01
976	5032	0.01
4481	1093	1.0
1093	4481	1.0
5212	3608	0.01
3608	5212	0.01
5286	1549	0.01
1549	5286	0.01
1036	3608	0.01
3608	1036	0.01
3616	845	0.01
845	3616	0.01
3105	3873	0.01
3873	3105	0.01
1093	4238	1.0
4238	1093	1.0
5	4255	1.0
4255	5	1.0
4718	3145	0.01
3145	4718	0.01
2756	621	1.0
621	2756	1.0
4481	1511	1.0
1511	4481	1.0
2447	1358	1.0
1358	2447	1.0
2645	4062	0.01
4062	2645	0.01
4888	1413	0.01
1413	4888	0.01
3251	4970	0.01
4970	3251	0.01
1535	4188	0.01
4188	1535	0.01
2380	5032	0.01
5032	2380	0.01
3616	877	0.01
877	3616	0.01
5	2007	0.01
2007	5	0.01
1846	3105	0.01
3105	1846	0.01
4481	746	1.0
746	4481	1.0
5032	922	0.01
922	5032	0.01
1720	621	1.0
621	1720	1.0
3537	16	0.01
16	3537	0.01
313	746	0.01
746	313	0.01
4826	1567	1.0
1567	4826	1.0
40	1162	1.0
1162	40	1.0
1605	804	0.01
804	1605	0.01
2001	1547	0.01
1547	2001	0.01
3255	5286	0.01
5286	3255	0.01
3982	4225	1.0
4225	3982	1.0
2981	2619	0.01
2619	2981	0.01
1384	578	1.0
578	1384	1.0
2391	1567	1.0
1567	2391	1.0
50	1463	1.0
1463	50	1.0
2689	1093	1.0
1093	2689	1.0
3543	3072	0.01
3072	3543	0.01
1162	1824	1.0
1824	1162	1.0
2794	1530	1.0
1530	2794	1.0
2391	3844	1.0
3844	2391	1.0
1764	1254	1.0
1254	1764	1.0
1434	545	1.0
545	1434	1.0
1535	2116	0.01
2116	1535	0.01
3065	3537	0.01
3537	3065	0.01
3582	3844	1.0
3844	3582	1.0
3105	3864	0.01
3864	3105	0.01
1720	3465	1.0
3465	1720	1.0
1567	1351	0.01
1351	1567	0.01
1769	4481	1.0
4481	1769	1.0
2983	3253	1.0
3253	2983	1.0
1384	457	0.01
457	1384	0.01
4000	1075	1.0
1075	4000	1.0
1846	741	1.0
741	1846	1.0
4225	976	0.01
976	4225	0.01
1720	1574	1.0
1574	1720	1.0
2556	1251	1.0
1251	2556	1.0
1720	1162	1.0
1162	1720	1.0
3844	597	0.01
597	3844	0.01
2119	2562	1.0
2562	2119	1.0
313	3864	1.0
3864	313	1.0
4229	4621	0.01
4621	4229	0.01
1764	4630	1.0
4630	1764	1.0
4276	1251	1.0
1251	4276	1.0
1384	4347	1.0
4347	1384	1.0
1413	3582	0.01
3582	1413	0.01
4255	1567	0.01
1567	4255	0.01
5286	16	0.01
16	5286	0.01
2391	4481	1.0
4481	2391	1.0
1547	4933	0.01
4933	1547	0.01
3235	1535	0.01
1535	3235	0.01
2726	2344	1.0
2344	2726	1.0
3251	4225	1.0
4225	3251	1.0
2794	313	1.0
313	2794	1.0
3145	640	0.01
640	3145	0.01
17	5	0.01
5	17	0.01
2480	3873	0.01
3873	2480	0.01
1791	3537	0.01
3537	1791	0.01
50	1511	1.0
1511	50	1.0
4255	2391	0.01
2391	4255	0.01
545	2733	0.01
2733	545	0.01
2681	4062	1.0
4062	2681	1.0
2314	3253	0.01
3253	2314	0.01
2447	2314	0.01
2314	2447	0.01
2794	845	0.01
845	2794	0.01
2447	4225	1.0
4225	2447	1.0
1769	545	1.0
545	1769	1.0
2733	4255	1.0
4255	2733	1.0
804	1517	1.0
1517	804	1.0
4248	1036	0.01
1036	4248	0.01
2540	5235	1.0
5235	2540	1.0
804	1714	1.0
1714	804	1.0
1791	2824	1.0
2824	1791	1.0
5	2756	1.0
2756	5	1.0
804	4276	1.0
4276	804	1.0
457	50	0.01
50	457	0.01
1434	1358	1.0
1358	1434	1.0
877	3844	0.01
3844	877	0.01
1824	50	0.01
50	1824	0.01
4933	4229	0.01
4229	4933	0.01
3105	1786	0.01
1786	3105	0.01
2726	1254	1.0
1254	2726	1.0
1714	3316	0.01
3316	1714	0.01
17	3864	0.01
3864	17	0.01
3582	5212	1.0
5212	3582	1.0
4188	1650	0.01
1650	4188	0.01
3145	3316	0.01
3316	3145	0.01
2556	2467	1.0
2467	2556	1.0
597	2464	0.01
2464	597	0.01
1574	1082	0.01
1082	1574	0.01
4937	1544	0.01
1544	4937	0.01
17	677	1.0
677	17	1.0
1720	1823	1.0
1823	1720	1.0
3255	1574	0.01
1574	3255	0.01
4718	1785	1.0
1785	4718	1.0
2689	2001	1.0
2001	2689	1.0
1251	1791	0.01
1791	1251	0.01
456	982	1.0
982	456	1.0
2467	1251	1.0
1251	2467	1.0
1082	4347	1.0
4347	1082	1.0
2689	4621	1.0
4621	2689	1.0
456	5283	0.01
5283	456	0.01
17	1567	1.0
1567	17	1.0
1791	4630	1.0
4630	1791	1.0
4276	1898	1.0
1898	4276	1.0
2756	3916	1.0
3916	2756	1.0
2391	4630	1.0
4630	2391	1.0
2794	4446	1.0
4446	2794	1.0
4371	2983	0.01
2983	4371	0.01
4355	4225	1.0
4225	4355	1.0
4692	785	0.01
785	4692	0.01
1574	4355	0.01
4355	1574	0.01
1574	2824	0.01
2824	1574	0.01
2391	741	1.0
741	2391	1.0
3582	3320	1.0
3320	3582	1.0
5149	3673	1.0
3673	5149	1.0
5037	5235	0.01
5235	5037	0.01
3320	5121	0.01
5121	3320	0.01
2314	804	0.01
804	2314	0.01
1150	1929	1.0
1929	1150	1.0
3253	1824	0.01
1824	3253	0.01
2423	3673	1.0
3673	2423	1.0
3841	1714	1.0
1714	3841	1.0
4886	1463	0.01
1463	4886	0.01
1162	2314	0.01
2314	1162	0.01
2041	3072	0.01
3072	2041	0.01
5079	545	1.0
545	5079	1.0
5292	2556	0.01
2556	5292	0.01
2007	2380	0.01
2380	2007	0.01
1791	976	1.0
976	1791	1.0
4569	1650	0.01
1650	4569	0.01
1093	2612	0.01
2612	1093	0.01
1764	3320	1.0
3320	1764	1.0
4933	3345	0.01
3345	4933	0.01
2447	3982	1.0
3982	2447	1.0
1413	1567	1.0
1567	1413	1.0
1544	1150	0.01
1150	1544	0.01
2423	1254	1.0
1254	2423	1.0
2726	3112	1.0
3112	2726	1.0
4718	741	1.0
741	4718	1.0
5079	312	0.01
312	5079	0.01
2480	2726	0.01
2726	2480	0.01
3195	2467	0.01
2467	3195	0.01
1720	3864	1.0
3864	1720	1.0
4481	1786	1.0
1786	4481	1.0
1764	3235	1.0
3235	1764	1.0
5037	3195	0.01
3195	5037	0.01
2884	765	0.01
765	2884	0.01
1413	1434	1.0
1434	1413	1.0
5	1847	0.01
1847	5	0.01
3756	1950	0.01
1950	3756	0.01
877	2041	0.01
2041	877	0.01
5149	1251	1.0
1251	5149	1.0
1764	2447	1.0
2447	1764	1.0
2447	4255	1.0
4255	2447	1.0
3982	877	1.0
877	3982	1.0
1544	1567	1.0
1567	1544	1.0
1463	4503	1.0
4503	1463	1.0
4376	4692	0.01
4692	4376	0.01
1720	4503	1.0
4503	1720	1.0
2423	2756	1.0
2756	2423	1.0
2496	2653	0.01
2653	2496	0.01
1384	1929	1.0
1929	1384	1.0
40	1413	1.0
1413	40	1.0
40	4630	1.0
4630	40	1.0
1075	4062	0.01
4062	1075	0.01
3065	2733	0.01
2733	3065	0.01
1082	3608	1.0
3608	1082	1.0
1547	1212	0.01
1212	1547	0.01
1544	4697	0.01
4697	1544	0.01
765	5037	1.0
5037	765	1.0
2653	3112	0.01
3112	2653	0.01
1038	4355	0.01
4355	1038	0.01
804	4062	1.0
4062	804	1.0
40	5212	1.0
5212	40	1.0
313	982	1.0
982	313	1.0
2344	1342	0.01
1342	2344	0.01
5079	4446	0.01
4446	5079	0.01
3112	3253	1.0
3253	3112	1.0
4481	1254	1.0
1254	4481	1.0
2726	1530	1.0
1530	2726	1.0
2423	2884	1.0
2884	2423	1.0
741	2287	1.0
2287	741	1.0
2496	4970	1.0
4970	2496	1.0
1544	4506	0.01
4506	1544	0.01
845	4255	0.01
4255	845	0.01
4697	1384	1.0
1384	4697	1.0
4826	1901	0.01
1901	4826	0.01
1769	4276	1.0
4276	1769	1.0
1530	2884	0.01
2884	1530	0.01
2391	2619	1.0
2619	2391	1.0
4826	785	0.01
785	4826	0.01
208	982	1.0
982	208	1.0
2172	3166	0.01
3166	2172	0.01
3065	4933	0.01
4933	3065	0.01
2824	1785	1.0
1785	2824	1.0
5079	4937	1.0
4937	5079	1.0
5079	621	1.0
621	5079	1.0
5212	5140	0.01
5140	5212	0.01
4475	2420	1.0
2420	4475	1.0
877	312	0.01
312	877	0.01
3537	1517	0.01
1517	3537	0.01
3916	1846	0.01
1846	3916	0.01
4481	1650	0.01
1650	4481	0.01
5	3537	1.0
3537	5	1.0
40	4276	1.0
4276	40	1.0
804	1769	1.0
1769	804	1.0
2391	2509	0.01
2509	2391	0.01
1720	4062	0.01
4062	1720	0.01
1720	4970	1.0
4970	1720	1.0
4225	1150	0.01
1150	4225	0.01
1463	4314	1.0
4314	1463	1.0
2391	982	0.01
982	2391	0.01
4506	1786	0.01
1786	4506	0.01
1720	1901	1.0
1901	1720	1.0
2756	5121	1.0
5121	2756	1.0
741	2756	1.0
2756	741	1.0
2562	1212	0.01
1212	2562	0.01
17	4238	1.0
4238	17	1.0
1434	1547	1.0
1547	1434	1.0
50	1791	1.0
1791	50	1.0
3756	2824	1.0
2824	3756	1.0
2001	2464	0.01
2464	2001	0.01
1162	4970	1.0
4970	1162	1.0
4276	1764	0.01
1764	4276	0.01
2423	1413	0.01
1413	2423	0.01
2726	3673	1.0
3673	2726	1.0
3112	2001	1.0
2001	3112	1.0
2447	4276	1.0
4276	2447	1.0
4276	640	1.0
640	4276	1.0
741	933	0.01
933	741	0.01
3112	1162	1.0
1162	3112	1.0
3255	2619	1.0
2619	3255	1.0
1901	5079	0.01
5079	1901	0.01
1769	982	1.0
982	1769	1.0
5079	2562	1.0
2562	5079	1.0
2756	4347	1.0
4347	2756	1.0
4229	1384	0.01
1384	4229	0.01
4188	2509	0.01
2509	4188	0.01
2423	1567	1.0
1567	2423	1.0
1150	1898	0.01
1898	1150	0.01
1162	1567	1.0
1567	1162	1.0
4276	3844	1.0
3844	4276	1.0
1764	976	1.0
976	1764	1.0
4481	2496	1.0
2496	4481	1.0
457	4933	0.01
4933	457	0.01
4481	2824	1.0
2824	4481	1.0
5	4062	1.0
4062	5	1.0
1720	3916	1.0
3916	1720	1.0
504	3873	0.01
3873	504	0.01
4481	2522	1.0
2522	4481	1.0
1162	1714	1.0
1714	1162	1.0
2884	545	0.01
545	2884	0.01
804	1720	1.0
1720	804	1.0
3756	5235	1.0
5235	3756	1.0
50	3756	0.01
3756	50	0.01
2619	4697	0.01
4697	2619	0.01
4355	1567	0.01
1567	4355	0.01
5079	2420	1.0
2420	5079	1.0
3582	1119	1.0
1119	3582	1.0
1463	3616	1.0
3616	1463	1.0
4692	1162	0.01
1162	4692	0.01
40	3465	1.0
3465	40	1.0
3166	3673	0.01
3673	3166	0.01
4697	3112	1.0
3112	4697	1.0
2480	2556	1.0
2556	2480	1.0
1720	3112	1.0
3112	1720	1.0
5121	4506	0.01
4506	5121	0.01
5079	4188	0.01
4188	5079	0.01
2756	2314	1.0
2314	2756	1.0
2480	1162	0.01
1162	2480	0.01
2875	2287	0.01
2287	2875	0.01
2689	746	1.0
746	2689	1.0
1901	2653	0.01
2653	1901	0.01
4355	4933	0.01
4933	4355	0.01
3582	741	1.0
741	3582	1.0
4276	2344	1.0
2344	4276	1.0
4276	2619	1.0
2619	4276	1.0
2756	4481	1.0
4481	2756	1.0
4347	845	0.01
845	4347	0.01
457	3112	0.01
3112	457	0.01
3982	5235	0.01
5235	3982	0.01
2391	3465	1.0
3465	2391	1.0
5286	4355	0.01
4355	5286	0.01
5149	5212	1.0
5212	5149	1.0
5032	1764	1.0
1764	5032	1.0
17	4630	1.0
4630	17	1.0
1463	621	1.0
621	1463	1.0
4276	3537	1.0
3537	4276	1.0
804	4248	1.0
4248	804	1.0
583	3582	0.01
3582	583	0.01
4000	1791	1.0
1791	4000	1.0
1082	4225	1.0
4225	1082	1.0
3608	922	0.01
922	3608	0.01
3072	1769	0.01
1769	3072	0.01
2756	976	1.0
976	2756	1.0
4697	4347	1.0
4347	4697	1.0
1463	4888	1.0
4888	1463	1.0
4481	4276	1.0
4276	4481	1.0
313	4225	1.0
4225	313	1.0
4886	1093	0.01
1093	4886	0.01
456	111	0.01
111	456	0.01
1119	1898	1.0
1898	1119	1.0
457	3253	1.0
3253	457	1.0
40	457	1.0
457	40	1.0
1720	1650	1.0
1650	1720	1.0
3112	1714	1.0
1714	3112	1.0
1093	3316	1.0
3316	1093	1.0
1791	1605	1.0
1605	1791	1.0
1823	640	0.01
640	1823	0.01
2522	238	0.01
238	2522	0.01
976	5140	0.01
5140	976	0.01
4697	545	1.0
545	4697	1.0
456	1463	1.0
1463	456	1.0
3251	3105	0.01
3105	3251	0.01
1384	4314	0.01
4314	1384	0.01
2423	5286	0.01
5286	2423	0.01
2380	1517	1.0
1517	2380	1.0
2681	4225	1.0
4225	2681	1.0
741	4225	1.0
4225	741	1.0
4569	2496	0.01
2496	4569	0.01
4772	741	0.01
741	4772	0.01
3873	4248	0.01
4248	3873	0.01
4000	1251	1.0
1251	4000	1.0
3235	1434	0.01
1434	3235	0.01
4481	4888	1.0
4888	4481	1.0
1764	5212	1.0
5212	1764	1.0
4772	312	0.01
312	4772	0.01
4826	1604	0.01
1604	4826	0.01
4697	1915	1.0
1915	4697	1.0
1828	933	0.01
933	1828	0.01
3345	2287	1.0
2287	3345	1.0
2794	2380	0.01
2380	2794	0.01
2447	1605	1.0
1605	2447	1.0
50	877	1.0
877	50	1.0
1434	3844	1.0
3844	1434	1.0
1463	4062	1.0
4062	1463	1.0
2480	1093	1.0
1093	2480	1.0
3582	3916	1.0
3916	3582	1.0
741	4481	1.0
4481	741	1.0
1720	976	1.0
976	1720	1.0
2726	4225	1.0
4225	2726	1.0
1463	1785	1.0
1785	1463	1.0
3105	1463	0.01
1463	3105	0.01
3145	1567	1.0
1567	3145	1.0
3251	3844	1.0
3844	3251	1.0
804	3582	1.0
3582	804	1.0
3112	1567	1.0
1567	3112	1.0
2756	1915	1.0
1915	2756	1.0
2726	5079	1.0
5079	2726	1.0
1434	5149	1.0
5149	1434	1.0
2344	1535	0.01
1535	2344	0.01
4481	2556	1.0
2556	4481	1.0
456	4933	0.01
4933	456	0.01
804	982	1.0
982	804	1.0
5	1605	1.0
1605	5	1.0
3673	2850	0.01
2850	3673	0.01
804	2496	1.0
2496	804	1.0
4275	2850	0.01
2850	4275	0.01
804	2824	1.0
2824	804	1.0
1524	4475	0.01
4475	1524	0.01
677	4506	0.01
4506	677	0.01
4937	1828	0.01
1828	4937	0.01
2689	4255	1.0
4255	2689	1.0
1530	1650	0.01
1650	1530	0.01
1463	4371	1.0
4371	1463	1.0
2391	545	1.0
545	2391	1.0
1119	3844	1.0
3844	1119	1.0
4238	3251	0.01
3251	4238	0.01
1915	3112	0.01
3112	1915	0.01
2756	3537	1.0
3537	2756	1.0
4188	2689	0.01
2689	4188	0.01
1082	1791	1.0
1791	1082	1.0
3072	235	0.01
235	3072	0.01
1342	1958	0.01
1958	1342	0.01
5	3105	0.01
3105	5	0.01
111	1547	0.01
1547	111	0.01
2756	2884	1.0
2884	2756	1.0
5	1604	1.0
1604	5	1.0
2380	1358	0.01
1358	2380	0.01
1764	4446	1.0
4446	1764	1.0
208	2467	1.0
2467	208	1.0
3844	4937	1.0
4937	3844	1.0
1769	5037	0.01
5037	1769	0.01
1567	1093	0.01
1093	1567	0.01
1544	4621	0.01
4621	1544	0.01
804	5292	0.01
5292	804	0.01
2756	2119	1.0
2119	2756	1.0
2314	2480	0.01
2480	2314	0.01
1650	1604	0.01
1604	1650	0.01
1514	1212	0.01
1212	1514	0.01
40	1517	1.0
1517	40	1.0
1720	4621	1.0
4621	1720	1.0
804	3235	1.0
3235	804	1.0
2756	1547	1.0
1547	2756	1.0
1434	40	0.01
40	1434	0.01
2689	1791	0.01
1791	2689	0.01
1530	5235	0.01
5235	1530	0.01
2001	1915	0.01
1915	2001	0.01
2540	1898	1.0
1898	2540	1.0
545	2794	0.01
2794	545	0.01
3916	2480	0.01
2480	3916	0.01
1093	4697	0.01
4697	1093	0.01
4255	804	0.01
804	4255	0.01
4627	3166	0.01
3166	4627	0.01
4772	4692	0.01
4692	4772	0.01
1162	5149	0.01
5149	1162	0.01
5008	5149	0.01
5149	5008	0.01
4772	3582	0.01
3582	4772	0.01
2467	746	1.0
746	2467	1.0
785	2540	0.01
2540	785	0.01
785	2733	0.01
2733	785	0.01
2653	2380	0.01
2380	2653	0.01
640	1714	0.01
1714	640	0.01
3608	1898	0.01
1898	3608	0.01
1549	3316	0.01
3316	1549	0.01
5286	1162	0.01
1162	5286	0.01
3255	1714	1.0
1714	3255	1.0
16	4826	0.01
4826	16	0.01
5079	1535	0.01
1535	5079	0.01
4933	3673	0.01
3673	4933	0.01
1847	765	0.01
765	1847	0.01
1720	5212	1.0
5212	1720	1.0
4276	4888	1.0
4888	4276	1.0
2726	2522	0.01
2522	2726	0.01
40	1824	1.0
1824	40	1.0
1463	5212	1.0
5212	1463	1.0
3616	578	0.01
578	3616	0.01
1847	4229	0.01
4229	1847	0.01
4000	578	0.01
578	4000	0.01
1791	4347	0.01
4347	1791	0.01
741	3844	1.0
3844	741	1.0
4481	1434	1.0
1434	4481	1.0
2447	4000	0.01
4000	2447	0.01
504	2391	0.01
2391	504	0.01
5008	3217	0.01
3217	5008	0.01
1791	1358	1.0
1358	1791	1.0
1463	3537	1.0
3537	1463	1.0
741	1517	1.0
1517	741	1.0
1769	785	0.01
785	1769	0.01
1567	235	0.01
235	1567	0.01
5	1212	1.0
1212	5	1.0
4826	922	1.0
922	4826	1.0
1254	1413	0.01
1413	1254	0.01
2983	982	1.0
982	2983	1.0
4718	2619	0.01
2619	4718	0.01
2756	4062	1.0
4062	2756	1.0
621	3345	0.01
3345	621	0.01
741	1434	1.0
1434	741	1.0
4697	2756	1.0
2756	4697	1.0
2423	1463	1.0
1463	2423	1.0
2464	3217	0.01
3217	2464	0.01
804	746	1.0
746	804	1.0
2726	1036	0.01
1036	2726	0.01
4630	922	0.01
922	4630	0.01
4481	1604	1.0
1604	4481	1.0
5032	3756	1.0
3756	5032	1.0
1067	3253	0.01
3253	1067	0.01
5149	4347	1.0
4347	5149	1.0
2480	1511	1.0
1511	2480	1.0
2756	2001	1.0
2001	2756	1.0
765	2681	0.01
2681	765	0.01
208	4314	0.01
4314	208	0.01
1650	312	0.01
312	1650	0.01
1358	3724	0.01
3724	1358	0.01
2287	1212	0.01
1212	2287	0.01
1604	2875	0.01
2875	1604	0.01
2447	3320	1.0
3320	2447	1.0
2726	1511	1.0
1511	2726	1.0
4188	2380	0.01
2380	4188	0.01
1093	4371	0.01
4371	1093	0.01
3873	2041	0.01
2041	3873	0.01
2172	4826	0.01
4826	2172	0.01
2981	3841	0.01
3841	2981	0.01
3982	3065	0.01
3065	3982	0.01
2287	3320	0.01
3320	2287	0.01
4000	40	0.01
40	4000	0.01
2875	3251	0.01
3251	2875	0.01
4446	1828	0.01
1828	4446	0.01
2726	1413	0.01
1413	2726	0.01
208	5235	1.0
5235	208	1.0
2756	1358	1.0
1358	2756	1.0
1720	1605	1.0
1605	1720	1.0
4506	1846	0.01
1846	4506	0.01
5	2420	1.0
2420	5	1.0
2423	1929	1.0
1929	2423	1.0
1720	1547	1.0
1547	1720	1.0
2480	1251	1.0
1251	2480	1.0
1846	4933	0.01
4933	1846	0.01
5032	3537	1.0
3537	5032	1.0
16	3864	1.0
3864	16	1.0
4314	5149	0.01
5149	4314	0.01
50	5283	1.0
5283	50	1.0
1384	1567	1.0
1567	1384	1.0
2119	4255	1.0
4255	2119	1.0
677	4314	0.01
4314	677	0.01
2689	2467	1.0
2467	2689	1.0
4000	4225	1.0
4225	4000	1.0
1463	922	1.0
922	1463	1.0
3251	2884	0.01
2884	3251	0.01
5079	3864	1.0
3864	5079	1.0
5079	4225	1.0
4225	5079	1.0
1036	2391	0.01
2391	1036	0.01
2116	2522	1.0
2522	2116	1.0
2556	3320	1.0
3320	2556	1.0
4376	111	0.01
111	4376	0.01
2756	4503	1.0
4503	2756	1.0
1036	1517	0.01
1517	1036	0.01
4692	4188	0.01
4188	4692	0.01
3844	2850	1.0
2850	3844	1.0
1413	621	1.0
621	1413	1.0
40	1358	1.0
1358	40	1.0
2380	2344	0.01
2344	2380	0.01
1785	1824	0.01
1824	1785	0.01
741	1162	1.0
1162	741	1.0
1150	5212	1.0
5212	1150	1.0
1358	3065	0.01
3065	1358	0.01
1764	2001	1.0
2001	1764	1.0
3195	2562	0.01
2562	3195	0.01
208	1093	1.0
1093	208	1.0
3316	2344	0.01
2344	3316	0.01
1650	2884	0.01
2884	1650	0.01
2653	1634	0.01
1634	2653	0.01
4481	677	1.0
677	4481	1.0
1846	1604	0.01
1604	1846	0.01
1413	845	1.0
845	1413	1.0
1075	1567	1.0
1567	1075	1.0
1093	3235	1.0
3235	1093	1.0
4697	3864	1.0
3864	4697	1.0
2794	1567	1.0
1567	2794	1.0
3756	4276	1.0
4276	3756	1.0
4826	2041	0.01
2041	4826	0.01
3673	2689	0.01
2689	3673	0.01
5149	3916	1.0
3916	5149	1.0
2391	2041	0.01
2041	2391	0.01
3112	3217	0.01
3217	3112	0.01
4569	2645	0.01
2645	4569	0.01
1640	1720	0.01
1720	1640	0.01
2391	1517	0.01
1517	2391	0.01
1434	877	0.01
877	1434	0.01
4475	1785	1.0
1785	4475	1.0
5079	2423	1.0
2423	5079	1.0
2689	3537	1.0
3537	2689	1.0
3465	4506	0.01
4506	3465	0.01
5079	5212	1.0
5212	5079	1.0
4446	578	0.01
578	4446	0.01
741	1764	1.0
1764	741	1.0
1384	4446	1.0
4446	1384	1.0
5283	3195	0.01
3195	5283	0.01
5	4621	1.0
4621	5	1.0
3072	1342	0.01
1342	3072	0.01
1413	4772	1.0
4772	1413	1.0
3756	3112	1.0
3112	3756	1.0
2496	1463	1.0
1463	2496	1.0
4627	5283	0.01
5283	4627	0.01
2391	4503	1.0
4503	2391	1.0
5037	1119	0.01
1119	5037	0.01
2983	2689	0.01
2689	2983	0.01
5149	1898	1.0
1898	5149	1.0
4718	3105	1.0
3105	4718	1.0
3982	1251	1.0
1251	3982	1.0
2480	4225	1.0
4225	2480	1.0
2423	4475	1.0
4475	2423	1.0
3320	2612	0.01
2612	3320	0.01
4276	4238	1.0
4238	4276	1.0
4355	17	1.0
17	4355	1.0
2689	1605	1.0
1605	2689	1.0
1714	5140	0.01
5140	1714	0.01
5	5212	1.0
5212	5	1.0
2467	982	1.0
982	2467	1.0
4000	2824	0.01
2824	4000	0.01
4503	5140	0.01
5140	4503	0.01
1791	1567	1.0
1567	1791	1.0
785	4503	1.0
4503	785	1.0
4970	4503	0.01
4503	4970	0.01
1075	17	0.01
17	1075	0.01
765	1567	1.0
1567	765	1.0
4627	1547	0.01
1547	4627	0.01
16	1067	0.01
1067	16	0.01
3345	2464	0.01
2464	3345	0.01
2556	5235	1.0
5235	2556	1.0
1434	1929	1.0
1929	1434	1.0
1650	741	0.01
741	1650	0.01
2689	4347	0.01
4347	2689	0.01
804	456	1.0
456	804	1.0
4886	4692	0.01
4692	4886	0.01
457	2344	0.01
2344	457	0.01
1524	4371	0.01
4371	1524	0.01
2645	238	0.01
238	2645	0.01
5008	2287	0.01
2287	5008	0.01
741	3537	1.0
3537	741	1.0
2756	1714	1.0
1714	2756	1.0
1720	4475	1.0
4475	1720	1.0
804	5283	1.0
5283	804	1.0
2726	4503	1.0
4503	2726	1.0
1342	4355	0.01
4355	1342	0.01
765	1958	0.01
1958	765	0.01
3756	2756	0.01
2756	3756	0.01
4718	1929	1.0
1929	4718	1.0
4355	4937	0.01
4937	4355	0.01
5079	2314	1.0
2314	5079	1.0
741	1254	1.0
1254	741	1.0
3543	2172	0.01
2172	3543	0.01
2423	621	1.0
621	2423	1.0
1082	2447	0.01
2447	1082	0.01
2726	2172	1.0
2172	2726	1.0
877	3105	0.01
3105	877	0.01
5032	1093	0.01
1093	5032	0.01
4937	1547	0.01
1547	4937	0.01
2496	982	1.0
982	2496	1.0
3255	4225	1.0
4225	3255	1.0
1604	1082	0.01
1082	1604	0.01
578	677	0.01
677	578	0.01
5149	4826	0.01
4826	5149	0.01
1634	4475	0.01
4475	1634	0.01
2287	1714	0.01
1714	2287	0.01
2444	3608	0.01
3608	2444	0.01
2423	1384	0.01
1384	2423	0.01
3864	2391	0.01
2391	3864	0.01
804	2612	1.0
2612	804	1.0
3235	3166	0.01
3166	3235	0.01
2556	4255	1.0
4255	2556	1.0
4697	4503	1.0
4503	4697	1.0
3112	2619	1.0
2619	3112	1.0
1082	2007	1.0
2007	1082	1.0
5079	4371	1.0
4371	5079	1.0
1764	3253	1.0
3253	1764	1.0
3756	765	1.0
765	3756	1.0
4481	3982	1.0
3982	4481	1.0
3724	5212	0.01
5212	3724	0.01
4446	597	0.01
597	4446	0.01
4225	1413	0.01
1413	4225	0.01
2423	313	1.0
313	2423	1.0
4937	504	0.01
504	4937	0.01
2540	1036	0.01
1036	2540	0.01
3255	1150	0.01
1150	3255	0.01
4347	2001	0.01
2001	4347	0.01
2447	3316	1.0
3316	2447	1.0
5032	2619	1.0
2619	5032	1.0
17	1384	0.01
1384	17	0.01
3756	2287	1.0
2287	3756	1.0
1212	3255	0.01
3255	1212	0.01
2983	5	1.0
5	2983	1.0
2681	3844	1.0
3844	2681	1.0
3608	17	0.01
17	3608	0.01
1530	1511	0.01
1511	1530	0.01
3582	1358	1.0
1358	3582	1.0
2496	4276	1.0
4276	2496	1.0
4371	1413	0.01
1413	4371	0.01
2464	3072	0.01
3072	2464	0.01
3112	922	1.0
922	3112	1.0
1075	3217	0.01
3217	1075	0.01
1764	1604	1.0
1604	1764	1.0
4347	583	0.01
583	4347	0.01
3844	3873	0.01
3873	3844	0.01
17	1764	0.01
1764	17	0.01
2423	3255	1.0
3255	2423	1.0
2756	3864	1.0
3864	2756	1.0
16	1119	1.0
1119	16	1.0
2875	312	0.01
312	2875	0.01
1846	1517	1.0
1517	1846	1.0
2689	1898	1.0
1898	2689	1.0
2756	2522	1.0
2522	2756	1.0
1720	4275	1.0
4275	1720	1.0
741	3673	1.0
3673	741	1.0
40	4886	0.01
4886	40	0.01
2756	1162	1.0
1162	2756	1.0
2119	1254	1.0
1254	2119	1.0
1791	877	1.0
877	1791	1.0
1463	4692	1.0
4692	1463	1.0
877	4970	0.01
4970	877	0.01
4630	2983	0.01
2983	4630	0.01
1846	4276	1.0
4276	1846	1.0
2423	4630	1.0
4630	2423	1.0
1119	3673	1.0
3673	1119	1.0
457	4225	1.0
4225	457	1.0
4697	1898	1.0
1898	4697	1.0
1720	1358	1.0
1358	1720	1.0
2344	2756	0.01
2756	2344	0.01
2444	3166	0.01
3166	2444	0.01
4276	2001	1.0
2001	4276	1.0
4630	1915	0.01
1915	4630	0.01
2726	1824	1.0
1824	2726	1.0
5037	3065	0.01
3065	5037	0.01
5	677	1.0
677	5	1.0
741	504	1.0
504	741	1.0
1764	2287	1.0
2287	1764	1.0
1463	4225	1.0
4225	1463	1.0
1463	2344	1.0
2344	1463	1.0
3864	2509	0.01
2509	3864	0.01
4371	1547	0.01
1547	4371	0.01
5032	3195	1.0
3195	5032	1.0
2689	1786	1.0
1786	2689	1.0
40	1823	1.0
1823	40	1.0
2287	16	0.01
16	2287	0.01
4000	5212	1.0
5212	4000	1.0
2733	457	1.0
457	2733	1.0
50	2287	1.0
2287	50	1.0
456	1786	0.01
1786	456	0.01
5	2726	1.0
2726	5	1.0
235	746	0.01
746	235	0.01
2119	4347	1.0
4347	2119	1.0
3345	4225	1.0
4225	3345	1.0
1901	1549	0.01
1549	1901	0.01
50	4970	1.0
4970	50	1.0
4627	2522	0.01
2522	4627	0.01
3543	545	0.01
545	3543	0.01
4481	5037	1.0
5037	4481	1.0
111	4446	0.01
4446	111	0.01
1358	2794	0.01
2794	1358	0.01
313	2850	1.0
2850	313	1.0
2496	2824	1.0
2824	2496	1.0
1511	3724	0.01
3724	1511	0.01
4718	3465	1.0
3465	4718	1.0
3105	4621	0.01
4621	3105	0.01
2041	922	0.01
922	2041	0.01
1791	2420	1.0
2420	1791	1.0
2540	1251	1.0
1251	2540	1.0
3112	2172	0.01
2172	3112	0.01
2726	4772	0.01
4772	2726	0.01
2726	3537	1.0
3537	2726	1.0
2733	5107	0.01
5107	2733	0.01
4481	4225	1.0
4225	4481	1.0
313	4188	0.01
4188	313	0.01
1251	2420	0.01
2420	1251	0.01
804	4630	1.0
4630	804	1.0
3112	1254	1.0
1254	3112	1.0
5235	2681	0.01
2681	5235	0.01
2540	2467	0.01
2467	2540	0.01
2983	1567	1.0
1567	2983	1.0
804	3756	1.0
3756	804	1.0
4772	3616	0.01
3616	4772	0.01
1093	4276	1.0
4276	1093	1.0
3582	1251	1.0
1251	3582	1.0
2756	4248	1.0
4248	2756	1.0
2824	545	1.0
545	2824	1.0
4697	3537	1.0
3537	4697	1.0
933	3255	0.01
3255	933	0.01
1846	5212	1.0
5212	1846	1.0
4826	3982	0.01
3982	4826	0.01
1119	1915	1.0
1915	1119	1.0
1463	2119	0.01
2119	1463	0.01
1650	2007	0.01
2007	1650	0.01
1764	1605	1.0
1605	1764	1.0
1162	3844	1.0
3844	1162	1.0
5149	922	1.0
922	5149	1.0
3145	1358	0.01
1358	3145	0.01
3112	4933	1.0
4933	3112	1.0
4000	4970	0.01
4970	4000	0.01
4506	5079	0.01
5079	4506	0.01
4276	1786	1.0
1786	4276	1.0
50	2423	0.01
2423	50	0.01
208	3316	1.0
3316	208	1.0
1036	4276	0.01
4276	1036	0.01
2794	2420	1.0
2420	2794	1.0
2794	2756	1.0
2756	2794	1.0
741	3616	1.0
3616	741	1.0
4933	3982	0.01
3982	4933	0.01
1720	2756	1.0
2756	1720	1.0
2689	3320	1.0
3320	2689	1.0
111	1150	0.01
1150	111	0.01
1413	982	0.01
982	1413	0.01
1786	741	0.01
741	1786	0.01
5235	1847	0.01
1847	5235	0.01
1413	2619	1.0
2619	1413	1.0
2391	3320	1.0
3320	2391	1.0
2423	4503	1.0
4503	2423	1.0
313	238	1.0
238	313	1.0
40	4503	1.0
4503	40	1.0
208	4225	1.0
4225	208	1.0
1342	3345	0.01
3345	1342	0.01
3864	1530	0.01
1530	3864	0.01
1764	1119	0.01
1119	1764	0.01
2447	5235	1.0
5235	2447	1.0
2540	2556	1.0
2556	2540	1.0
2733	640	0.01
640	2733	0.01
3982	1605	1.0
1605	3982	1.0
1413	1828	1.0
1828	1413	1.0
3543	621	0.01
621	3543	0.01
1901	1958	0.01
1958	1901	0.01
804	4314	1.0
4314	804	1.0
2172	1567	0.01
1567	2172	0.01
1604	1524	0.01
1524	1604	0.01
3251	2522	0.01
2522	3251	0.01
1720	3253	1.0
3253	1720	1.0
4481	1358	1.0
1358	4481	1.0
2824	1251	1.0
1251	2824	1.0
2041	3145	0.01
3145	2041	0.01
2983	2496	1.0
2496	2983	1.0
3537	1764	0.01
1764	3537	0.01
4000	4621	1.0
4621	4000	1.0
2496	3916	1.0
3916	2496	1.0
3345	2540	0.01
2540	3345	0.01
4503	3873	0.01
3873	4503	0.01
2981	583	0.01
583	2981	0.01
2480	2689	0.01
2689	2480	0.01
456	2619	1.0
2619	456	1.0
3255	4446	1.0
4446	3255	1.0
4276	4225	1.0
4225	4276	1.0
3112	1824	1.0
1824	3112	1.0
235	1384	0.01
1384	235	0.01
2981	4627	0.01
4627	2981	0.01
4276	3320	1.0
3320	4276	1.0
3582	4248	0.01
4248	3582	0.01
1463	3844	1.0
3844	1463	1.0
2689	1162	1.0
1162	2689	1.0
1547	804	0.01
804	1547	0.01
40	2726	1.0
2726	40	1.0
2756	4933	1.0
4933	2756	1.0
741	5008	1.0
5008	741	1.0
2983	4347	1.0
4347	2983	1.0
5079	5008	0.01
5008	5079	0.01
4229	1524	0.01
1524	4229	0.01
4718	40	1.0
40	4718	1.0
1358	3072	0.01
3072	1358	0.01
1093	4255	1.0
4255	1093	1.0
4569	4376	0.01
4376	4569	0.01
741	457	1.0
457	741	1.0
1511	4188	0.01
4188	1511	0.01
3112	4062	1.0
4062	3112	1.0
2423	4970	1.0
4970	2423	1.0
17	1212	1.0
1212	17	1.0
3195	1547	0.01
1547	3195	0.01
3841	1605	0.01
1605	3841	0.01
2689	1384	0.01
1384	2689	0.01
5079	2756	1.0
2756	5079	1.0
1846	40	1.0
40	1846	1.0
2689	4225	1.0
4225	2689	1.0
2794	2824	1.0
2824	2794	1.0
4481	1463	1.0
1463	4481	1.0
4481	3105	1.0
3105	4481	1.0
1524	1254	1.0
1254	1524	1.0
2540	1212	0.01
1212	2540	0.01
1434	3320	1.0
3320	1434	1.0
1764	4314	1.0
4314	1764	1.0
2689	1604	1.0
1604	2689	1.0
2496	4062	0.01
4062	2496	0.01
16	4276	1.0
4276	16	1.0
2824	4621	1.0
4621	2824	1.0
1358	4314	0.01
4314	1358	0.01
2391	1929	1.0
1929	2391	1.0
2116	741	1.0
741	2116	1.0
2726	2824	0.01
2824	2726	0.01
4937	2496	0.01
2496	4937	0.01
5107	1823	0.01
1823	5107	0.01
1082	1358	0.01
1358	1082	0.01
4970	4506	0.01
4506	4970	0.01
1901	111	0.01
111	1901	0.01
40	1254	1.0
1254	40	1.0
4718	1567	1.0
1567	4718	1.0
4347	982	0.01
982	4347	0.01
2689	1824	1.0
1824	2689	1.0
1463	4630	1.0
4630	1463	1.0
2119	3253	1.0
3253	2119	1.0
1358	16	0.01
16	1358	0.01
504	1958	0.01
1958	504	0.01
457	3537	1.0
3537	457	1.0
5	4937	1.0
4937	5	1.0
5235	1828	0.01
1828	5235	0.01
17	4275	1.0
4275	17	1.0
578	2726	0.01
2726	578	0.01
2423	1604	1.0
1604	2423	1.0
4000	3320	0.01
3320	4000	0.01
4888	4569	0.01
4569	4888	0.01
1530	1824	0.01
1824	1530	0.01
1251	4569	0.01
4569	1251	0.01
2983	5235	0.01
5235	2983	0.01
5079	5121	1.0
5121	5079	1.0
4937	238	0.01
238	4937	0.01
2480	2116	0.01
2116	2480	0.01
4481	4886	0.01
4886	4481	0.01
1251	4376	0.01
4376	1251	0.01
2612	1605	0.01
1605	2612	0.01
4697	1119	1.0
1119	4697	1.0
4937	1720	0.01
1720	4937	0.01
3844	3255	0.01
3255	3844	0.01
597	4503	0.01
4503	597	0.01
2119	1358	1.0
1358	2119	1.0
1764	1358	1.0
1358	1764	1.0
4503	111	0.01
111	4503	0.01
313	1384	0.01
1384	313	0.01
1791	3844	0.01
3844	1791	0.01
933	922	0.01
922	933	0.01
1463	4970	1.0
4970	1463	1.0
4481	4314	1.0
4314	4481	1.0
2287	1605	0.01
1605	2287	0.01
3253	2344	0.01
2344	3253	0.01
1823	3112	0.01
3112	1823	0.01
1463	4621	1.0
4621	1463	1.0
1950	5032	0.01
5032	1950	0.01
1093	877	1.0
877	1093	1.0
3105	1544	0.01
1544	3105	0.01
1958	16	0.01
16	1958	0.01
1093	4225	1.0
4225	1093	1.0
1093	2447	1.0
2447	1093	1.0
3634	5	0.01
5	3634	0.01
2447	1530	0.01
1530	2447	0.01
4225	2287	0.01
2287	4225	0.01
3345	1714	1.0
1714	3345	1.0
4481	4238	1.0
4238	4481	1.0
3145	4276	0.01
4276	3145	0.01
2380	4225	1.0
4225	2380	1.0
804	3316	1.0
3316	804	1.0
1720	4276	1.0
4276	1720	1.0
2689	1251	1.0
1251	2689	1.0
1950	1824	0.01
1824	1950	0.01
2391	5079	1.0
5079	2391	1.0
1530	5107	0.01
5107	1530	0.01
741	1634	0.01
1634	741	0.01
5079	1358	1.0
1358	5079	1.0
3841	2287	1.0
2287	3841	1.0
1846	3864	0.01
3864	1846	0.01
4276	1634	1.0
1634	4276	1.0
1714	2380	0.01
2380	1714	0.01
4276	877	1.0
877	4276	1.0
2314	1549	0.01
1549	2314	0.01
1517	2681	0.01
2681	1517	0.01
3145	677	0.01
677	3145	0.01
4355	5037	1.0
5037	4355	1.0
933	2423	0.01
2423	933	0.01
1791	2733	0.01
2733	1791	0.01
3217	3145	0.01
3145	3217	0.01
1791	2001	1.0
2001	1791	1.0
2447	4621	1.0
4621	2447	1.0
3112	1650	1.0
1650	3112	1.0
4886	2562	0.01
2562	4886	0.01
1075	5037	0.01
5037	1075	0.01
3537	640	0.01
640	3537	0.01
5079	4248	1.0
4248	5079	1.0
2756	1901	1.0
1901	2756	1.0
3112	5107	1.0
5107	3112	1.0
1574	3316	0.01
3316	1574	0.01
2726	5212	1.0
5212	2726	1.0
2480	313	0.01
313	2480	0.01
4888	2645	0.01
2645	4888	0.01
4503	877	0.01
877	4503	0.01
4481	238	0.01
238	4481	0.01
5121	2794	0.01
2794	5121	0.01
1434	1824	0.01
1824	1434	0.01
111	4314	0.01
4314	111	0.01
2119	4225	1.0
4225	2119	1.0
2423	3112	1.0
3112	2423	1.0
1549	933	0.01
933	1549	0.01
3235	2480	0.01
2480	3235	0.01
1251	785	0.01
785	1251	0.01
1119	312	0.01
312	1119	0.01
4697	2444	1.0
2444	4697	1.0
3543	2983	0.01
2983	3543	0.01
2981	741	0.01
741	2981	0.01
50	3537	1.0
3537	50	1.0
2726	1823	1.0
1823	2726	1.0
2756	3112	1.0
3112	2756	1.0
4376	238	0.01
238	4376	0.01
3345	4697	0.01
4697	3345	0.01
1530	2444	0.01
2444	1530	0.01
4255	3582	0.01
3582	4255	0.01
741	1251	1.0
1251	741	1.0
208	1605	1.0
1605	208	1.0
1511	208	0.01
208	1511	0.01
3982	982	0.01
982	3982	0.01
4276	4630	1.0
4630	4276	1.0
2824	4276	1.0
4276	2824	1.0
1720	1634	0.01
1634	1720	0.01
1791	1162	1.0
1162	1791	1.0
4255	4238	0.01
4238	4255	0.01
4276	3235	1.0
3235	4276	1.0
40	3537	1.0
3537	40	1.0
5121	4355	0.01
4355	5121	0.01
3345	1254	1.0
1254	3345	1.0
1764	2619	1.0
2619	1764	1.0
1434	3195	1.0
3195	1434	1.0
5107	1786	0.01
1786	5107	0.01
2540	1511	1.0
1511	2540	1.0
3756	4481	1.0
4481	3756	1.0
1574	1038	0.01
1038	1574	0.01
16	578	0.01
578	16	0.01
3235	17	0.01
17	3235	0.01
4276	4446	1.0
4446	4276	1.0
4697	4225	1.0
4225	4697	1.0
1463	1604	1.0
1604	1463	1.0
1567	4446	0.01
4446	1567	0.01
2983	208	0.01
208	2983	0.01
2726	3916	1.0
3916	2726	1.0
5	3873	0.01
3873	5	0.01
5032	456	1.0
456	5032	1.0
2480	1898	1.0
1898	2480	1.0
1764	1929	1.0
1929	1764	1.0
2983	457	0.01
457	2983	0.01
2001	1384	0.01
1384	2001	0.01
4475	2756	0.01
2756	4475	0.01
640	1254	0.01
1254	640	0.01
3320	1769	0.01
1769	3320	0.01
1791	1901	1.0
1901	1791	1.0
1413	1150	1.0
1150	1413	1.0
3982	4255	0.01
4255	3982	0.01
3756	1634	1.0
1634	3756	1.0
4718	1082	1.0
1082	4718	1.0
2726	4970	1.0
4970	2726	1.0
5121	4371	0.01
4371	5121	0.01
2756	1254	1.0
1254	2756	1.0
1764	3844	1.0
3844	1764	1.0
111	4937	0.01
4937	111	0.01
2689	2981	0.01
2981	2689	0.01
4826	4886	0.01
4886	4826	0.01
4276	1075	0.01
1075	4276	0.01
1720	2509	1.0
2509	1720	1.0
4000	3112	0.01
3112	4000	0.01
4970	3065	0.01
3065	4970	0.01
1549	1714	0.01
1714	1549	0.01
2496	1605	1.0
1605	2496	1.0
1764	2756	0.01
2756	1764	0.01
5032	4225	1.0
4225	5032	1.0
4826	2612	0.01
2612	4826	0.01
40	1530	0.01
1530	40	0.01
1786	1915	0.01
1915	1786	0.01
2689	5283	0.01
5283	2689	0.01
2733	2884	0.01
2884	2733	0.01
312	3543	0.01
3543	312	0.01
1786	2007	0.01
2007	1786	0.01
1547	3864	0.01
3864	1547	0.01
5292	2681	0.01
2681	5292	0.01
804	741	1.0
741	804	1.0
5079	4314	1.0
4314	5079	1.0
17	235	0.01
235	17	0.01
2981	5	0.01
5	2981	0.01
2480	4481	1.0
4481	2480	1.0
1093	2467	1.0
2467	1093	1.0
3582	2653	0.01
2653	3582	0.01
597	3916	0.01
3916	597	0.01
3844	1786	0.01
1786	3844	0.01
5	456	1.0
456	5	1.0
2447	982	1.0
982	2447	1.0
1791	4446	1.0
4446	1791	1.0
1764	1786	1.0
1786	1764	1.0
1413	235	1.0
235	1413	1.0
2467	1786	1.0
1786	2467	1.0
2423	1650	1.0
1650	2423	1.0
2981	2612	0.01
2612	2981	0.01
4481	1847	1.0
1847	4481	1.0
3982	238	1.0
238	3982	1.0
3112	2420	1.0
2420	3112	1.0
1463	3320	1.0
3320	1463	1.0
4276	1958	1.0
1958	4276	1.0
1604	2119	0.01
2119	1604	0.01
1150	2983	0.01
2983	1150	0.01
804	3543	1.0
3543	804	1.0
1764	2344	1.0
2344	1764	1.0
3916	2645	0.01
2645	3916	0.01
1119	804	0.01
804	1119	0.01
741	2875	1.0
2875	741	1.0
1950	976	0.01
976	1950	0.01
1463	4276	1.0
4276	1463	1.0
2467	3320	1.0
3320	2467	1.0
2480	982	1.0
982	2480	1.0
4238	1254	0.01
1254	4238	0.01
741	2314	0.01
2314	741	0.01
208	4255	1.0
4255	208	1.0
1517	2496	0.01
2496	1517	0.01
3841	3195	0.01
3195	3841	0.01
5212	1342	0.01
1342	5212	0.01
877	1067	0.01
1067	877	0.01
4888	2726	0.01
2726	4888	0.01
17	1929	1.0
1929	17	1.0
208	2981	0.01
2981	208	0.01
4697	17	1.0
17	4697	1.0
2480	1605	1.0
1605	2480	1.0
1791	3112	1.0
3112	1791	1.0
3844	2562	0.01
2562	3844	0.01
1846	1358	1.0
1358	1846	1.0
4276	5212	1.0
5212	4276	1.0
2540	4225	1.0
4225	2540	1.0
1524	1634	0.01
1634	1524	0.01
5079	3537	1.0
3537	5079	1.0
4355	3065	1.0
3065	4355	1.0
2733	1824	1.0
1824	2733	1.0
1720	4371	1.0
4371	1720	1.0
2391	4937	1.0
4937	2391	1.0
1351	4248	0.01
4248	1351	0.01
5079	1463	1.0
1463	5079	1.0
5	4630	1.0
4630	5	1.0
3345	4276	1.0
4276	3345	1.0
1544	2824	0.01
2824	1544	0.01
5032	4621	0.01
4621	5032	0.01
111	2612	1.0
2612	111	1.0
3072	621	0.01
621	3072	0.01
2444	2423	0.01
2423	2444	0.01
4248	785	0.01
785	4248	0.01
5032	4888	1.0
4888	5032	1.0
5037	1463	0.01
1463	5037	0.01
2119	1574	1.0
1574	2119	1.0
2756	1567	1.0
1567	2756	1.0
3841	3582	0.01
3582	3841	0.01
1119	1530	0.01
1530	1119	0.01
785	746	0.01
746	785	0.01
2824	4238	0.01
4238	2824	0.01
1720	2001	1.0
2001	1720	1.0
2756	2496	1.0
2496	2756	1.0
1950	1574	0.01
1574	1950	0.01
4276	1358	1.0
1358	4276	1.0
741	3543	1.0
3543	741	1.0
1150	4188	1.0
4188	1150	1.0
785	2116	0.01
2116	785	0.01
3345	1463	1.0
1463	3345	1.0
17	2314	1.0
2314	17	1.0
5	1823	0.01
1823	5	0.01
2726	741	1.0
741	2726	1.0
2983	4503	1.0
4503	2983	1.0
4000	5121	0.01
5121	4000	0.01
4718	2496	0.01
2496	4718	0.01
5212	2612	0.01
2612	5212	0.01
40	4481	1.0
4481	40	1.0
2645	877	0.01
877	2645	0.01
457	4276	1.0
4276	457	1.0
1463	1342	1.0
1342	1463	1.0
2116	4225	1.0
4225	2116	1.0
1082	4481	1.0
4481	1082	1.0
1413	4569	1.0
4569	1413	1.0
4481	3316	1.0
3316	4481	1.0
1958	5283	0.01
5283	1958	0.01
