1234	4701	0.01
4701	1234	0.01
892	5190	1.0
5190	892	1.0
1389	3144	1.0
3144	1389	1.0
3077	5265	1.0
5265	3077	1.0
2798	2045	1.0
2045	2798	1.0
4469	1078	0.01
1078	4469	0.01
5061	3275	1.0
3275	5061	1.0
1682	1816	0.01
1816	1682	0.01
4149	5235	0.01
5235	4149	0.01
1389	4304	1.0
4304	1389	1.0
4320	2536	1.0
2536	4320	1.0
4325	2582	1.0
2582	4325	1.0
804	4458	1.0
4458	804	1.0
4858	2316	0.01
2316	4858	0.01
3814	911	0.01
911	3814	0.01
1855	440	0.01
440	1855	0.01
4701	1855	1.0
1855	4701	1.0
3486	789	1.0
789	3486	1.0
741	3275	1.0
3275	741	1.0
2447	1251	1.0
1251	2447	1.0
3874	1120	0.01
1120	3874	0.01
5007	2316	0.01
2316	5007	0.01
1948	3275	1.0
3275	1948	1.0
4742	2619	1.0
2619	4742	1.0
4240	1948	0.01
1948	4240	0.01
1389	4248	1.0
4248	1389	1.0
3854	358	0.01
358	3854	0.01
2719	4276	1.0
4276	2719	1.0
2371	4904	1.0
4904	2371	1.0
4627	3616	0.01
3616	4627	0.01
3756	4276	1.0
4276	3756	1.0
347	2206	1.0
2206	347	1.0
3179	1002	0.01
1002	3179	0.01
2798	3693	1.0
3693	2798	1.0
2798	1783	1.0
1783	2798	1.0
3543	2113	0.01
2113	3543	0.01
2388	4325	0.01
4325	2388	0.01
78	155	0.01
155	78	0.01
4742	514	1.0
514	4742	1.0
1800	1898	1.0
1898	1800	1.0
347	78	1.0
78	347	1.0
2689	2834	1.0
2834	2689	1.0
2371	2689	1.0
2689	2371	1.0
3346	1953	1.0
1953	3346	1.0
2689	982	1.0
982	2689	1.0
741	1533	0.01
1533	741	0.01
1948	4904	0.01
4904	1948	0.01
5029	880	1.0
880	5029	1.0
1900	1642	0.01
1642	1900	0.01
3077	2937	1.0
2937	3077	1.0
2834	1078	0.01
1078	2834	0.01
4795	4494	1.0
4494	4795	1.0
91	4350	1.0
4350	91	1.0
78	926	1.0
926	78	1.0
518	5191	0.01
5191	518	0.01
3271	3761	0.01
3761	3271	0.01
5333	754	0.01
754	5333	0.01
1948	3863	0.01
3863	1948	0.01
3061	2857	0.01
2857	3061	0.01
4161	4320	0.01
4320	4161	0.01
4481	440	1.0
440	4481	1.0
4276	1311	0.01
1311	4276	0.01
726	3599	0.01
3599	726	0.01
2572	3883	1.0
3883	2572	1.0
741	1800	1.0
1800	741	1.0
2798	1576	1.0
1576	2798	1.0
892	2467	1.0
2467	892	1.0
1533	3316	0.01
3316	1533	0.01
208	1939	0.01
1939	208	0.01
2798	651	1.0
651	2798	1.0
4542	4887	0.01
4887	4542	0.01
492	1511	1.0
1511	492	1.0
911	1875	0.01
1875	911	0.01
3814	78	0.01
78	3814	0.01
5166	5115	0.01
5115	5166	0.01
1389	1533	1.0
1533	1389	1.0
2054	1460	1.0
1460	2054	1.0
2783	746	1.0
746	2783	1.0
911	2719	0.01
2719	911	0.01
4255	973	0.01
973	4255	0.01
2945	1314	1.0
1314	2945	1.0
5034	3543	1.0
3543	5034	1.0
2689	4481	1.0
4481	2689	1.0
358	2946	0.01
2946	358	0.01
3077	1605	1.0
1605	3077	1.0
872	113	0.01
113	872	0.01
2467	3447	0.01
3447	2467	0.01
5190	3777	0.01
3777	5190	0.01
817	2937	1.0
2937	817	1.0
2388	4500	0.01
4500	2388	0.01
4701	2619	1.0
2619	4701	1.0
1386	3599	1.0
3599	1386	1.0
3854	3303	0.01
3303	3854	0.01
4164	726	0.01
726	4164	0.01
208	3441	1.0
3441	208	1.0
2447	1093	1.0
1093	2447	1.0
1228	1935	0.01
1935	1228	0.01
4119	5034	0.01
5034	4119	0.01
2371	2484	1.0
2484	2371	1.0
4481	1257	1.0
1257	4481	1.0
2424	3486	1.0
3486	2424	1.0
2582	3616	0.01
3616	2582	0.01
2054	1605	0.01
1605	2054	0.01
2798	4928	1.0
4928	2798	1.0
4164	2004	0.01
2004	4164	0.01
5097	2719	0.01
2719	5097	0.01
2424	2035	1.0
2035	2424	1.0
3486	5007	1.0
5007	3486	1.0
5235	2946	0.01
2946	5235	0.01
817	1251	1.0
1251	817	1.0
78	2206	1.0
2206	78	1.0
2945	1816	1.0
1816	2945	1.0
492	3993	1.0
3993	492	1.0
2857	1855	1.0
1855	2857	1.0
880	2384	0.01
2384	880	0.01
2508	1875	1.0
1875	2508	1.0
2054	2037	1.0
2037	2054	1.0
2508	3854	1.0
3854	2508	1.0
4742	3864	1.0
3864	4742	1.0
3077	3854	1.0
3854	3077	1.0
2467	3303	0.01
3303	2467	0.01
440	746	1.0
746	440	1.0
2384	4304	1.0
4304	2384	1.0
3777	1251	1.0
1251	3777	1.0
2508	2536	1.0
2536	2508	1.0
789	2619	1.0
2619	789	1.0
762	2977	1.0
2977	762	1.0
672	2540	0.01
2540	672	0.01
804	5265	1.0
5265	804	1.0
347	4609	1.0
4609	347	1.0
1386	4248	1.0
4248	1386	1.0
1847	4225	1.0
4225	1847	1.0
941	3853	0.01
3853	941	0.01
78	4304	1.0
4304	78	1.0
2424	1576	1.0
1576	2424	1.0
1682	804	0.01
804	1682	0.01
2484	982	1.0
982	2484	1.0
2503	4672	0.01
4672	2503	0.01
4041	2213	0.01
2213	4041	0.01
3486	1234	0.01
1234	3486	0.01
5061	741	1.0
741	5061	1.0
1384	2035	0.01
2035	1384	0.01
754	1314	0.01
1314	754	0.01
892	2283	1.0
2283	892	1.0
4481	4255	1.0
4255	4481	1.0
2738	3979	1.0
3979	2738	1.0
1786	4119	0.01
4119	1786	0.01
3486	5166	1.0
5166	3486	1.0
3844	2481	0.01
2481	3844	0.01
2977	3423	1.0
3423	2977	1.0
1386	789	1.0
789	1386	1.0
888	1093	0.01
1093	888	0.01
2798	3829	1.0
3829	2798	1.0
4494	4904	0.01
4904	4494	0.01
1074	3829	0.01
3829	1074	0.01
4442	3447	0.01
3447	4442	0.01
514	5191	0.01
5191	514	0.01
5190	3442	0.01
3442	5190	0.01
5356	1962	0.01
1962	5356	0.01
859	1009	0.01
1009	859	0.01
4161	2540	0.01
2540	4161	0.01
5034	4246	1.0
4246	5034	1.0
347	1800	1.0
1800	347	1.0
892	3853	0.01
3853	892	0.01
1938	4276	0.01
4276	1938	0.01
1386	1783	1.0
1783	1386	1.0
1879	970	0.01
970	1879	0.01
1816	1642	0.01
1642	1816	0.01
3814	2582	1.0
2582	3814	1.0
892	5323	1.0
5323	892	1.0
973	155	0.01
155	973	0.01
859	4795	0.01
4795	859	0.01
1764	4533	1.0
4533	1764	1.0
3630	4255	0.01
4255	3630	0.01
2078	514	0.01
514	2078	0.01
4276	4281	0.01
4281	4276	0.01
3447	746	1.0
746	3447	1.0
1389	926	1.0
926	1389	1.0
2783	2937	1.0
2937	2783	1.0
2388	1764	1.0
1764	2388	1.0
804	3844	1.0
3844	804	1.0
2689	1910	1.0
1910	2689	1.0
3888	1900	0.01
1900	3888	0.01
2054	5097	0.01
5097	2054	0.01
726	3077	0.01
3077	726	0.01
4325	2481	0.01
2481	4325	0.01
880	492	0.01
492	880	0.01
2251	5352	0.01
5352	2251	0.01
2783	2078	0.01
2078	2783	0.01
3864	1384	0.01
1384	3864	0.01
2388	203	0.01
203	2388	0.01
5186	1093	0.01
1093	5186	0.01
4240	5340	0.01
5340	4240	0.01
5034	3756	1.0
3756	5034	1.0
2447	440	1.0
440	2447	1.0
5034	5356	1.0
5356	5034	1.0
208	2556	1.0
2556	208	1.0
2388	5061	1.0
5061	2388	1.0
2937	956	0.01
956	2937	0.01
1386	1879	1.0
1879	1386	1.0
741	5265	1.0
5265	741	1.0
2572	4565	1.0
4565	2572	1.0
3630	1002	0.01
1002	3630	0.01
4320	4533	1.0
4533	4320	1.0
1764	2467	1.0
2467	1764	1.0
1764	4481	1.0
4481	1764	1.0
2371	5166	1.0
5166	2371	1.0
3416	746	1.0
746	3416	1.0
1605	3279	0.01
3279	1605	0.01
3777	3442	0.01
3442	3777	0.01
880	204	0.01
204	880	0.01
91	3599	1.0
3599	91	1.0
2316	2609	0.01
2609	2316	0.01
1460	1962	0.01
1962	1460	0.01
4481	2536	1.0
2536	4481	1.0
3061	2977	0.01
2977	3061	0.01
2054	4246	1.0
4246	2054	1.0
3486	5323	1.0
5323	3486	1.0
669	5352	0.01
5352	669	0.01
4795	926	1.0
926	4795	1.0
78	3447	1.0
3447	78	1.0
804	5333	1.0
5333	804	1.0
4425	2798	1.0
2798	4425	1.0
2484	2536	1.0
2536	2484	1.0
741	3854	1.0
3854	741	1.0
78	2834	1.0
2834	78	1.0
2798	2503	1.0
2503	2798	1.0
1267	1311	0.01
1311	1267	0.01
1955	3271	0.01
3271	1955	0.01
3346	2834	1.0
2834	3346	1.0
741	2283	1.0
2283	741	1.0
3179	3275	0.01
3275	3179	0.01
4481	5235	1.0
5235	4481	1.0
3346	982	1.0
982	3346	1.0
1962	2139	0.01
2139	1962	0.01
3184	514	0.01
514	3184	0.01
831	859	0.01
859	831	0.01
926	2834	0.01
2834	926	0.01
2724	926	1.0
926	2724	1.0
1460	3275	1.0
3275	1460	1.0
545	2798	0.01
2798	545	0.01
741	5166	1.0
5166	741	1.0
3077	1257	1.0
1257	3077	1.0
2798	5235	1.0
5235	2798	1.0
208	4928	1.0
4928	208	1.0
1389	2206	1.0
2206	1389	1.0
956	941	0.01
941	956	0.01
3077	1837	1.0
1837	3077	1.0
817	3844	1.0
3844	817	1.0
3461	746	1.0
746	3461	1.0
149	4469	1.0
4469	149	1.0
5097	4276	1.0
4276	5097	1.0
754	358	0.01
358	754	0.01
1847	4320	1.0
4320	1847	1.0
1800	3105	1.0
3105	1800	1.0
4701	5007	1.0
5007	4701	1.0
2689	4276	1.0
4276	2689	1.0
2798	1078	1.0
1078	2798	1.0
3077	2536	1.0
2536	3077	1.0
804	2719	1.0
2719	804	1.0
762	1855	1.0
1855	762	1.0
4481	4168	1.0
4168	4481	1.0
5034	2440	1.0
2440	5034	1.0
2371	880	1.0
880	2371	1.0
2783	4276	1.0
4276	2783	1.0
831	5166	0.01
5166	831	0.01
3442	2447	0.01
2447	3442	0.01
888	1955	0.01
1955	888	0.01
492	2937	1.0
2937	492	1.0
5235	3827	0.01
3827	5235	0.01
500	4149	0.01
4149	500	0.01
2440	4932	1.0
4932	2440	1.0
3883	1078	0.01
1078	3883	0.01
3077	3543	1.0
3543	3077	1.0
1962	1816	1.0
1816	1962	1.0
2783	1605	1.0
1605	2783	1.0
2371	746	1.0
746	2371	1.0
4701	1386	1.0
1386	4701	1.0
5190	2388	0.01
2388	5190	0.01
347	4255	1.0
4255	347	1.0
1800	3447	1.0
3447	1800	1.0
3447	4928	1.0
4928	3447	1.0
1576	1962	0.01
1962	1576	0.01
1938	4304	0.01
4304	1938	0.01
1847	1837	1.0
1837	1847	1.0
91	4494	1.0
4494	91	1.0
3777	5265	1.0
5265	3777	1.0
2719	982	1.0
982	2719	1.0
1875	3979	0.01
3979	1875	0.01
4542	4838	0.01
4838	4542	0.01
3881	3229	0.01
3229	3881	0.01
4149	4350	0.01
4350	4149	0.01
2689	3486	1.0
3486	2689	1.0
208	3229	1.0
3229	208	1.0
4240	3979	0.01
3979	4240	0.01
4795	5166	1.0
5166	4795	1.0
4225	2719	0.01
2719	4225	0.01
2689	3077	1.0
3077	2689	1.0
4500	1386	0.01
1386	4500	0.01
3883	4838	0.01
4838	3883	0.01
1386	4645	0.01
4645	1386	0.01
1962	1257	1.0
1257	1962	1.0
669	3583	1.0
3583	669	1.0
2783	514	1.0
514	2783	1.0
2556	5064	0.01
5064	2556	0.01
2388	3271	0.01
3271	2388	0.01
2371	2424	1.0
2424	2371	1.0
2388	2582	1.0
2582	2388	1.0
3864	5265	0.01
5265	3864	0.01
204	892	0.01
892	204	0.01
3979	5356	0.01
5356	3979	0.01
5061	2037	1.0
2037	5061	1.0
2424	2834	1.0
2834	2424	1.0
2139	2798	1.0
2798	2139	1.0
3144	1415	0.01
1415	3144	0.01
347	817	1.0
817	347	1.0
2371	2251	1.0
2251	2371	1.0
4672	672	0.01
672	4672	0.01
5029	4149	0.01
4149	5029	0.01
78	4281	1.0
4281	78	1.0
3316	4932	0.01
4932	3316	0.01
4742	1764	1.0
1764	4742	1.0
741	926	1.0
926	741	1.0
1584	3863	1.0
3863	1584	1.0
3346	1386	1.0
1386	3346	1.0
1460	4932	1.0
4932	1460	1.0
804	4225	1.0
4225	804	1.0
804	78	1.0
78	804	1.0
2783	2113	1.0
2113	2783	1.0
4701	746	1.0
746	4701	1.0
2719	2447	1.0
2447	2719	1.0
741	2783	1.0
2783	741	1.0
4928	1900	0.01
1900	4928	0.01
1389	4041	0.01
4041	1389	0.01
4425	2582	1.0
2582	4425	1.0
1384	3447	0.01
3447	1384	0.01
3693	880	0.01
880	3693	0.01
1078	3616	0.01
3616	1078	0.01
2783	4672	1.0
4672	2783	1.0
911	1816	0.01
1816	911	0.01
2424	4533	1.0
4533	2424	1.0
5340	4248	0.01
4248	5340	0.01
2689	4565	1.0
4565	2689	1.0
1800	1576	1.0
1576	1800	1.0
2945	1605	1.0
1605	2945	1.0
789	746	1.0
746	789	1.0
3441	982	0.01
982	3441	0.01
5097	3486	1.0
3486	5097	1.0
4320	1764	1.0
1764	4320	1.0
347	2556	1.0
2556	347	1.0
2937	4119	0.01
4119	2937	0.01
804	746	1.0
746	804	1.0
1953	4645	0.01
4645	1953	0.01
4168	4401	0.01
4401	4168	0.01
872	4255	0.01
4255	872	0.01
2251	4904	0.01
4904	2251	0.01
2037	2503	0.01
2503	2037	0.01
545	2484	0.01
2484	545	0.01
3761	4186	0.01
4186	3761	0.01
2689	1389	1.0
1389	2689	1.0
2371	1389	1.0
1389	2371	1.0
3616	880	0.01
880	3616	0.01
440	4645	0.01
4645	440	0.01
4320	1953	1.0
1953	4320	1.0
741	1824	1.0
1824	741	1.0
817	4350	1.0
4350	817	1.0
4742	1311	1.0
1311	4742	1.0
2972	4932	0.01
4932	2972	0.01
2424	1953	1.0
1953	2424	1.0
1074	892	0.01
892	1074	0.01
2724	5265	1.0
5265	2724	1.0
4149	1384	0.01
1384	4149	0.01
3447	2054	0.01
2054	3447	0.01
492	941	1.0
941	492	1.0
941	3423	0.01
3423	941	0.01
347	2424	1.0
2424	347	1.0
1764	2484	1.0
2484	1764	1.0
347	4304	1.0
4304	347	1.0
5061	4672	1.0
4672	5061	1.0
3184	2857	0.01
2857	3184	0.01
1764	2783	1.0
2783	1764	1.0
2054	2619	1.0
2619	2054	1.0
2689	3271	0.01
3271	2689	0.01
2440	3543	1.0
3543	2440	1.0
1170	2977	0.01
2977	1170	0.01
440	3761	0.01
3761	440	0.01
2724	4742	1.0
4742	2724	1.0
4275	500	0.01
500	4275	0.01
941	2467	0.01
2467	941	0.01
4742	5166	1.0
5166	4742	1.0
741	859	1.0
859	741	1.0
741	2206	1.0
2206	741	1.0
1384	1879	0.01
1879	1384	0.01
880	3853	0.01
3853	880	0.01
1800	4186	0.01
4186	1800	0.01
3881	1257	0.01
1257	3881	0.01
3275	2572	0.01
2572	3275	0.01
4565	2503	0.01
2503	4565	0.01
4701	5166	1.0
5166	4701	1.0
789	941	1.0
941	789	1.0
4500	204	0.01
204	4500	0.01
726	91	1.0
91	726	1.0
78	746	1.0
746	78	1.0
347	2783	1.0
2783	347	1.0
1764	789	1.0
789	1764	1.0
2798	4164	1.0
4164	2798	1.0
5186	1953	0.01
1953	5186	0.01
255	5166	0.01
5166	255	0.01
3061	1533	0.01
1533	3061	0.01
1786	4077	0.01
4077	1786	0.01
2035	3583	0.01
3583	2035	0.01
1584	4304	1.0
4304	1584	1.0
208	3761	0.01
3761	208	0.01
1228	1009	0.01
1009	1228	0.01
3077	2609	1.0
2609	3077	1.0
4041	2536	0.01
2536	4041	0.01
754	4041	0.01
4041	754	0.01
1053	5352	0.01
5352	1053	0.01
3279	2536	0.01
2536	3279	0.01
4742	1576	1.0
1576	4742	1.0
2467	4542	0.01
4542	2467	0.01
741	817	1.0
817	741	1.0
1898	2440	0.01
2440	1898	0.01
149	3271	0.01
3271	149	0.01
3275	2503	0.01
2503	3275	0.01
804	1314	1.0
1314	804	1.0
4458	4320	0.01
4320	4458	0.01
2609	3864	0.01
3864	2609	0.01
4320	4350	1.0
4350	4320	1.0
4119	500	0.01
500	4119	0.01
3853	1786	0.01
1786	3853	0.01
149	746	1.0
746	149	1.0
2447	1415	1.0
1415	2447	1.0
352	4481	1.0
4481	352	1.0
2738	4276	1.0
4276	2738	1.0
817	4255	1.0
4255	817	1.0
2689	5323	1.0
5323	2689	1.0
352	910	0.01
910	352	0.01
4320	1074	1.0
1074	4320	1.0
2945	1855	1.0
1855	2945	1.0
4458	204	0.01
204	4458	0.01
4701	1584	1.0
1584	4701	1.0
1384	194	0.01
194	1384	0.01
4246	2484	0.01
2484	4246	0.01
3854	4542	0.01
4542	3854	0.01
1386	926	1.0
926	1386	1.0
1955	352	0.01
352	1955	0.01
2798	1093	1.0
1093	2798	1.0
726	5007	1.0
5007	726	1.0
5029	3993	1.0
3993	5029	1.0
2798	204	1.0
204	2798	1.0
3874	2113	0.01
2113	3874	0.01
4533	5235	0.01
5235	4533	0.01
956	1257	0.01
1257	956	0.01
3583	1576	0.01
1576	3583	0.01
2738	3463	0.01
3463	2738	0.01
1938	113	0.01
113	1938	0.01
2481	2536	0.01
2536	2481	0.01
3271	1311	0.01
1311	3271	0.01
2206	4186	0.01
4186	2206	0.01
2139	746	1.0
746	2139	1.0
208	3888	1.0
3888	208	1.0
3630	941	1.0
941	3630	1.0
2447	3441	1.0
3441	2447	1.0
2946	3179	0.01
3179	2946	0.01
2977	1389	0.01
1389	2977	0.01
1386	651	1.0
651	1386	1.0
956	3883	0.01
3883	956	0.01
347	5166	1.0
5166	347	1.0
4565	1875	0.01
1875	4565	0.01
203	4701	0.01
4701	203	0.01
1939	3756	0.01
3756	1939	0.01
892	1800	1.0
1800	892	1.0
5097	4634	0.01
4634	5097	0.01
2798	3144	1.0
3144	2798	1.0
1764	2316	0.01
2316	1764	0.01
4164	1311	0.01
1311	4164	0.01
1257	672	0.01
672	1257	0.01
3346	4255	1.0
4255	3346	1.0
741	831	1.0
831	741	1.0
4742	2424	1.0
2424	4742	1.0
4325	3442	0.01
3442	4325	0.01
2783	4494	1.0
4494	2783	1.0
2738	2113	1.0
2113	2738	1.0
1389	5265	1.0
5265	1389	1.0
2619	741	0.01
741	2619	0.01
347	4168	0.01
4168	347	0.01
3543	1800	0.01
1800	3543	0.01
741	1837	1.0
1837	741	1.0
2719	5190	1.0
5190	2719	1.0
3756	2035	0.01
2035	3756	0.01
208	3423	1.0
3423	208	1.0
3543	545	0.01
545	3543	0.01
1938	4077	0.01
4077	1938	0.01
1847	1783	0.01
1783	1847	0.01
3486	1898	1.0
1898	3486	1.0
2719	4565	1.0
4565	2719	1.0
2556	3829	0.01
3829	2556	0.01
2738	1384	0.01
1384	2738	0.01
4248	3077	0.01
3077	4248	0.01
2251	5007	0.01
5007	2251	0.01
4458	1855	0.01
1855	4458	0.01
5061	3077	1.0
3077	5061	1.0
2037	754	0.01
754	2037	0.01
3441	3229	1.0
3229	3441	1.0
3844	4645	0.01
4645	3844	0.01
2133	2857	0.01
2857	2133	0.01
352	518	0.01
518	352	0.01
3756	4225	1.0
4225	3756	1.0
651	4838	0.01
4838	651	0.01
2719	4672	1.0
4672	2719	1.0
2798	1311	1.0
1311	2798	1.0
2424	3447	1.0
3447	2424	1.0
1786	2045	0.01
2045	1786	0.01
2440	1855	1.0
1855	2440	1.0
1386	2972	1.0
2972	1386	1.0
5029	1898	1.0
1898	5029	1.0
1228	3853	0.01
3853	1228	0.01
2424	4932	1.0
4932	2424	1.0
2504	2503	0.01
2503	2504	0.01
78	4565	1.0
4565	78	1.0
4481	3184	0.01
3184	4481	0.01
2045	3888	0.01
3888	2045	0.01
3756	4634	0.01
4634	3756	0.01
2484	4458	0.01
4458	2484	0.01
892	4565	1.0
4565	892	1.0
5340	1228	0.01
1228	5340	0.01
4887	3077	0.01
3077	4887	0.01
789	1939	1.0
1939	789	1.0
347	1764	1.0
1764	347	1.0
2388	3441	0.01
3441	2388	0.01
762	1258	0.01
1258	762	0.01
1955	3814	0.01
3814	1955	0.01
973	113	0.01
113	973	0.01
672	3874	0.01
3874	672	0.01
1389	3599	1.0
3599	1389	1.0
1386	817	1.0
817	1386	1.0
4701	194	1.0
194	4701	1.0
2508	1605	1.0
1605	2508	1.0
4928	2206	0.01
2206	4928	0.01
2719	3486	1.0
3486	2719	1.0
4568	1314	0.01
1314	4568	0.01
2689	2536	1.0
2536	2689	1.0
1910	672	0.01
672	1910	0.01
347	831	1.0
831	347	1.0
5323	3979	0.01
3979	5323	0.01
149	970	0.01
970	149	0.01
2447	2937	1.0
2937	2447	1.0
5007	514	0.01
514	5007	0.01
2371	2206	1.0
2206	2371	1.0
1584	2619	0.01
2619	1584	0.01
2783	762	0.01
762	2783	0.01
2035	3853	0.01
3853	2035	0.01
4186	1855	1.0
1855	4186	1.0
5235	5191	0.01
5191	5235	0.01
3486	4494	1.0
4494	3486	1.0
3346	5235	1.0
5235	3346	1.0
926	4077	0.01
4077	926	0.01
2133	3829	0.01
3829	2133	0.01
859	2447	0.01
2447	859	0.01
3486	1460	1.0
1460	3486	1.0
500	3275	1.0
3275	500	1.0
746	1786	0.01
1786	746	0.01
1764	1786	1.0
1786	1764	1.0
3543	3993	0.01
3993	3543	0.01
3864	1093	0.01
1093	3864	0.01
817	2035	1.0
2035	817	1.0
1764	746	1.0
746	1764	1.0
1257	3863	0.01
3863	1257	0.01
5061	817	1.0
817	5061	1.0
3316	4401	0.01
4401	3316	0.01
3416	78	0.01
78	3416	0.01
3234	1074	0.01
1074	3234	0.01
518	726	0.01
726	518	0.01
4500	2440	0.01
2440	4500	0.01
3447	2037	1.0
2037	3447	1.0
3888	1120	0.01
1120	3888	0.01
3416	1953	0.01
1953	3416	0.01
4161	5191	0.01
5191	4161	0.01
208	2133	1.0
2133	208	1.0
3303	941	0.01
941	3303	0.01
3275	1900	0.01
1900	3275	0.01
1898	1234	0.01
1234	1898	0.01
4320	1800	1.0
1800	4320	1.0
1682	4645	0.01
4645	1682	0.01
1389	817	1.0
817	1389	1.0
2738	1898	1.0
1898	2738	1.0
4246	5097	0.01
5097	4246	0.01
817	3979	0.01
3979	817	0.01
514	113	0.01
113	514	0.01
2798	4565	0.01
4565	2798	0.01
5191	482	0.01
482	5191	0.01
2440	1847	0.01
1847	2440	0.01
2719	4275	1.0
4275	2719	1.0
1389	910	0.01
910	1389	0.01
2213	1170	1.0
1170	2213	1.0
2689	1800	1.0
1800	2689	1.0
4500	3356	0.01
3356	4500	0.01
2945	1800	1.0
1800	2945	1.0
804	973	0.01
973	804	0.01
4119	4627	0.01
4627	4119	0.01
1584	2133	0.01
2133	1584	0.01
4246	4887	0.01
4887	4246	0.01
2251	3864	0.01
3864	2251	0.01
789	2783	1.0
2783	789	1.0
1460	3184	0.01
3184	1460	0.01
3447	872	1.0
872	3447	1.0
4401	982	1.0
982	4401	1.0
4240	3881	0.01
3881	4240	0.01
2689	5265	1.0
5265	2689	1.0
4494	358	0.01
358	4494	0.01
1764	4248	1.0
4248	1764	1.0
2484	762	0.01
762	2484	0.01
1898	1682	0.01
1682	1898	0.01
2133	2113	0.01
2113	2133	0.01
5029	926	1.0
926	5029	1.0
4742	2536	1.0
2536	4742	1.0
892	2035	1.0
2035	892	1.0
926	3693	0.01
3693	926	0.01
358	500	1.0
500	358	1.0
3777	1267	1.0
1267	3777	1.0
78	880	1.0
880	78	1.0
5029	2037	1.0
2037	5029	1.0
5356	970	0.01
970	5356	0.01
3061	3442	0.01
3442	3061	0.01
4320	1078	0.01
1078	4320	0.01
3346	926	1.0
926	3346	1.0
1386	2783	1.0
2783	1386	1.0
2857	2946	0.01
2946	2857	0.01
1311	3883	0.01
3883	1311	0.01
741	2536	1.0
2536	741	1.0
1386	746	1.0
746	1386	1.0
4161	4742	0.01
4742	4161	0.01
4609	4565	0.01
4565	4609	0.01
817	926	1.0
926	817	1.0
2371	2467	1.0
2467	2371	1.0
3756	4168	0.01
4168	3756	0.01
4248	1642	0.01
1642	4248	0.01
911	1682	0.01
1682	911	0.01
2556	4565	1.0
4565	2556	1.0
5034	2783	1.0
2783	5034	1.0
4565	3423	0.01
3423	4565	0.01
113	5166	0.01
5166	113	0.01
5034	1002	1.0
1002	5034	1.0
2857	4932	0.01
4932	2857	0.01
2689	3442	0.01
3442	2689	0.01
1386	2945	1.0
2945	1386	1.0
4634	926	0.01
926	4634	0.01
208	2447	1.0
2447	208	1.0
4320	1576	1.0
1576	4320	1.0
1533	2689	0.01
2689	1533	0.01
78	5190	1.0
5190	78	1.0
1389	4565	1.0
4565	1389	1.0
2508	3279	1.0
3279	2508	1.0
741	1898	1.0
1898	741	1.0
4928	4795	0.01
4795	4928	0.01
78	2467	0.01
2467	78	0.01
3077	2283	1.0
2283	3077	1.0
956	3761	0.01
3761	956	0.01
2440	926	1.0
926	2440	1.0
4425	3442	0.01
3442	4425	0.01
78	440	1.0
440	78	1.0
3442	804	0.01
804	3442	0.01
789	5265	1.0
5265	789	1.0
1800	746	1.0
746	1800	1.0
2977	5235	1.0
5235	2977	1.0
4164	3835	0.01
3835	4164	0.01
2440	4494	1.0
4494	2440	1.0
3441	3184	1.0
3184	3441	1.0
3844	4255	0.01
4255	3844	0.01
3756	5265	1.0
5265	3756	1.0
2609	1511	0.01
1511	2609	0.01
2133	3630	0.01
3630	2133	0.01
2689	741	1.0
741	2689	1.0
3184	2719	0.01
2719	3184	0.01
2440	4350	1.0
4350	2440	1.0
804	880	1.0
880	804	1.0
2689	4533	1.0
4533	2689	1.0
78	1074	1.0
1074	78	1.0
5029	1078	1.0
1078	5029	1.0
2508	1314	1.0
1314	2508	1.0
2384	982	0.01
982	2384	0.01
3486	1800	1.0
1800	3486	1.0
2572	2834	0.01
2834	2572	0.01
1584	5186	1.0
5186	1584	1.0
762	2447	1.0
2447	762	1.0
1389	2783	1.0
2783	1389	1.0
2447	926	1.0
926	2447	1.0
2783	4533	1.0
4533	2783	1.0
3144	500	0.01
500	3144	0.01
78	3077	1.0
3077	78	1.0
1170	2371	0.01
2371	1170	0.01
1389	5097	1.0
5097	1389	1.0
2113	3303	0.01
3303	2113	0.01
973	4858	0.01
4858	973	0.01
892	2834	1.0
2834	892	1.0
3616	1898	0.01
1898	3616	0.01
4494	1875	0.01
1875	4494	0.01
2619	4568	0.01
4568	2619	0.01
2738	5333	0.01
5333	2738	0.01
3777	3441	1.0
3441	3777	1.0
3144	926	1.0
926	3144	1.0
817	1953	0.01
1953	817	0.01
789	4246	1.0
4246	789	1.0
2972	4161	0.01
4161	2972	0.01
2945	4246	1.0
4246	2945	1.0
4281	1816	0.01
1816	4281	0.01
3447	3346	0.01
3346	3447	0.01
4281	1948	0.01
1948	4281	0.01
3077	888	1.0
888	3077	1.0
3814	3874	0.01
3874	3814	0.01
2738	2945	1.0
2945	2738	1.0
3599	1584	0.01
1584	3599	0.01
789	817	1.0
817	789	1.0
1389	1855	1.0
1855	1389	1.0
1267	3756	0.01
3756	1267	0.01
5208	880	0.01
880	5208	0.01
2798	2504	1.0
2504	2798	1.0
880	3874	0.01
3874	880	0.01
1642	4458	0.01
4458	1642	0.01
4248	4609	0.01
4609	4248	0.01
3693	4255	0.01
4255	3693	0.01
4255	741	0.01
741	4255	0.01
347	3275	1.0
3275	347	1.0
2798	4932	1.0
4932	2798	1.0
5265	1002	0.01
1002	5265	0.01
1800	1837	1.0
1837	1800	1.0
2316	1074	0.01
1074	2316	0.01
3441	3423	1.0
3423	3441	1.0
4533	2440	0.01
2440	4533	0.01
872	1764	0.01
1764	872	0.01
2447	1511	1.0
1511	2447	1.0
831	1855	1.0
1855	831	1.0
4320	2467	0.01
2467	4320	0.01
2738	3279	1.0
3279	2738	1.0
1074	3599	0.01
3599	1074	0.01
4494	2508	0.01
2508	4494	0.01
1584	746	1.0
746	1584	1.0
1460	1837	0.01
1837	1460	0.01
2484	4255	1.0
4255	2484	1.0
1847	1898	1.0
1898	1847	1.0
2798	4500	1.0
4500	2798	1.0
892	1078	1.0
1078	892	1.0
2945	482	0.01
482	2945	0.01
4161	1783	0.01
1783	4161	0.01
2508	1953	1.0
1953	2508	1.0
3271	5064	0.01
5064	3271	0.01
2371	2508	1.0
2508	2371	1.0
1800	5007	1.0
5007	1800	1.0
831	545	1.0
545	831	1.0
2054	4533	1.0
4533	2054	1.0
651	4077	0.01
4077	651	0.01
78	5323	1.0
5323	78	1.0
2139	545	1.0
545	2139	1.0
2508	1938	1.0
1938	2508	1.0
1953	203	0.01
203	1953	0.01
347	3441	1.0
3441	347	1.0
4325	1605	1.0
1605	4325	1.0
3316	2484	0.01
2484	3316	0.01
817	1855	1.0
1855	817	1.0
2857	1460	0.01
1460	2857	0.01
4742	1935	1.0
1935	4742	1.0
2054	5190	1.0
5190	2054	1.0
78	2937	1.0
2937	78	1.0
5061	2035	1.0
2035	5061	1.0
3777	1953	0.01
1953	3777	0.01
4161	78	0.01
78	4161	0.01
2572	1783	0.01
1783	2572	0.01
1386	4565	1.0
4565	1386	1.0
2371	4742	1.0
4742	2371	1.0
2424	5190	1.0
5190	2424	1.0
2213	91	0.01
91	2213	0.01
4858	1267	0.01
1267	4858	0.01
2798	4442	1.0
4442	2798	1.0
347	1898	1.0
1898	347	1.0
2388	3616	1.0
3616	2388	1.0
2035	4248	0.01
4248	2035	0.01
5323	5235	0.01
5235	5323	0.01
3061	2045	0.01
2045	3061	0.01
4186	194	0.01
194	4186	0.01
2440	817	1.0
817	2440	1.0
2783	5166	1.0
5166	2783	1.0
2972	4246	0.01
4246	2972	0.01
78	4904	1.0
4904	78	1.0
3993	4168	0.01
4168	3993	0.01
1783	2689	0.01
2689	1783	0.01
2440	2536	1.0
2536	2440	1.0
1093	1682	0.01
1682	1093	0.01
4481	746	1.0
746	4481	1.0
2689	789	1.0
789	2689	1.0
3463	941	1.0
941	3463	1.0
926	1078	0.01
1078	926	0.01
2054	347	1.0
347	2054	1.0
1009	2037	0.01
2037	1009	0.01
2798	1482	1.0
1482	2798	1.0
3463	3883	0.01
3883	3463	0.01
804	3423	1.0
3423	804	1.0
2719	514	1.0
514	2719	1.0
2388	4041	0.01
4041	2388	0.01
1800	1939	0.01
1939	1800	0.01
2689	5061	1.0
5061	2689	1.0
1389	4320	1.0
4320	1389	1.0
3854	970	0.01
970	3854	0.01
741	4276	1.0
4276	741	1.0
91	3854	0.01
3854	91	0.01
2484	746	1.0
746	2484	1.0
482	3829	0.01
3829	482	0.01
2037	3761	0.01
3761	2037	0.01
4481	2540	1.0
2540	4481	1.0
789	1460	1.0
1460	789	1.0
3441	3316	1.0
3316	3441	1.0
1764	880	1.0
880	1764	1.0
1389	204	1.0
204	1389	1.0
3346	3461	0.01
3461	3346	0.01
3077	926	1.0
926	3077	1.0
78	4795	1.0
4795	78	1.0
5034	3844	1.0
3844	5034	1.0
741	440	0.01
440	741	0.01
5064	3416	0.01
3416	5064	0.01
492	3486	0.01
3486	492	0.01
4494	2316	0.01
2316	4494	0.01
2689	2447	1.0
2447	2689	1.0
2945	4168	0.01
4168	2945	0.01
4565	3616	0.01
3616	4565	0.01
2738	5166	1.0
5166	2738	1.0
5235	2481	0.01
2481	5235	0.01
4425	941	1.0
941	4425	1.0
2388	3874	1.0
3874	2388	1.0
2447	1898	1.0
1898	2447	1.0
4701	2206	1.0
2206	4701	1.0
2424	4281	1.0
4281	2424	1.0
2503	482	0.01
482	2503	0.01
500	4645	0.01
4645	500	0.01
2054	78	1.0
78	2054	1.0
4077	4149	0.01
4149	4077	0.01
208	3883	1.0
3883	208	1.0
4161	4186	0.01
4186	4161	0.01
3346	2035	1.0
2035	3346	1.0
91	514	1.0
514	91	1.0
5166	3279	0.01
3279	5166	0.01
1962	4246	1.0
4246	1962	1.0
1935	2698	0.01
2698	1935	0.01
859	4164	0.01
4164	859	0.01
4887	3864	0.01
3864	4887	0.01
2783	2582	1.0
2582	2783	1.0
3077	1800	1.0
1800	3077	1.0
3441	1898	1.0
1898	3441	1.0
1389	3979	1.0
3979	1389	1.0
1009	3316	0.01
3316	1009	0.01
3777	4609	0.01
4609	3777	0.01
5208	3077	0.01
3077	5208	0.01
1389	1251	1.0
1251	1389	1.0
804	1093	1.0
1093	804	1.0
3864	669	0.01
669	3864	0.01
2556	4255	1.0
4255	2556	1.0
352	2004	0.01
2004	352	0.01
2582	1764	0.01
1764	2582	0.01
2689	2582	1.0
2582	2689	1.0
2945	5333	0.01
5333	2945	0.01
1389	4077	0.01
4077	1389	0.01
4350	911	0.01
911	4350	0.01
1764	1824	1.0
1824	1764	1.0
1386	5166	1.0
5166	1386	1.0
2945	1258	1.0
1258	2945	1.0
5097	3442	1.0
3442	5097	1.0
4481	5166	1.0
5166	4481	1.0
1234	1389	0.01
1389	1234	0.01
2798	3271	1.0
3271	2798	1.0
2857	5323	1.0
5323	2857	1.0
1900	3844	0.01
3844	1900	0.01
4858	4164	0.01
4164	4858	0.01
347	4481	1.0
4481	347	1.0
1948	5166	1.0
5166	1948	1.0
1389	1935	1.0
1935	1389	1.0
4481	1093	1.0
1093	4481	1.0
3888	669	0.01
669	3888	0.01
5061	2206	1.0
2206	5061	1.0
2719	4494	1.0
4494	2719	1.0
1939	3316	0.01
3316	1939	0.01
3829	2447	0.01
2447	3829	0.01
2440	5166	1.0
5166	2440	1.0
5061	2937	1.0
2937	5061	1.0
1764	4225	1.0
4225	1764	1.0
3447	5190	1.0
5190	3447	1.0
804	3616	1.0
3616	804	1.0
5265	1314	0.01
1314	5265	0.01
2698	1939	1.0
1939	2698	1.0
2371	741	1.0
741	2371	1.0
789	5190	1.0
5190	789	1.0
2783	4255	1.0
4255	2783	1.0
2619	3777	0.01
3777	2619	0.01
78	2783	1.0
2783	78	1.0
4481	982	1.0
982	4481	1.0
3693	4041	0.01
4041	3693	0.01
2738	358	1.0
358	2738	1.0
3486	2035	1.0
2035	3486	1.0
746	4425	0.01
4425	746	0.01
872	2937	0.01
2937	872	0.01
4320	4240	1.0
4240	4320	1.0
5333	2834	0.01
2834	5333	0.01
3854	4701	0.01
4701	3854	0.01
3829	5061	0.01
5061	3829	0.01
347	2945	1.0
2945	347	1.0
2424	4246	1.0
4246	2424	1.0
1386	4904	1.0
4904	1386	1.0
1258	4533	0.01
4533	1258	0.01
4565	2504	0.01
2504	4565	0.01
255	3888	0.01
3888	255	0.01
4164	1605	0.01
1605	4164	0.01
872	2424	0.01
2424	872	0.01
789	4494	1.0
4494	789	1.0
1533	2424	0.01
2424	1533	0.01
3275	888	0.01
888	3275	0.01
5029	2619	1.0
2619	5029	1.0
1800	2037	1.0
2037	1800	1.0
2798	2004	1.0
2004	2798	1.0
2133	4928	0.01
4928	2133	0.01
4795	888	1.0
888	4795	1.0
197	2251	0.01
2251	197	0.01
2508	4275	1.0
4275	2508	1.0
204	4119	0.01
4119	204	0.01
2689	4928	1.0
4928	2689	1.0
3463	3234	0.01
3234	3463	0.01
3416	545	1.0
545	3416	1.0
78	2503	0.01
2503	78	0.01
3271	910	0.01
910	3271	0.01
2783	3105	1.0
3105	2783	1.0
1170	1576	0.01
1576	1170	0.01
1267	4494	0.01
4494	1267	0.01
347	2467	1.0
2467	347	1.0
3463	2937	0.01
2937	3463	0.01
2556	1816	0.01
1816	2556	0.01
2977	1910	1.0
1910	2977	1.0
4494	1053	0.01
1053	4494	0.01
1605	1002	0.01
1002	1605	0.01
4325	1816	1.0
1816	4325	1.0
4320	5265	1.0
5265	4320	1.0
2798	3356	1.0
3356	2798	1.0
5235	910	0.01
910	5235	0.01
973	1847	0.01
1847	973	0.01
4533	545	0.01
545	4533	0.01
754	2484	1.0
2484	754	1.0
1078	5235	0.01
5235	1078	0.01
789	1837	1.0
1837	789	1.0
982	3844	0.01
3844	982	0.01
2783	1855	1.0
1855	2783	1.0
2384	1824	1.0
1824	2384	1.0
2719	4255	1.0
4255	2719	1.0
4742	4481	1.0
4481	4742	1.0
2388	3863	1.0
3863	2388	1.0
5029	3883	1.0
3883	5029	1.0
5061	1460	1.0
1460	5061	1.0
4304	3888	0.01
3888	4304	0.01
5034	5352	1.0
5352	5034	1.0
3346	149	1.0
149	3346	1.0
1939	4494	0.01
4494	1939	0.01
3061	3486	0.01
3486	3061	0.01
2719	1939	1.0
1939	2719	1.0
2213	2798	1.0
2798	2213	1.0
5029	4634	1.0
4634	5029	1.0
2440	545	1.0
545	2440	1.0
4281	1879	0.01
1879	4281	0.01
113	3447	0.01
3447	113	0.01
926	197	0.01
197	926	0.01
4255	669	0.01
669	4255	0.01
956	1875	0.01
1875	956	0.01
2371	1257	1.0
1257	2371	1.0
1824	4494	0.01
4494	1824	0.01
762	2857	0.01
2857	762	0.01
1816	1783	0.01
1783	1816	0.01
817	4627	0.01
4627	817	0.01
1170	1824	0.01
1824	1170	0.01
1389	2045	1.0
2045	1389	1.0
789	4350	1.0
4350	789	1.0
3756	500	0.01
500	3756	0.01
5208	4742	0.01
4742	5208	0.01
4701	1576	1.0
1576	4701	1.0
3844	1074	0.01
1074	3844	0.01
4742	4565	1.0
4565	4742	1.0
3346	1938	1.0
1938	3346	1.0
3461	204	0.01
204	3461	0.01
3486	2619	1.0
2619	3486	1.0
3979	2133	0.01
2133	3979	0.01
3447	3863	1.0
3863	3447	1.0
3486	4565	0.01
4565	3486	0.01
1314	1900	0.01
1900	1314	0.01
4928	4458	0.01
4458	4928	0.01
3853	3144	0.01
3144	3853	0.01
941	2424	0.01
2424	941	0.01
2798	155	1.0
155	2798	1.0
892	941	1.0
941	892	1.0
2689	5190	1.0
5190	2689	1.0
1605	2113	0.01
2113	1605	0.01
3346	4542	0.01
4542	3346	0.01
2719	1938	1.0
1938	2719	1.0
1228	3463	0.01
3463	1228	0.01
1533	746	1.0
746	1533	1.0
4320	3105	1.0
3105	4320	1.0
208	4481	1.0
4481	208	1.0
2783	3854	1.0
3854	2783	1.0
892	1939	1.0
1939	892	1.0
1074	4838	0.01
4838	1074	0.01
3275	1938	0.01
1938	3275	0.01
2371	1764	1.0
1764	2371	1.0
2857	3863	1.0
3863	2857	1.0
1170	4904	0.01
4904	1170	0.01
817	5190	1.0
5190	817	1.0
3279	1816	0.01
1816	3279	0.01
2371	4565	1.0
4565	2371	1.0
970	4350	0.01
4350	970	0.01
4304	3854	0.01
3854	4304	0.01
2783	2035	1.0
2035	2783	1.0
4320	1251	1.0
1251	4320	1.0
2798	3616	1.0
3616	2798	1.0
4795	3616	0.01
3616	4795	0.01
1386	5323	1.0
5323	1386	1.0
4401	2556	0.01
2556	4401	0.01
4887	1962	0.01
1962	4887	0.01
2508	5007	1.0
5007	2508	1.0
3346	2724	1.0
2724	3346	1.0
4248	194	0.01
194	4248	0.01
3853	3356	0.01
3356	3853	0.01
4742	2316	1.0
2316	4742	1.0
1258	3543	0.01
3543	1258	0.01
5029	4275	1.0
4275	5029	1.0
2054	4701	1.0
4701	2054	1.0
4494	817	0.01
817	4494	0.01
1389	3275	1.0
3275	1389	1.0
2484	4565	1.0
4565	2484	1.0
4742	1605	1.0
1605	4742	1.0
2139	3275	1.0
3275	2139	1.0
1053	872	0.01
872	1053	0.01
669	910	0.01
910	669	0.01
1533	672	0.01
672	1533	0.01
2724	155	0.01
155	2724	0.01
3447	911	1.0
911	3447	1.0
347	4742	1.0
4742	347	1.0
5191	4248	0.01
4248	5191	0.01
3061	2371	0.01
2371	3061	0.01
4481	3229	1.0
3229	4481	1.0
1962	3275	1.0
3275	1962	1.0
347	1816	1.0
1816	347	1.0
1053	3993	0.01
3993	1053	0.01
892	208	0.01
208	892	0.01
2572	3229	0.01
3229	2572	0.01
872	1847	0.01
1847	872	0.01
3441	3888	1.0
3888	3441	1.0
4186	5007	1.0
5007	4186	1.0
4320	2424	1.0
2424	4320	1.0
2689	880	1.0
880	2689	1.0
5061	4320	1.0
4320	5061	1.0
2945	1311	1.0
1311	2945	1.0
1386	880	1.0
880	1386	1.0
2467	358	0.01
358	2467	0.01
1460	2508	0.01
2508	1460	0.01
5061	3447	1.0
3447	5061	1.0
2371	1605	1.0
1605	2371	1.0
2783	1953	1.0
1953	2783	1.0
4186	3864	1.0
3864	4186	1.0
2283	2572	0.01
2572	2283	0.01
1910	1267	0.01
1267	1910	0.01
5166	3881	0.01
3881	5166	0.01
2316	3416	0.01
3416	2316	0.01
3346	3993	1.0
3993	3346	1.0
545	2467	0.01
2467	545	0.01
804	2045	1.0
2045	804	1.0
4401	91	1.0
91	4401	1.0
4240	5007	0.01
5007	4240	0.01
5340	982	0.01
982	5340	0.01
2798	4255	1.0
4255	2798	1.0
203	5235	0.01
5235	203	0.01
892	537	1.0
537	892	1.0
2508	2503	1.0
2503	2508	1.0
4325	5235	1.0
5235	4325	1.0
2424	2536	1.0
2536	2424	1.0
545	4077	0.01
4077	545	0.01
3316	2977	0.01
2977	3316	0.01
2977	4401	0.01
4401	2977	0.01
2945	5166	1.0
5166	2945	1.0
2798	518	1.0
518	2798	1.0
672	3630	0.01
3630	672	0.01
3693	2484	0.01
2484	3693	0.01
5029	859	0.01
859	5029	0.01
5186	1234	0.01
1234	5186	0.01
1800	817	1.0
817	1800	1.0
91	2582	1.0
2582	91	1.0
347	3888	1.0
3888	347	1.0
4701	1939	1.0
1939	4701	1.0
3447	2619	1.0
2619	3447	1.0
1847	5265	1.0
5265	1847	1.0
4481	1783	1.0
1783	4481	1.0
3077	4304	1.0
4304	3077	1.0
4320	5007	1.0
5007	4320	1.0
2698	746	1.0
746	2698	1.0
149	2371	0.01
2371	149	0.01
3814	482	0.01
482	3814	0.01
3346	2536	1.0
2536	3346	1.0
2206	3888	0.01
3888	2206	0.01
500	1898	1.0
1898	500	1.0
1386	4119	0.01
4119	1386	0.01
78	1576	1.0
1576	78	1.0
208	1783	1.0
1783	208	1.0
1584	4634	0.01
4634	1584	0.01
4481	3616	1.0
3616	4481	1.0
2556	4225	1.0
4225	2556	1.0
804	859	1.0
859	804	1.0
347	2113	1.0
2113	347	1.0
2689	2504	0.01
2504	2689	0.01
888	3279	0.01
3279	888	0.01
208	4168	1.0
4168	208	1.0
2316	4533	0.01
4533	2316	0.01
2689	2937	1.0
2937	2689	1.0
4542	194	0.01
194	4542	0.01
892	973	0.01
973	892	0.01
1460	2484	0.01
2484	1460	0.01
4887	911	0.01
911	4887	0.01
4161	5333	0.01
5333	4161	0.01
3441	3883	1.0
3883	3441	1.0
347	1384	1.0
1384	347	1.0
1389	5029	1.0
5029	1389	1.0
2424	3077	1.0
3077	2424	1.0
2719	1642	1.0
1642	2719	1.0
545	255	0.01
255	545	0.01
3077	2783	1.0
2783	3077	1.0
2556	941	1.0
941	2556	1.0
741	3105	1.0
3105	741	1.0
4481	1605	1.0
1605	4481	1.0
754	4542	0.01
4542	754	0.01
78	5166	1.0
5166	78	1.0
4609	5333	0.01
5333	4609	0.01
1386	2536	1.0
2536	1386	1.0
2738	2937	1.0
2937	2738	1.0
492	5235	1.0
5235	492	1.0
3105	2582	0.01
2582	3105	0.01
208	4255	1.0
4255	208	1.0
2035	4887	0.01
4887	2035	0.01
3854	2609	0.01
2609	3854	0.01
1267	741	0.01
741	1267	0.01
4609	2609	0.01
2609	4609	0.01
1879	3827	0.01
3827	1879	0.01
3179	4568	0.01
4568	3179	0.01
1935	2467	0.01
2467	1935	0.01
2857	5007	1.0
5007	2857	1.0
1053	3543	0.01
3543	1053	0.01
482	2440	0.01
2440	482	0.01
2945	4276	1.0
4276	2945	1.0
1311	2035	0.01
2035	1311	0.01
4701	4494	1.0
4494	4701	1.0
1234	2467	0.01
2467	1234	0.01
1879	4164	0.01
4164	1879	0.01
3486	2447	0.01
2447	3486	0.01
1939	4325	0.01
4325	1939	0.01
2440	1460	1.0
1460	2440	1.0
1847	1800	1.0
1800	1847	1.0
926	4494	0.01
4494	926	0.01
1389	2424	1.0
2424	1389	1.0
4325	1258	0.01
1258	4325	0.01
3599	3279	0.01
3279	3599	0.01
2440	3275	1.0
3275	2440	1.0
1389	1875	1.0
1875	1389	1.0
817	4672	1.0
4672	817	1.0
5323	2484	0.01
2484	5323	0.01
4481	2834	1.0
2834	4481	1.0
347	3883	0.01
3883	347	0.01
2556	2582	1.0
2582	2556	1.0
926	5333	0.01
5333	926	0.01
1800	3616	1.0
3616	1800	1.0
492	4500	0.01
4500	492	0.01
347	500	1.0
500	347	1.0
3356	1234	0.01
1234	3356	0.01
817	5007	1.0
5007	817	1.0
2834	4240	0.01
4240	2834	0.01
3442	1935	1.0
1935	3442	1.0
2689	2619	1.0
2619	2689	1.0
347	892	0.01
892	347	0.01
3275	3061	0.01
3061	3275	0.01
347	4276	1.0
4276	347	1.0
3874	2447	0.01
2447	3874	0.01
2719	3271	1.0
3271	2719	1.0
4533	3346	0.01
3346	4533	0.01
3835	3693	0.01
3693	3835	0.01
1386	2937	1.0
2937	1386	1.0
3447	1257	0.01
1257	3447	0.01
2037	3279	0.01
3279	2037	0.01
347	1257	1.0
1257	347	1.0
1009	3356	0.01
3356	1009	0.01
892	888	1.0
888	892	1.0
888	1642	0.01
1642	888	0.01
2738	2035	1.0
2035	2738	1.0
358	941	1.0
941	358	1.0
78	1764	1.0
1764	78	1.0
518	2857	0.01
2857	518	0.01
4350	2004	0.01
2004	4350	0.01
352	1386	1.0
1386	352	1.0
5356	1576	0.01
1576	5356	0.01
1251	4795	0.01
4795	1251	0.01
817	746	1.0
746	817	1.0
4645	4255	0.01
4255	4645	0.01
2424	3854	1.0
3854	2424	1.0
1847	1384	0.01
1384	1847	0.01
741	5235	1.0
5235	741	1.0
2424	2045	1.0
2045	2424	1.0
1389	3630	0.01
3630	1389	0.01
347	4494	1.0
4494	347	1.0
208	3303	0.01
3303	208	0.01
4795	1939	1.0
1939	4795	1.0
3346	4246	1.0
4246	3346	1.0
3883	2206	0.01
2206	3883	0.01
1847	2536	1.0
2536	1847	1.0
2719	651	0.01
651	2719	0.01
2508	1939	1.0
1939	2508	1.0
1764	1898	1.0
1898	1764	1.0
4701	4246	1.0
4246	4701	1.0
4742	1898	1.0
1898	4742	1.0
78	3275	1.0
3275	78	1.0
3346	5265	1.0
5265	3346	1.0
2447	3883	1.0
3883	2447	1.0
5235	78	0.01
78	5235	0.01
1533	2582	1.0
2582	1533	1.0
1009	2384	0.01
2384	1009	0.01
2719	746	1.0
746	2719	1.0
440	1900	1.0
1900	440	1.0
4320	5190	1.0
5190	4320	1.0
3077	2508	1.0
2508	3077	1.0
3883	2582	0.01
2582	3883	0.01
113	789	0.01
789	113	0.01
5097	3543	0.01
3543	5097	0.01
2857	746	1.0
746	2857	1.0
2945	3863	1.0
3863	2945	1.0
892	1898	1.0
1898	892	1.0
2481	2139	0.01
2139	2481	0.01
4533	4425	0.01
4425	4533	0.01
3356	3814	0.01
3814	3356	0.01
4281	3441	0.01
3441	4281	0.01
2689	926	1.0
926	2689	1.0
2689	2572	1.0
2572	2689	1.0
2440	1314	1.0
1314	2440	1.0
5340	1258	0.01
1258	5340	0.01
2738	3275	1.0
3275	2738	1.0
2508	926	1.0
926	2508	1.0
3184	2937	0.01
2937	3184	0.01
3827	4304	0.01
4304	3827	0.01
2371	1898	0.01
1898	2371	0.01
2447	4795	1.0
4795	2447	1.0
5007	3077	0.01
3077	5007	0.01
1764	3863	1.0
3863	1764	1.0
2484	1900	1.0
1900	2484	1.0
4320	5097	0.01
5097	4320	0.01
5356	892	0.01
892	5356	0.01
3184	1875	0.01
1875	3184	0.01
347	5323	1.0
5323	347	1.0
1002	2447	0.01
2447	1002	0.01
2945	2045	1.0
2045	2945	1.0
3844	4887	0.01
4887	3844	0.01
1764	926	1.0
926	1764	1.0
2698	4119	0.01
4119	2698	0.01
1009	194	0.01
194	1009	0.01
2783	4565	1.0
4565	2783	1.0
892	2937	1.0
2937	892	1.0
1257	4225	0.01
4225	1257	0.01
2719	2484	1.0
2484	2719	1.0
1953	859	0.01
859	1953	0.01
3756	5190	1.0
5190	3756	1.0
2484	1682	0.01
1682	2484	0.01
91	892	1.0
892	91	1.0
537	4469	0.01
4469	537	0.01
3447	941	1.0
941	3447	1.0
4701	1824	1.0
1824	4701	1.0
2503	3486	0.01
3486	2503	0.01
2283	726	0.01
726	2283	0.01
726	1855	1.0
1855	726	1.0
1384	1898	1.0
1898	1384	1.0
2540	2481	0.01
2481	2540	0.01
2467	4458	0.01
4458	2467	0.01
2206	2316	0.01
2316	2206	0.01
746	5356	0.01
5356	746	0.01
1764	2424	0.01
2424	1764	0.01
2447	2078	0.01
2078	2447	0.01
3814	746	1.0
746	3814	1.0
3234	2724	0.01
2724	3234	0.01
3486	4672	1.0
4672	3486	1.0
2698	1267	0.01
1267	2698	0.01
4304	4481	0.01
4481	4304	0.01
2724	4320	1.0
4320	2724	1.0
2798	4240	1.0
4240	2798	1.0
5097	746	1.0
746	5097	1.0
5235	2371	0.01
2371	5235	0.01
2719	2440	1.0
2440	2719	1.0
2316	2283	0.01
2283	2316	0.01
1389	4568	1.0
4568	1389	1.0
4701	1898	1.0
1898	4701	1.0
1786	4281	0.01
4281	1786	0.01
2689	514	1.0
514	2689	1.0
2798	973	1.0
973	2798	1.0
1386	4350	1.0
4350	1386	1.0
347	1962	1.0
1962	347	1.0
817	910	1.0
910	817	1.0
5007	3599	0.01
3599	5007	0.01
5356	1170	0.01
1170	5356	0.01
514	2113	0.01
2113	514	0.01
2206	973	0.01
973	2206	0.01
3346	347	0.01
347	3346	0.01
2572	1910	0.01
1910	2572	0.01
1879	1948	0.01
1948	1879	0.01
2481	194	0.01
194	2481	0.01
2424	545	1.0
545	2424	1.0
1800	1855	1.0
1855	1800	1.0
726	941	1.0
941	726	1.0
347	2719	1.0
2719	347	1.0
5208	194	0.01
194	5208	0.01
3275	352	0.01
352	3275	0.01
4481	1511	1.0
1511	4481	1.0
2508	2045	1.0
2045	2508	1.0
926	911	0.01
911	926	0.01
1389	1764	1.0
1764	1389	1.0
973	4119	0.01
4119	973	0.01
2977	5029	0.01
5029	2977	0.01
4701	2283	1.0
2283	4701	1.0
3486	2206	1.0
2206	3486	1.0
2388	1783	1.0
1783	2388	1.0
2054	4568	1.0
4568	2054	1.0
4275	2004	0.01
2004	4275	0.01
4401	3423	1.0
3423	4401	1.0
4077	1962	0.01
1962	4077	0.01
2689	1935	1.0
1935	2689	1.0
3874	4425	0.01
4425	3874	0.01
5061	926	1.0
926	5061	1.0
347	4240	1.0
4240	347	1.0
1879	1584	0.01
1584	1879	0.01
982	2283	0.01
2283	982	0.01
78	817	1.0
817	78	1.0
3863	3874	0.01
3874	3863	0.01
2857	4795	1.0
4795	2857	1.0
817	1824	1.0
1824	817	1.0
2783	1935	1.0
1935	2783	1.0
3356	4276	0.01
4276	3356	0.01
3829	3883	0.01
3883	3829	0.01
1078	3461	0.01
3461	1078	0.01
4627	3777	0.01
3777	4627	0.01
669	500	0.01
500	669	0.01
2738	1962	1.0
1962	2738	1.0
1389	155	1.0
155	1389	1.0
1389	4276	1.0
4276	1389	1.0
3630	1415	0.01
1415	3630	0.01
1384	5333	1.0
5333	1384	1.0
2508	4276	1.0
4276	2508	1.0
4928	911	0.01
911	4928	0.01
203	872	0.01
872	203	0.01
5190	5333	0.01
5333	5190	0.01
4442	3077	0.01
3077	4442	0.01
1482	2783	0.01
2783	1482	0.01
2719	3105	1.0
3105	2719	1.0
4240	4281	0.01
4281	4240	0.01
789	3275	1.0
3275	789	1.0
3863	4838	0.01
4838	3863	0.01
5235	4795	0.01
4795	5235	0.01
4186	5061	1.0
5061	4186	1.0
4481	1948	0.01
1948	4481	0.01
2689	1093	1.0
1093	2689	1.0
5064	4168	0.01
4168	5064	0.01
1955	2783	0.01
2783	1955	0.01
1847	500	1.0
500	1847	1.0
1389	2619	1.0
2619	1389	1.0
4565	208	0.01
208	4565	0.01
2536	2213	0.01
2213	2536	0.01
4795	500	0.01
500	4795	0.01
2139	3761	0.01
3761	2139	0.01
4304	1898	0.01
1898	4304	0.01
91	3979	0.01
3979	91	0.01
4542	113	0.01
113	4542	0.01
4255	5061	0.01
5061	4255	0.01
2004	4742	0.01
4742	2004	0.01
741	78	1.0
78	741	1.0
2078	1879	0.01
1879	2078	0.01
2113	5235	0.01
5235	2113	0.01
4320	2447	1.0
2447	4320	1.0
3184	2045	0.01
2045	3184	0.01
255	3853	0.01
3853	255	0.01
1875	4609	0.01
4609	1875	0.01
2689	3599	1.0
3599	2689	1.0
2719	2037	1.0
2037	2719	1.0
3583	3761	0.01
3761	3583	0.01
3844	3630	0.01
3630	3844	0.01
1314	789	0.01
789	1314	0.01
1460	1258	0.01
1258	1460	0.01
352	2440	0.01
2440	352	0.01
3179	2508	0.01
2508	3179	0.01
1386	1800	1.0
1800	1386	1.0
789	2113	1.0
2113	789	1.0
3346	817	0.01
817	3346	0.01
4255	1009	0.01
1009	4255	0.01
1948	1955	0.01
1955	1948	0.01
789	3447	1.0
3447	789	1.0
1386	2283	1.0
2283	1386	1.0
2798	1955	1.0
1955	2798	1.0
3888	2213	0.01
2213	3888	0.01
91	2798	1.0
2798	91	1.0
1847	746	1.0
746	1847	1.0
872	5166	0.01
5166	872	0.01
2508	5166	1.0
5166	2508	1.0
4795	3854	1.0
3854	4795	1.0
1228	3993	0.01
3993	1228	0.01
78	4246	1.0
4246	78	1.0
2371	4304	1.0
4304	2371	1.0
1415	4186	0.01
4186	1415	0.01
1962	1415	0.01
1415	1962	0.01
3777	2946	0.01
2946	3777	0.01
2371	2283	1.0
2283	2371	1.0
2945	888	1.0
888	2945	1.0
3416	2113	0.01
2113	3416	0.01
2556	1251	1.0
1251	2556	1.0
2719	5265	1.0
5265	2719	1.0
5061	5190	1.0
5190	5061	1.0
2972	4119	0.01
4119	2972	0.01
2424	1939	1.0
1939	2424	1.0
4795	4350	1.0
4350	4795	1.0
5061	1879	0.01
1879	5061	0.01
1900	3105	0.01
3105	1900	0.01
4742	4533	1.0
4533	4742	1.0
2719	4281	1.0
4281	2719	1.0
2719	741	1.0
741	2719	1.0
4568	4401	0.01
4401	4568	0.01
1386	2582	1.0
2582	1386	1.0
2857	4246	1.0
4246	2857	1.0
4481	872	1.0
872	4481	1.0
3077	1953	1.0
1953	3077	1.0
208	1093	1.0
1093	208	1.0
347	5265	1.0
5265	347	1.0
789	1816	1.0
1816	789	1.0
1682	2371	0.01
2371	1682	0.01
4481	2037	1.0
2037	4481	1.0
2857	2283	0.01
2283	2857	0.01
440	4325	0.01
4325	440	0.01
2945	4565	1.0
4565	2945	1.0
1800	973	1.0
973	1800	1.0
1576	2045	0.01
2045	1576	0.01
2783	1898	1.0
1898	2783	1.0
4281	2972	0.01
2972	4281	0.01
3077	2037	1.0
2037	3077	1.0
2719	1074	1.0
1074	2719	1.0
3077	4672	1.0
4672	3077	1.0
2388	2783	1.0
2783	2388	1.0
3486	2783	1.0
2783	3486	1.0
352	4627	0.01
4627	352	0.01
4320	514	1.0
514	4320	1.0
4149	1847	0.01
1847	4149	0.01
1948	2045	1.0
2045	1948	1.0
4320	1898	1.0
1898	4320	1.0
4320	3077	1.0
3077	4320	1.0
2719	3888	1.0
3888	2719	1.0
3756	669	0.01
669	3756	0.01
91	2113	1.0
2113	91	1.0
2078	2504	0.01
2504	2078	0.01
2783	5007	1.0
5007	2783	1.0
1533	2738	1.0
2738	1533	1.0
1764	5190	1.0
5190	1764	1.0
194	1267	0.01
1267	194	0.01
3077	1962	1.0
1962	3077	1.0
2447	4225	1.0
4225	2447	1.0
1170	804	0.01
804	1170	0.01
4500	4164	0.01
4164	4500	0.01
4246	3756	0.01
3756	4246	0.01
2447	1837	0.01
1837	2447	0.01
2783	1800	1.0
1800	2783	1.0
762	831	0.01
831	762	0.01
3599	1900	0.01
1900	3599	0.01
3463	1533	0.01
1533	3463	0.01
2447	3854	1.0
3854	2447	1.0
2054	545	1.0
545	2054	1.0
1935	2316	0.01
2316	1935	0.01
741	2508	1.0
2508	741	1.0
2738	1389	0.01
1389	2738	0.01
3229	4276	0.01
4276	3229	0.01
3835	2251	0.01
2251	3835	0.01
2783	2536	1.0
2536	2783	1.0
1389	3423	1.0
3423	1389	1.0
78	910	0.01
910	78	0.01
804	4276	1.0
4276	804	1.0
1267	113	0.01
113	1267	0.01
4627	2937	0.01
2937	4627	0.01
2719	2619	1.0
2619	2719	1.0
910	482	0.01
482	910	0.01
1898	1002	0.01
1002	1898	0.01
2440	2783	1.0
2783	2440	1.0
3346	4634	1.0
4634	3346	1.0
2719	3583	0.01
3583	2719	0.01
2689	1875	1.0
1875	2689	1.0
3447	982	0.01
982	3447	0.01
3442	4149	0.01
4149	3442	0.01
2484	1898	1.0
1898	2484	1.0
2054	973	1.0
973	2054	1.0
5097	2536	1.0
2536	5097	1.0
1258	3061	0.01
3061	1258	0.01
3756	926	1.0
926	3756	1.0
2719	2738	1.0
2738	2719	1.0
4469	2582	0.01
2582	4469	0.01
3346	514	0.01
514	3346	0.01
347	3105	1.0
3105	347	1.0
2484	5265	1.0
5265	2484	1.0
2054	5333	0.01
5333	2054	0.01
2556	2467	1.0
2467	2556	1.0
3756	2037	0.01
2037	3756	0.01
4887	3888	0.01
3888	4887	0.01
3303	4494	0.01
4494	3303	0.01
2945	2213	0.01
2213	2945	0.01
78	2619	1.0
2619	78	1.0
4904	1939	0.01
1939	4904	0.01
4795	2937	1.0
2937	4795	1.0
4149	3864	0.01
3864	4149	0.01
2783	3275	1.0
3275	2783	1.0
1482	4186	0.01
4186	1482	0.01
2977	4533	1.0
4533	2977	1.0
4742	2113	1.0
2113	4742	1.0
2384	1314	1.0
1314	2384	1.0
3829	3599	0.01
3599	3829	0.01
4742	4350	1.0
4350	4742	1.0
2783	2834	1.0
2834	2783	1.0
2467	3234	0.01
3234	2467	0.01
4795	941	1.0
941	4795	1.0
5034	5333	0.01
5333	5034	0.01
669	2798	1.0
2798	669	1.0
500	5340	1.0
5340	500	1.0
255	2004	0.01
2004	255	0.01
78	5265	1.0
5265	78	1.0
5061	5323	1.0
5323	5061	1.0
2689	804	0.01
804	2689	0.01
255	4742	0.01
4742	255	0.01
347	3486	1.0
3486	347	1.0
2724	5333	0.01
5333	2724	0.01
208	1935	1.0
1935	208	1.0
2251	1251	0.01
1251	2251	0.01
4858	2972	0.01
2972	4858	0.01
1314	5064	0.01
5064	1314	0.01
859	3864	0.01
3864	859	0.01
2798	3279	1.0
3279	2798	1.0
1847	859	1.0
859	1847	1.0
3447	1576	1.0
1576	3447	1.0
817	4533	1.0
4533	817	1.0
2384	746	1.0
746	2384	1.0
4161	149	0.01
149	4161	0.01
3077	2945	1.0
2945	3077	1.0
1460	4533	0.01
4533	1460	0.01
2054	3275	1.0
3275	2054	1.0
5265	3693	0.01
3693	5265	0.01
518	2440	0.01
2440	518	0.01
3234	1170	0.01
1170	3234	0.01
3447	3993	1.0
3993	3447	1.0
2798	5061	0.01
5061	2798	0.01
2572	2467	0.01
2467	2572	0.01
1682	3583	0.01
3583	1682	0.01
1389	941	1.0
941	1389	1.0
1800	4246	1.0
4246	1800	1.0
2724	5356	0.01
5356	2724	0.01
4795	1824	1.0
1824	4795	1.0
804	4565	1.0
4565	804	1.0
817	4425	0.01
4425	817	0.01
4225	941	0.01
941	4225	0.01
1847	3486	1.0
3486	1847	1.0
2424	194	1.0
194	2424	1.0
1386	2719	1.0
2719	1386	1.0
726	2857	0.01
2857	726	0.01
1855	5352	0.01
5352	1855	0.01
5007	880	0.01
880	5007	0.01
4795	880	1.0
880	4795	1.0
347	1939	1.0
1939	347	1.0
4481	926	1.0
926	4481	1.0
1389	5235	1.0
5235	1389	1.0
4742	5265	1.0
5265	4742	1.0
2582	4542	0.01
4542	2582	0.01
926	2698	0.01
2698	926	0.01
1783	3441	0.01
3441	1783	0.01
4858	2371	0.01
2371	4858	0.01
3441	1511	1.0
1511	3441	1.0
3346	2484	1.0
2484	3346	1.0
4481	2945	1.0
2945	4481	1.0
651	537	0.01
537	651	0.01
5061	2719	1.0
2719	5061	1.0
2724	4565	1.0
4565	2724	1.0
4742	3234	0.01
3234	4742	0.01
2619	970	0.01
970	2619	0.01
804	5097	1.0
5097	804	1.0
4275	492	0.01
492	4275	0.01
4701	347	1.0
347	4701	1.0
1389	2536	1.0
2536	1389	1.0
4077	3599	0.01
3599	4077	0.01
2424	817	1.0
817	2424	1.0
4320	2440	1.0
2440	4320	1.0
514	3279	0.01
3279	514	0.01
352	2213	0.01
2213	352	0.01
4701	2251	1.0
2251	4701	1.0
1389	888	1.0
888	1389	1.0
4077	1228	0.01
1228	4077	0.01
3853	956	0.01
956	3853	0.01
2689	4320	0.01
4320	2689	0.01
3854	1953	0.01
1953	3854	0.01
5186	1900	0.01
1900	5186	0.01
1764	3599	1.0
3599	1764	1.0
5007	892	0.01
892	5007	0.01
762	4469	0.01
4469	762	0.01
789	2283	1.0
2283	789	1.0
892	1953	1.0
1953	892	1.0
3077	1824	1.0
1824	3077	1.0
941	5115	0.01
5115	941	0.01
3346	2283	1.0
2283	3346	1.0
2045	2481	0.01
2481	2045	0.01
4932	4858	0.01
4858	4932	0.01
804	1855	1.0
1855	804	1.0
1875	4186	0.01
4186	1875	0.01
4275	2037	0.01
2037	4275	0.01
2054	2738	1.0
2738	2054	1.0
4500	672	0.01
672	4500	0.01
888	3583	0.01
3583	888	0.01
4481	1837	0.01
1837	4481	0.01
4481	1786	1.0
1786	4481	1.0
4742	910	0.01
910	4742	0.01
4565	1009	0.01
1009	4565	0.01
3441	4168	1.0
4168	3441	1.0
2424	859	1.0
859	2424	1.0
3777	5166	1.0
5166	3777	1.0
789	4795	1.0
4795	789	1.0
1847	1311	0.01
1311	1847	0.01
970	5352	0.01
5352	970	0.01
2467	1900	0.01
1900	2467	0.01
2283	204	0.01
204	2283	0.01
1386	3275	1.0
3275	1386	1.0
1847	762	0.01
762	1847	0.01
1764	2447	1.0
2447	1764	1.0
2447	4255	1.0
4255	2447	1.0
2977	1855	1.0
1855	2977	1.0
2609	3829	0.01
3829	2609	0.01
2467	4469	0.01
4469	2467	0.01
5340	5186	0.01
5186	5340	0.01
4320	926	1.0
926	4320	1.0
2447	817	0.01
817	2447	0.01
2724	5235	1.0
5235	2724	1.0
2719	2045	1.0
2045	2719	1.0
2945	926	1.0
926	2945	1.0
1584	2371	0.01
2371	1584	0.01
2945	2037	1.0
2037	2945	1.0
2504	3844	0.01
3844	2504	0.01
2719	789	1.0
789	2719	1.0
2054	1576	1.0
1576	2054	1.0
741	4425	0.01
4425	741	0.01
2719	3827	1.0
3827	2719	1.0
1228	2798	1.0
2798	1228	1.0
2504	3316	0.01
3316	2504	0.01
2139	4275	1.0
4275	2139	1.0
1389	2937	1.0
2937	1389	1.0
2724	2536	1.0
2536	2724	1.0
5166	1786	0.01
1786	5166	0.01
4742	1824	1.0
1824	4742	1.0
941	5064	0.01
5064	941	0.01
911	4795	0.01
4795	911	0.01
3777	1533	0.01
1533	3777	0.01
155	754	0.01
754	155	0.01
3863	1682	0.01
1682	3863	0.01
804	892	1.0
892	804	1.0
347	3583	1.0
3583	347	1.0
2371	4248	1.0
4248	2371	1.0
5034	4248	1.0
4248	5034	1.0
518	3835	0.01
3835	518	0.01
892	3854	1.0
3854	892	1.0
352	4077	0.01
4077	352	0.01
3888	4442	0.01
4442	3888	0.01
3461	5064	1.0
5064	3461	1.0
3441	4928	1.0
4928	3441	1.0
5333	1939	0.01
1939	5333	0.01
78	4533	1.0
4533	78	1.0
2371	3864	1.0
3864	2371	1.0
2719	3616	1.0
3616	2719	1.0
804	3979	1.0
3979	804	1.0
1939	5208	0.01
5208	1939	0.01
2206	892	0.01
892	2206	0.01
2054	741	1.0
741	2054	1.0
2035	3356	0.01
3356	2035	0.01
2054	4281	0.01
4281	2054	0.01
155	2540	0.01
2540	155	0.01
5034	3853	1.0
3853	5034	1.0
4701	1837	1.0
1837	4701	1.0
4645	2004	0.01
2004	4645	0.01
4325	3777	1.0
3777	4325	1.0
3853	2384	0.01
2384	3853	0.01
3077	518	1.0
518	3077	1.0
1258	5356	0.01
5356	1258	0.01
2508	4795	1.0
4795	2508	1.0
2857	941	1.0
941	2857	1.0
5356	817	0.01
817	5356	0.01
2054	1935	1.0
1935	2054	1.0
2783	4248	1.0
4248	2783	1.0
2508	3275	0.01
3275	2508	0.01
2556	1642	1.0
1642	2556	1.0
440	4246	1.0
4246	440	1.0
3486	910	0.01
910	3486	0.01
804	741	1.0
741	804	1.0
2556	3599	1.0
3599	2556	1.0
500	2004	1.0
2004	500	1.0
2447	1311	0.01
1311	2447	0.01
2689	2424	1.0
2424	2689	1.0
1389	3863	1.0
3863	1389	1.0
5061	5265	1.0
5265	5061	1.0
5097	5265	1.0
5265	5097	1.0
2609	4565	0.01
4565	2609	0.01
4186	4701	1.0
4701	4186	1.0
3543	4041	0.01
4041	3543	0.01
1847	1460	0.01
1460	1847	0.01
3463	1170	1.0
1170	3463	1.0
2946	5097	0.01
5097	2946	0.01
1415	5323	0.01
5323	1415	0.01
2424	789	1.0
789	2424	1.0
2447	2582	1.0
2582	2447	1.0
3105	4276	0.01
4276	3105	0.01
3827	789	0.01
789	3827	0.01
2467	754	0.01
754	2467	0.01
2388	1962	0.01
1962	2388	0.01
3486	1837	1.0
1837	3486	1.0
1783	358	0.01
358	1783	0.01
208	982	1.0
982	208	1.0
352	3853	1.0
3853	352	1.0
1257	3761	0.01
3761	1257	0.01
789	5166	1.0
5166	789	1.0
78	888	0.01
888	78	0.01
2783	1074	1.0
1074	2783	1.0
5034	5166	1.0
5166	5034	1.0
1511	1257	0.01
1257	1511	0.01
754	4246	1.0
4246	754	1.0
2388	2045	1.0
2045	2388	1.0
2719	78	1.0
78	2719	1.0
2251	4469	0.01
4469	2251	0.01
1879	4458	0.01
4458	1879	0.01
1962	880	1.0
880	1962	1.0
2945	2283	1.0
2283	2945	1.0
2783	4350	1.0
4350	2783	1.0
2133	5323	0.01
5323	2133	0.01
2945	2536	1.0
2536	2945	1.0
1900	3616	0.01
3616	1900	0.01
1078	5097	0.01
5097	1078	0.01
4795	2536	1.0
2536	4795	1.0
2719	1898	1.0
1898	2719	1.0
2556	1584	0.01
1584	2556	0.01
3441	1093	1.0
1093	3441	1.0
5333	4149	0.01
4149	5333	0.01
1093	2139	0.01
2139	1093	0.01
1386	2619	1.0
2619	1386	1.0
4645	1257	0.01
1257	4645	0.01
3447	4533	1.0
4533	3447	1.0
2503	2946	0.01
2946	2503	0.01
4320	1824	1.0
1824	4320	1.0
5061	4565	1.0
4565	5061	1.0
4320	3777	0.01
3777	4320	0.01
1764	3814	0.01
3814	1764	0.01
1948	4645	0.01
4645	1948	0.01
2440	1837	1.0
1837	2440	1.0
2972	1258	0.01
1258	2972	0.01
2556	1511	1.0
1511	2556	1.0
2508	4469	0.01
4469	2508	0.01
2582	817	0.01
817	2582	0.01
2556	5265	1.0
5265	2556	1.0
4701	5323	1.0
5323	4701	1.0
4320	2937	1.0
2937	4320	1.0
1234	492	0.01
492	1234	0.01
817	3616	0.01
3616	817	0.01
3442	1824	1.0
1824	3442	1.0
2113	5166	0.01
5166	2113	0.01
2508	2834	1.0
2834	2508	1.0
3777	1314	1.0
1314	3777	1.0
3077	1938	1.0
1938	3077	1.0
4701	2572	0.01
2572	4701	0.01
4701	500	1.0
500	4701	1.0
4500	4281	0.01
4281	4500	0.01
3447	4240	1.0
4240	3447	1.0
2424	3599	1.0
3599	2424	1.0
2689	2484	1.0
2484	2689	1.0
941	1764	0.01
1764	941	0.01
4742	3077	1.0
3077	4742	1.0
3543	1384	0.01
1384	3543	0.01
3827	4225	0.01
4225	3827	0.01
804	5323	0.01
5323	804	0.01
4225	1948	0.01
1948	4225	0.01
4281	3829	0.01
3829	4281	0.01
2139	1251	0.01
1251	2139	0.01
3827	5352	0.01
5352	3827	0.01
1093	4240	0.01
4240	1093	0.01
2945	2977	0.01
2977	2945	0.01
208	2798	1.0
2798	208	1.0
2213	4077	0.01
4077	2213	0.01
5061	1384	1.0
1384	5061	1.0
4276	5340	0.01
5340	4276	0.01
1953	3583	0.01
3583	1953	0.01
2798	5340	1.0
5340	2798	1.0
2977	911	1.0
911	2977	1.0
4701	892	1.0
892	4701	1.0
2857	2384	0.01
2384	2857	0.01
2133	3463	0.01
3463	2133	0.01
3761	2798	1.0
2798	3761	1.0
3271	3105	0.01
3105	3271	0.01
3756	892	1.0
892	3756	1.0
2977	4672	0.01
4672	2977	0.01
5061	1955	0.01
1955	5061	0.01
3275	4304	0.01
4304	3275	0.01
2857	5097	1.0
5097	2857	1.0
2424	4276	1.0
4276	2424	1.0
2139	4469	0.01
4469	2139	0.01
1605	4634	0.01
4634	1605	0.01
358	4565	0.01
4565	358	0.01
4928	1251	0.01
1251	4928	0.01
2508	4565	1.0
4565	2508	1.0
4795	3275	1.0
3275	4795	1.0
1460	5166	1.0
5166	1460	1.0
817	5166	1.0
5166	817	1.0
2424	1837	1.0
1837	2424	1.0
347	1837	1.0
1837	347	1.0
804	1837	1.0
1837	804	1.0
1384	4119	0.01
4119	1384	0.01
4276	1955	0.01
1955	4276	0.01
2113	3693	0.01
3693	2113	0.01
2540	1228	0.01
1228	2540	0.01
3864	982	0.01
982	3864	0.01
492	2582	1.0
2582	492	1.0
2371	5097	1.0
5097	2371	1.0
4795	1910	0.01
1910	4795	0.01
78	4276	1.0
4276	78	1.0
3463	2798	1.0
2798	3463	1.0
2834	3888	0.01
3888	2834	0.01
2467	5340	0.01
5340	2467	0.01
5115	3441	0.01
3441	5115	0.01
2719	4350	1.0
4350	2719	1.0
1900	4186	0.01
4186	1900	0.01
754	4248	1.0
4248	754	1.0
4442	1955	0.01
1955	4442	0.01
3756	5235	1.0
5235	3756	1.0
3077	2035	1.0
2035	3077	1.0
3077	4276	1.0
4276	3077	1.0
3888	1847	0.01
1847	3888	0.01
1764	1800	0.01
1800	1764	0.01
1002	2945	0.01
2945	1002	0.01
1415	4568	0.01
4568	1415	0.01
2798	2481	1.0
2481	2798	1.0
2738	1764	1.0
1764	2738	1.0
4164	2609	0.01
2609	4164	0.01
4320	91	1.0
91	4320	1.0
197	4533	0.01
4533	197	0.01
1314	1576	0.01
1576	1314	0.01
4568	3442	0.01
3442	4568	0.01
3463	2582	1.0
2582	3463	1.0
204	514	0.01
514	204	0.01
492	3599	0.01
3599	492	0.01
3316	492	0.01
492	3316	0.01
4442	2371	0.01
2371	4442	0.01
973	2424	0.01
2424	973	0.01
741	3486	1.0
3486	741	1.0
4425	3229	0.01
3229	4425	0.01
3599	3061	0.01
3061	3599	0.01
1314	4672	0.01
4672	1314	0.01
3441	5235	1.0
5235	3441	1.0
3346	3441	0.01
3441	3346	0.01
1783	982	0.01
982	1783	0.01
5007	4168	0.01
4168	5007	0.01
1251	2619	0.01
2619	1251	0.01
4320	2035	1.0
2035	4320	1.0
1584	1078	1.0
1078	1584	1.0
5097	926	1.0
926	5097	1.0
78	3854	1.0
3854	78	1.0
5333	1533	0.01
1533	5333	0.01
4320	4248	1.0
4248	4320	1.0
892	1824	1.0
1824	892	1.0
2689	1386	1.0
1386	2689	1.0
2738	2508	0.01
2508	2738	0.01
2689	746	1.0
746	2689	1.0
5064	3463	0.01
3463	5064	0.01
1384	2556	0.01
2556	1384	0.01
4481	3827	1.0
3827	4481	1.0
4742	3275	1.0
3275	4742	1.0
1384	5265	1.0
5265	1384	1.0
2945	5190	1.0
5190	2945	1.0
1389	3543	0.01
3543	1389	0.01
514	1120	0.01
1120	514	0.01
651	545	0.01
545	651	0.01
2783	4634	0.01
4634	2783	0.01
2834	831	0.01
831	2834	0.01
2054	956	0.01
956	2054	0.01
804	5190	1.0
5190	804	1.0
3271	4255	0.01
4255	3271	0.01
5166	3179	0.01
3179	5166	0.01
5352	2724	0.01
2724	5352	0.01
4164	4481	0.01
4481	4164	0.01
3077	941	1.0
941	3077	1.0
5356	5064	0.01
5064	5356	0.01
3486	2037	1.0
2037	3486	1.0
1764	2536	1.0
2536	1764	1.0
518	5235	0.01
5235	518	0.01
2556	1898	1.0
1898	2556	1.0
804	2206	1.0
2206	804	1.0
3853	1875	0.01
1875	3853	0.01
911	3179	0.01
3179	911	0.01
1584	1682	0.01
1682	1584	0.01
1460	5064	0.01
5064	1460	0.01
1093	2572	0.01
2572	1093	0.01
726	926	1.0
926	726	1.0
4838	1093	0.01
1093	4838	0.01
2556	1093	1.0
1093	2556	1.0
1847	2783	1.0
2783	1847	1.0
817	3275	1.0
3275	817	1.0
1837	5115	0.01
5115	1837	0.01
2054	817	1.0
817	2054	1.0
2572	352	0.01
352	2572	0.01
2447	1953	0.01
1953	2447	0.01
3077	2619	1.0
2619	3077	1.0
482	2572	0.01
2572	482	0.01
2371	1511	1.0
1511	2371	1.0
892	4276	1.0
4276	892	1.0
537	3814	0.01
3814	537	0.01
2508	1251	0.01
1251	2508	0.01
78	4255	1.0
4255	78	1.0
4481	4276	1.0
4276	4481	1.0
4350	3777	0.01
3777	4350	0.01
4320	970	0.01
970	4320	0.01
4838	3442	0.01
3442	4838	0.01
1800	1258	1.0
1258	1800	1.0
5029	3756	1.0
3756	5029	1.0
4701	78	1.0
78	4701	1.0
2556	2540	1.0
2540	2556	1.0
347	2035	1.0
2035	347	1.0
4304	2283	0.01
2283	4304	0.01
2508	2484	1.0
2484	2508	1.0
5034	4320	1.0
4320	5034	1.0
741	4645	1.0
4645	741	1.0
3693	1415	0.01
1415	3693	0.01
2556	492	1.0
492	2556	1.0
1389	2719	1.0
2719	1389	1.0
2078	3854	0.01
3854	2078	0.01
817	4928	0.01
4928	817	0.01
4225	2384	0.01
2384	4225	0.01
197	2937	0.01
2937	197	0.01
892	746	1.0
746	892	1.0
5323	5356	0.01
5356	5323	0.01
440	2371	0.01
2371	440	0.01
5061	2582	1.0
2582	5061	1.0
347	1074	1.0
1074	347	1.0
1386	4320	1.0
4320	1386	1.0
762	3423	0.01
3423	762	0.01
5097	514	0.01
514	5097	0.01
1389	347	1.0
347	1389	1.0
4701	2556	0.01
2556	4701	0.01
3441	4494	0.01
4494	3441	0.01
4795	1605	1.0
1605	4795	1.0
1962	1228	0.01
1228	1962	0.01
3761	4168	0.01
4168	3761	0.01
3144	5064	0.01
5064	3144	0.01
492	3883	0.01
3883	492	0.01
2556	1910	1.0
1910	2556	1.0
1824	3814	0.01
3814	1824	0.01
1962	3303	0.01
3303	1962	0.01
4320	2037	1.0
2037	4320	1.0
2572	514	1.0
514	2572	1.0
2719	2113	1.0
2113	2719	1.0
741	4225	1.0
4225	741	1.0
500	2619	1.0
2619	500	1.0
4742	3844	1.0
3844	4742	1.0
4481	2133	1.0
2133	4481	1.0
4425	1855	0.01
1855	4425	0.01
4568	1642	0.01
1642	4568	0.01
1955	518	0.01
518	1955	0.01
2783	1576	1.0
1576	2783	1.0
3853	3881	0.01
3881	3853	0.01
1682	4858	0.01
4858	1682	0.01
5191	352	0.01
352	5191	0.01
5097	3827	1.0
3827	5097	1.0
3756	2536	1.0
2536	3756	1.0
726	2582	1.0
2582	726	1.0
1009	1824	0.01
1824	1009	0.01
2540	1642	0.01
1642	2540	0.01
4701	3275	1.0
3275	4701	1.0
347	1605	1.0
1605	347	1.0
2719	1764	1.0
1764	2719	1.0
2798	197	1.0
197	2798	1.0
1389	4481	1.0
4481	1389	1.0
3229	1386	0.01
1386	3229	0.01
4320	3844	1.0
3844	4320	1.0
1962	5166	1.0
5166	1962	1.0
347	2619	0.01
2619	347	0.01
1389	2556	1.0
2556	1389	1.0
789	3814	0.01
3814	789	0.01
1576	500	0.01
500	1576	0.01
2689	817	1.0
817	2689	1.0
1576	831	0.01
831	1576	0.01
4742	5190	1.0
5190	4742	1.0
500	5166	1.0
5166	500	1.0
859	4627	0.01
4627	859	0.01
347	2037	1.0
2037	347	1.0
1389	5166	1.0
5166	1389	1.0
2371	2440	1.0
2440	2371	1.0
3486	1939	1.0
1939	3486	1.0
4568	1837	0.01
1837	4568	0.01
892	5186	1.0
5186	892	1.0
4795	1764	0.01
1764	4795	0.01
789	1576	0.01
1576	789	0.01
956	2834	0.01
2834	956	0.01
2798	4149	1.0
4149	2798	1.0
5029	746	1.0
746	5029	1.0
3356	5340	0.01
5340	3356	0.01
5029	892	1.0
892	5029	1.0
2424	880	1.0
880	2424	1.0
2945	1576	1.0
1576	2945	1.0
91	3179	1.0
3179	91	1.0
5034	5064	0.01
5064	5034	0.01
1078	1257	0.01
1257	1078	0.01
4932	2977	0.01
2977	4932	0.01
804	1389	1.0
1389	804	1.0
2834	651	0.01
651	2834	0.01
4481	2556	1.0
2556	4481	1.0
3077	1120	0.01
1120	3077	0.01
4742	4672	1.0
4672	4742	1.0
2945	4542	1.0
4542	2945	1.0
500	2572	0.01
2572	500	0.01
1389	2945	1.0
2945	1389	1.0
804	982	1.0
982	804	1.0
741	1764	1.0
1764	741	1.0
203	5166	0.01
5166	203	0.01
197	4240	0.01
4240	197	0.01
4795	831	1.0
831	4795	1.0
817	4246	1.0
4246	817	1.0
2719	1855	1.0
1855	2719	1.0
2540	2609	0.01
2609	2540	0.01
2689	4255	1.0
4255	2689	1.0
4701	5061	1.0
5061	4701	1.0
5029	3144	1.0
3144	5029	1.0
2798	3874	1.0
3874	2798	1.0
4609	492	0.01
492	4609	0.01
5029	2424	1.0
2424	5029	1.0
1955	2206	0.01
2206	1955	0.01
4701	2945	1.0
2945	4701	1.0
3881	4481	0.01
4481	3881	0.01
208	1251	0.01
1251	208	0.01
3761	2738	0.01
2738	3761	0.01
4609	1093	0.01
1093	4609	0.01
3423	4248	0.01
4248	3423	0.01
2698	2316	0.01
2316	2698	0.01
1962	746	1.0
746	1962	1.0
1855	880	0.01
880	1855	0.01
4350	2508	0.01
2508	4350	0.01
1879	672	0.01
672	1879	0.01
970	4161	0.01
4161	970	0.01
208	2467	1.0
2467	208	1.0
1093	1764	0.01
1764	1093	0.01
500	746	1.0
746	500	1.0
2572	4932	1.0
4932	2572	1.0
3883	4533	0.01
4533	3883	0.01
2440	941	1.0
941	2440	1.0
4401	4276	1.0
4276	4401	1.0
2508	3061	1.0
3061	2508	1.0
2440	2798	1.0
2798	2440	1.0
2945	1939	1.0
1939	2945	1.0
2371	3275	1.0
3275	2371	1.0
1955	3835	0.01
3835	1955	0.01
3616	2283	0.01
2283	3616	0.01
1386	4276	1.0
4276	1386	1.0
1093	5190	0.01
5190	1093	0.01
5061	4246	1.0
4246	5061	1.0
2977	3853	1.0
3853	2977	1.0
2945	2440	0.01
2440	2945	0.01
208	2834	0.01
2834	208	0.01
3442	3229	0.01
3229	3442	0.01
3447	926	1.0
926	3447	1.0
1074	2540	0.01
2540	1074	0.01
741	941	1.0
941	741	1.0
2504	1837	0.01
1837	2504	0.01
1389	5208	1.0
5208	1389	1.0
5235	1002	0.01
1002	5235	0.01
804	4701	1.0
4701	804	1.0
2371	3583	0.01
3583	2371	0.01
2857	3275	1.0
3275	2857	1.0
3761	1955	0.01
1955	3761	0.01
2719	2035	1.0
2035	2719	1.0
2206	910	0.01
910	2206	0.01
2388	2619	1.0
2619	2388	1.0
5115	3761	0.01
3761	5115	0.01
1386	4494	1.0
4494	1386	1.0
804	347	1.0
347	804	1.0
2857	910	0.01
910	2857	0.01
1078	3829	0.01
3829	1078	0.01
1962	2945	0.01
2945	1962	0.01
3229	4494	0.01
4494	3229	0.01
4568	1234	0.01
1234	4568	0.01
2316	1251	0.01
1251	2316	0.01
4481	1900	1.0
1900	4481	1.0
4932	2467	0.01
2467	4932	0.01
804	492	0.01
492	804	0.01
4701	1460	0.01
1460	4701	0.01
3761	537	0.01
537	3761	0.01
3441	2572	0.01
2572	3441	0.01
1389	194	1.0
194	1389	1.0
2945	1078	1.0
1078	2945	1.0
4481	3888	1.0
3888	4481	1.0
3864	5191	0.01
5191	3864	0.01
789	1078	1.0
1078	789	1.0
3346	4742	0.01
4742	3346	0.01
1875	440	0.01
440	1875	0.01
2424	2508	1.0
2508	2424	1.0
1386	4481	1.0
4481	1386	1.0
2945	5265	1.0
5265	2945	1.0
2133	2213	0.01
2213	2133	0.01
1389	1053	1.0
1053	1389	1.0
3416	2139	1.0
2139	3416	1.0
2719	1576	1.0
1576	2719	1.0
3814	941	1.0
941	3814	1.0
2857	1935	1.0
1935	2857	1.0
3486	2536	1.0
2536	3486	1.0
3077	4240	1.0
4240	3077	1.0
4425	1120	0.01
1120	4425	0.01
762	1002	1.0
1002	762	1.0
2371	2719	1.0
2719	2371	1.0
2582	1837	0.01
1837	2582	0.01
3854	4500	0.01
4500	3854	0.01
2508	746	1.0
746	2508	1.0
2251	4858	0.01
4858	2251	0.01
1460	4458	0.01
4458	1460	0.01
1786	1170	0.01
1170	1786	0.01
2508	1311	1.0
1311	2508	1.0
4320	888	0.01
888	4320	0.01
2977	2078	1.0
2078	2977	1.0
518	4248	0.01
4248	518	0.01
358	746	1.0
746	358	1.0
741	2945	1.0
2945	741	1.0
741	3844	1.0
3844	741	1.0
4795	1576	1.0
1576	4795	1.0
1053	804	0.01
804	1053	0.01
1955	3423	0.01
3423	1955	0.01
3486	746	1.0
746	3486	1.0
347	4281	0.01
4281	347	0.01
537	4928	0.01
4928	537	0.01
91	941	1.0
941	91	1.0
78	3271	1.0
3271	78	1.0
1879	5340	0.01
5340	1879	0.01
4246	2572	0.01
2572	4246	0.01
514	545	0.01
545	514	0.01
5034	1093	0.01
1093	5034	0.01
2536	651	0.01
651	2536	0.01
2440	4425	0.01
4425	2440	0.01
3346	4795	1.0
4795	3346	1.0
2424	746	1.0
746	2424	1.0
789	3234	0.01
3234	789	0.01
2440	2582	1.0
2582	2440	1.0
3346	1460	0.01
1460	3346	0.01
4795	4565	1.0
4565	4795	1.0
3447	1935	1.0
1935	3447	1.0
4795	2619	1.0
2619	4795	1.0
3077	4609	0.01
4609	3077	0.01
3461	1170	0.01
1170	3461	0.01
1386	2467	1.0
2467	1386	1.0
3179	4425	0.01
4425	3179	0.01
1800	5323	1.0
5323	1800	1.0
2508	2937	1.0
2937	2508	1.0
3883	3864	0.01
3864	3883	0.01
347	5061	1.0
5061	347	1.0
3616	2937	0.01
2937	3616	0.01
3346	2508	1.0
2508	3346	1.0
1764	2972	1.0
2972	1764	1.0
3423	4500	0.01
4500	3423	0.01
3761	726	0.01
726	3761	0.01
4634	1228	0.01
1228	4634	0.01
4701	4442	0.01
4442	4701	0.01
2054	4248	1.0
4248	2054	1.0
1389	1800	1.0
1800	1389	1.0
2783	888	1.0
888	2783	1.0
347	2251	0.01
2251	347	0.01
5340	3583	0.01
3583	5340	0.01
3616	669	0.01
669	3616	0.01
545	5034	0.01
5034	545	0.01
2035	4500	0.01
4500	2035	0.01
804	817	1.0
817	804	1.0
4701	4742	1.0
4742	4701	1.0
347	2447	1.0
2447	347	1.0
741	762	1.0
762	741	1.0
2698	1415	0.01
1415	2698	0.01
2035	4041	0.01
4041	2035	0.01
817	2619	1.0
2619	817	1.0
3346	1605	1.0
1605	3346	1.0
2484	3854	1.0
3854	2484	1.0
1783	203	0.01
203	1783	0.01
1786	4928	0.01
4928	1786	0.01
2133	4494	0.01
4494	2133	0.01
2371	1837	1.0
1837	2371	1.0
2689	91	1.0
91	2689	1.0
358	1533	0.01
1533	358	0.01
3874	3346	0.01
3346	3874	0.01
804	4248	1.0
4248	804	1.0
1948	91	1.0
91	1948	1.0
970	2388	0.01
2388	970	0.01
4701	888	1.0
888	4701	1.0
1764	892	1.0
892	1764	1.0
3756	1898	1.0
1898	3756	1.0
78	1939	1.0
1939	78	1.0
1605	2251	0.01
2251	1605	0.01
4701	817	1.0
817	4701	1.0
1900	4904	0.01
4904	1900	0.01
817	5265	1.0
5265	817	1.0
1389	3447	1.0
3447	1389	1.0
5061	2467	0.01
2467	5061	0.01
910	1955	0.01
1955	910	0.01
3447	1953	1.0
1953	3447	1.0
1847	1879	1.0
1879	1847	1.0
78	1314	0.01
1314	78	0.01
4225	78	0.01
78	4225	0.01
2945	4645	0.01
4645	2945	0.01
1783	1074	0.01
1074	1783	0.01
2045	4542	0.01
4542	2045	0.01
208	5235	1.0
5235	208	1.0
4609	3630	0.01
3630	4609	0.01
3346	4458	0.01
4458	3346	0.01
2424	1824	1.0
1824	2424	1.0
194	5265	0.01
5265	194	0.01
1816	492	0.01
492	1816	0.01
1384	3077	0.01
3077	1384	0.01
4119	3279	0.01
3279	4119	0.01
831	2582	1.0
2582	831	1.0
4320	4742	0.01
4742	4320	0.01
5061	5166	1.0
5166	5061	1.0
3442	1314	1.0
1314	3442	1.0
2508	2035	1.0
2035	2508	1.0
4425	4858	0.01
4858	4425	0.01
3630	2582	1.0
2582	3630	1.0
4565	203	0.01
203	4565	0.01
3184	1824	0.01
1824	3184	0.01
4701	4795	1.0
4795	4701	1.0
3854	2133	0.01
2133	3854	0.01
3543	2698	0.01
2698	3543	0.01
1847	2504	1.0
2504	1847	1.0
1251	537	0.01
537	1251	0.01
5186	3881	0.01
3881	5186	0.01
5235	1962	0.01
1962	5235	0.01
746	2045	0.01
2045	746	0.01
789	545	1.0
545	789	1.0
2484	4533	1.0
4533	2484	1.0
3416	4168	0.01
4168	3416	0.01
3447	1875	1.0
1875	3447	1.0
2689	2467	1.0
2467	2689	1.0
3077	4494	1.0
4494	3077	1.0
1847	4932	0.01
4932	1847	0.01
1074	2447	0.01
2447	1074	0.01
5208	1460	0.01
1460	5208	0.01
4320	4672	1.0
4672	4320	1.0
1120	746	1.0
746	1120	1.0
1824	3316	0.01
3316	1824	0.01
5034	1855	1.0
1855	5034	1.0
804	4320	1.0
4320	804	1.0
741	2035	1.0
2035	741	1.0
5061	1258	1.0
1258	5061	1.0
669	255	0.01
255	669	0.01
3442	3853	0.01
3853	3442	0.01
1384	888	1.0
888	1384	1.0
669	3447	0.01
3447	669	0.01
1389	1837	1.0
1837	1389	1.0
956	2037	0.01
2037	956	0.01
2719	3077	1.0
3077	2719	1.0
804	2945	1.0
2945	804	1.0
4186	492	0.01
492	4186	0.01
5061	1953	1.0
1953	5061	1.0
4481	4281	0.01
4281	4481	0.01
4276	4795	0.01
4795	4276	0.01
1962	5265	1.0
5265	1962	1.0
2945	1824	1.0
1824	2945	1.0
5352	4276	0.01
4276	5352	0.01
2424	2783	1.0
2783	2424	1.0
804	2783	1.0
2783	804	1.0
910	4281	0.01
4281	910	0.01
1120	4304	0.01
4304	1120	0.01
1234	347	0.01
347	1234	0.01
1311	4838	0.01
4838	1311	0.01
2054	3616	1.0
3616	2054	1.0
3077	1482	0.01
1482	3077	0.01
440	4255	0.01
4255	440	0.01
4246	3423	0.01
3423	4246	0.01
2388	5323	0.01
5323	2388	0.01
859	3979	0.01
3979	859	0.01
4500	2834	0.01
2834	4500	0.01
2783	3844	1.0
3844	2783	1.0
1764	817	1.0
817	1764	1.0
492	1935	0.01
1935	492	0.01
3346	1389	1.0
1389	3346	1.0
1170	4742	0.01
4742	1170	0.01
1234	4164	0.01
4164	1234	0.01
4275	5333	0.01
5333	4275	0.01
4904	3442	0.01
3442	4904	0.01
3423	5034	0.01
5034	3423	0.01
4701	2783	1.0
2783	4701	1.0
4325	4742	0.01
4742	4325	0.01
5061	1962	0.01
1962	5061	0.01
669	4904	0.01
4904	669	0.01
1482	1900	0.01
1900	1482	0.01
1258	831	0.01
831	1258	0.01
3583	762	0.01
762	3583	0.01
5034	4565	1.0
4565	5034	1.0
1389	973	0.01
973	1389	0.01
4742	2937	1.0
2937	4742	1.0
3416	3179	1.0
3179	3416	1.0
5034	1267	0.01
1267	5034	0.01
1948	1460	0.01
1460	1948	0.01
1386	4795	1.0
4795	1386	1.0
2945	1251	1.0
1251	2945	1.0
4225	973	0.01
973	4225	0.01
149	2972	0.01
2972	149	0.01
2388	3756	1.0
3756	2388	1.0
741	4481	1.0
4481	741	1.0
3316	4627	0.01
4627	3316	0.01
4838	3229	0.01
3229	4838	0.01
2783	941	1.0
941	2783	1.0
492	4838	0.01
4838	492	0.01
347	4672	0.01
4672	347	0.01
3279	3756	0.01
3756	3279	0.01
4304	3993	0.01
3993	4304	0.01
2139	2440	0.01
2440	2139	0.01
3583	5356	0.01
5356	3583	0.01
2440	1228	0.01
1228	2440	0.01
3144	2536	1.0
2536	3144	1.0
5064	4281	0.01
4281	5064	0.01
2689	941	1.0
941	2689	1.0
1900	4838	0.01
4838	1900	0.01
789	194	0.01
194	789	0.01
3346	537	1.0
537	3346	1.0
2467	113	0.01
113	2467	0.01
982	2738	0.01
2738	982	0.01
197	1948	0.01
1948	197	0.01
500	726	0.01
726	500	0.01
3077	789	1.0
789	3077	1.0
5064	4904	0.01
4904	5064	0.01
2384	2536	1.0
2536	2384	1.0
1460	5265	1.0
5265	1460	1.0
2503	5235	0.01
5235	2503	0.01
1389	1939	1.0
1939	1389	1.0
2798	4458	1.0
4458	2798	1.0
2508	2283	1.0
2283	2508	1.0
1120	2424	0.01
2424	1120	0.01
347	3144	1.0
3144	347	1.0
5356	4161	0.01
4161	5356	0.01
2037	5235	0.01
5235	2037	0.01
1170	4494	0.01
4494	1170	0.01
2857	2582	0.01
2582	2857	0.01
4742	2037	1.0
2037	4742	1.0
2719	1816	1.0
1816	2719	1.0
5061	3486	1.0
3486	5061	1.0
3077	2484	1.0
2484	3077	1.0
3271	2536	0.01
2536	3271	0.01
2054	5166	1.0
5166	2054	1.0
3441	2467	1.0
2467	3441	1.0
3463	1257	0.01
1257	3463	0.01
2719	4246	1.0
4246	2719	1.0
3863	3441	0.01
3441	3863	0.01
3583	3756	0.01
3756	3583	0.01
4542	3881	0.01
3881	4542	0.01
2798	1786	1.0
1786	2798	1.0
1955	880	0.01
880	1955	0.01
3441	4275	0.01
4275	3441	0.01
518	1228	0.01
1228	518	0.01
3356	1953	0.01
1953	3356	0.01
2556	4838	0.01
4838	2556	0.01
4500	1847	0.01
1847	4500	0.01
4838	1783	0.01
1783	4838	0.01
2371	926	1.0
926	2371	1.0
347	1002	0.01
1002	347	0.01
2719	5166	1.0
5166	2719	1.0
2504	1228	0.01
1228	2504	0.01
2388	2946	0.01
2946	2388	0.01
1910	4401	0.01
4401	1910	0.01
2371	2037	1.0
2037	2371	1.0
2582	880	0.01
880	2582	0.01
3486	4276	1.0
4276	3486	1.0
78	789	1.0
789	78	1.0
4701	3077	1.0
3077	4701	1.0
817	1093	0.01
1093	817	0.01
2054	3077	1.0
3077	2054	1.0
2388	2977	0.01
2977	2388	0.01
3874	358	0.01
358	3874	0.01
2834	2738	0.01
2738	2834	0.01
804	2283	1.0
2283	804	1.0
4469	1962	0.01
1962	4469	0.01
5166	4904	0.01
4904	5166	0.01
1584	1642	1.0
1642	1584	1.0
78	4350	1.0
4350	78	1.0
2689	1605	1.0
1605	2689	1.0
5034	2977	1.0
2977	5034	1.0
3777	3144	0.01
3144	3777	0.01
1384	5190	1.0
5190	1384	1.0
2388	4742	1.0
4742	2388	1.0
1460	2035	1.0
2035	1460	1.0
5356	4350	0.01
4350	5356	0.01
1847	1511	1.0
1511	1847	1.0
1074	1093	0.01
1093	1074	0.01
1824	5007	0.01
5007	1824	0.01
3486	4350	1.0
4350	3486	1.0
5007	5208	0.01
5208	5007	0.01
3447	1605	1.0
1605	3447	1.0
2945	537	1.0
537	2945	1.0
817	888	1.0
888	817	1.0
5034	4304	1.0
4304	5034	1.0
1584	2283	1.0
2283	1584	1.0
804	1875	0.01
1875	804	0.01
440	3616	1.0
3616	440	1.0
1847	1962	1.0
1962	1847	1.0
3854	2113	0.01
2113	3854	0.01
2556	5235	1.0
5235	2556	1.0
4838	2977	0.01
2977	4838	0.01
2054	746	1.0
746	2054	1.0
3461	2004	0.01
2004	3461	0.01
4168	2484	0.01
2484	4168	0.01
956	1900	0.01
1900	956	0.01
3077	2447	1.0
2447	3077	1.0
5029	4240	1.0
4240	5029	1.0
3844	194	0.01
194	3844	0.01
5034	2719	1.0
2719	5034	1.0
4742	1251	1.0
1251	4742	1.0
1386	2447	1.0
2447	1386	1.0
2371	3979	1.0
3979	2371	1.0
2424	4481	1.0
4481	2424	1.0
2798	3864	1.0
3864	2798	1.0
672	2508	0.01
2508	672	0.01
804	5034	1.0
5034	804	1.0
5061	941	1.0
941	5061	1.0
892	3543	1.0
3543	892	1.0
4119	2798	1.0
2798	4119	1.0
2724	2206	1.0
2206	2724	1.0
651	1258	0.01
1258	651	0.01
255	888	0.01
888	255	0.01
1584	3144	0.01
3144	1584	0.01
3077	973	0.01
973	3077	0.01
5061	78	1.0
78	5061	1.0
651	3777	0.01
3777	651	0.01
754	911	0.01
911	754	0.01
1386	726	1.0
726	1386	1.0
4742	726	0.01
726	4742	0.01
3777	3814	0.01
3814	3777	0.01
3756	4795	1.0
4795	3756	1.0
2945	3279	1.0
3279	2945	1.0
2371	4320	1.0
4320	2371	1.0
347	4932	0.01
4932	347	0.01
4672	3303	0.01
3303	4672	0.01
1002	2508	0.01
2508	1002	0.01
4442	2113	0.01
2113	4442	0.01
3883	1053	0.01
1053	3883	0.01
2977	888	1.0
888	2977	1.0
78	2536	1.0
2536	78	1.0
194	1120	0.01
1120	194	0.01
1389	4275	1.0
4275	1389	1.0
2689	347	1.0
347	2689	1.0
741	194	1.0
194	741	1.0
2388	3061	1.0
3061	2388	1.0
1584	4609	1.0
4609	1584	1.0
1384	1955	0.01
1955	1384	0.01
1576	1384	0.01
1384	1576	0.01
4887	78	0.01
78	4887	0.01
4742	2035	1.0
2035	4742	1.0
4320	3979	1.0
3979	4320	1.0
1120	4281	0.01
4281	1120	0.01
1824	3356	0.01
3356	1824	0.01
208	2609	0.01
2609	208	0.01
741	4932	1.0
4932	741	1.0
2857	4542	1.0
4542	2857	1.0
1415	970	0.01
970	1415	0.01
5097	1875	1.0
1875	5097	1.0
892	2045	1.0
2045	892	1.0
4795	2035	1.0
2035	4795	1.0
1816	4568	0.01
4568	1816	0.01
4481	4246	1.0
4246	4481	1.0
3441	3234	0.01
3234	3441	0.01
2582	2035	0.01
2035	2582	0.01
4494	1898	0.01
1898	4494	0.01
4701	1251	1.0
1251	4701	1.0
2719	754	0.01
754	2719	0.01
2316	2503	0.01
2503	2316	0.01
2738	746	1.0
746	2738	1.0
5061	2783	1.0
2783	5061	1.0
3486	4281	1.0
4281	3486	1.0
5061	1605	1.0
1605	5061	1.0
4320	4255	1.0
4255	4320	1.0
4742	5007	1.0
5007	4742	1.0
1605	3777	0.01
3777	1605	0.01
4742	1855	1.0
1855	4742	1.0
4320	5166	1.0
5166	4320	1.0
2371	2937	1.0
2937	2371	1.0
3447	1251	1.0
1251	3447	1.0
203	1482	0.01
1482	203	0.01
4701	2035	1.0
2035	4701	1.0
3486	1855	1.0
1855	3486	1.0
2045	514	0.01
514	2045	0.01
2484	2037	0.01
2037	2484	0.01
208	4248	0.01
4248	208	0.01
2139	3184	0.01
3184	2139	0.01
1962	2724	0.01
2724	1962	0.01
2424	2037	1.0
2037	2424	1.0
1533	1948	0.01
1948	1533	0.01
4565	1314	0.01
1314	4565	0.01
880	5064	0.01
5064	880	0.01
1875	1482	0.01
1482	1875	0.01
4164	78	0.01
78	4164	0.01
91	5190	1.0
5190	91	1.0
1460	514	1.0
514	1460	1.0
4795	5333	0.01
5333	4795	0.01
1584	3543	1.0
3543	1584	1.0
1816	872	0.01
872	1816	0.01
482	746	1.0
746	482	1.0
2424	5323	1.0
5323	2424	1.0
518	1800	0.01
1800	518	0.01
1257	4565	0.01
4565	1257	0.01
3630	5333	0.01
5333	3630	0.01
789	4186	0.01
4186	789	0.01
1533	1642	0.01
1642	1533	0.01
3835	926	0.01
926	3835	0.01
4742	754	0.01
754	4742	0.01
1898	3184	0.01
3184	1898	0.01
352	1002	0.01
1002	352	0.01
2447	3316	1.0
3316	2447	1.0
762	1879	1.0
1879	762	1.0
2440	1939	1.0
1939	2440	1.0
726	746	1.0
746	726	1.0
1389	2283	1.0
2283	1389	1.0
3303	2945	0.01
2945	3303	0.01
3303	4928	0.01
4928	3303	0.01
1533	4304	0.01
4304	1533	0.01
1078	669	0.01
669	1078	0.01
1389	78	1.0
78	1389	1.0
1938	4442	0.01
4442	1938	0.01
4932	155	0.01
155	4932	0.01
1386	892	1.0
892	1386	1.0
4255	892	0.01
892	4255	0.01
2783	3543	1.0
3543	2783	1.0
4119	4928	0.01
4928	4119	0.01
2977	5356	1.0
5356	2977	1.0
4858	3229	0.01
3229	4858	0.01
2945	746	1.0
746	2945	1.0
4542	204	0.01
204	4542	0.01
514	3599	0.01
3599	514	0.01
3486	3447	1.0
3447	3486	1.0
1386	208	1.0
208	1386	1.0
3416	5265	0.01
5265	3416	0.01
970	2609	0.01
2609	970	0.01
804	1935	1.0
1935	804	1.0
5265	2738	0.01
2738	5265	0.01
3441	1953	1.0
1953	3441	1.0
208	910	1.0
910	208	1.0
1257	2945	0.01
2945	1257	0.01
3993	3616	0.01
3616	3993	0.01
347	1576	1.0
1576	347	1.0
3835	5323	0.01
5323	3835	0.01
78	2035	1.0
2035	78	1.0
537	2609	0.01
2609	537	0.01
1837	2316	0.01
2316	1837	0.01
4742	78	1.0
78	4742	1.0
3883	4325	0.01
4325	3883	0.01
2937	3441	0.01
3441	2937	0.01
3234	4838	0.01
4838	3234	0.01
789	1824	1.0
1824	789	1.0
2689	1898	1.0
1898	2689	1.0
2447	4928	1.0
4928	2447	1.0
518	3827	0.01
3827	518	0.01
2724	3777	0.01
3777	2724	0.01
5029	545	1.0
545	5029	1.0
741	4246	1.0
4246	741	1.0
1460	3693	0.01
3693	1460	0.01
3447	2582	1.0
2582	3447	1.0
3543	1938	0.01
1938	3543	0.01
2798	5115	1.0
5115	2798	1.0
2719	2937	1.0
2937	2719	1.0
5352	831	0.01
831	5352	0.01
2484	4276	1.0
4276	2484	1.0
2857	5166	1.0
5166	2857	1.0
2738	1837	1.0
1837	2738	1.0
149	2508	0.01
2508	149	0.01
1800	537	0.01
537	1800	0.01
2139	3827	0.01
3827	2139	0.01
5034	78	1.0
78	5034	1.0
5190	347	0.01
347	5190	0.01
3874	4225	0.01
4225	3874	0.01
2724	2945	1.0
2945	2724	1.0
3864	500	0.01
500	3864	0.01
3461	817	0.01
817	3461	0.01
208	3061	0.01
3061	208	0.01
2719	5029	1.0
5029	2719	1.0
4795	970	0.01
970	4795	0.01
3061	500	0.01
500	3061	0.01
2508	2037	1.0
2037	2508	1.0
4795	1953	1.0
1953	4795	1.0
2977	3271	1.0
3271	2977	1.0
1389	545	1.0
545	1389	1.0
1053	5235	1.0
5235	1053	1.0
3979	4887	0.01
4887	3979	0.01
4481	2045	1.0
2045	4481	1.0
78	3888	1.0
3888	78	1.0
1386	1314	1.0
1314	1386	1.0
1389	2582	1.0
2582	1389	1.0
5340	492	0.01
492	5340	0.01
726	880	1.0
880	726	1.0
3077	3275	1.0
3275	3077	1.0
2689	1786	1.0
1786	2689	1.0
3863	1533	0.01
1533	3863	0.01
440	4275	1.0
4275	440	1.0
518	5186	0.01
5186	518	0.01
1642	492	0.01
492	1642	0.01
5166	3316	0.01
3316	5166	0.01
4481	2937	1.0
2937	4481	1.0
2689	4904	0.01
4904	2689	0.01
208	4634	0.01
4634	208	0.01
1855	3441	0.01
3441	1855	0.01
537	4645	0.01
4645	537	0.01
3077	2206	1.0
2206	3077	1.0
78	2037	1.0
2037	78	1.0
3279	2540	0.01
2540	3279	0.01
817	4325	0.01
4325	817	0.01
3346	2937	1.0
2937	3346	1.0
4458	1837	0.01
1837	4458	0.01
4320	3275	1.0
3275	4320	1.0
2371	3616	1.0
3616	2371	1.0
155	1415	0.01
1415	155	0.01
911	5029	0.01
5029	911	0.01
1389	3486	1.0
3486	1389	1.0
4320	4494	1.0
4494	4320	1.0
347	1251	1.0
1251	347	1.0
3761	1009	0.01
1009	3761	0.01
2045	3303	0.01
3303	2045	0.01
2719	3275	1.0
3275	2719	1.0
1533	4161	0.01
4161	1533	0.01
2783	3271	1.0
3271	2783	1.0
2719	926	1.0
926	2719	1.0
1935	5097	0.01
5097	1935	0.01
3756	2945	1.0
2945	3756	1.0
2857	911	1.0
911	2857	1.0
5340	741	0.01
741	5340	0.01
1482	1415	0.01
1415	1482	0.01
4041	204	0.01
204	4041	0.01
762	941	1.0
941	762	1.0
2783	5190	1.0
5190	2783	1.0
3630	746	1.0
746	3630	1.0
5029	910	1.0
910	5029	1.0
1511	2045	0.01
2045	1511	0.01
4481	4225	1.0
4225	4481	1.0
741	1251	1.0
1251	741	1.0
4240	3853	0.01
3853	4240	0.01
1935	3416	0.01
3416	1935	0.01
1093	4248	0.01
4248	1093	0.01
2540	1257	0.01
1257	2540	0.01
2213	4458	0.01
4458	2213	0.01
4225	1910	0.01
1910	4225	0.01
2447	2536	1.0
2536	2447	1.0
5235	1311	0.01
1311	5235	0.01
2540	2467	0.01
2467	2540	0.01
1576	1824	0.01
1824	1576	0.01
2719	2424	1.0
2424	2719	1.0
4186	3814	0.01
3814	4186	0.01
2388	2719	1.0
2719	2388	1.0
3077	197	0.01
197	3077	0.01
2206	4401	0.01
4401	2206	0.01
804	3756	1.0
3756	804	1.0
1837	1783	0.01
1783	1837	0.01
5061	4742	1.0
4742	5061	1.0
817	2037	1.0
2037	817	1.0
2467	2972	0.01
2972	2467	0.01
1764	3077	1.0
3077	1764	1.0
2440	3599	1.0
3599	2440	1.0
3275	2481	0.01
2481	3275	0.01
440	926	0.01
926	440	0.01
2719	1800	1.0
1800	2719	1.0
2508	2945	1.0
2945	2508	1.0
3461	4168	0.01
4168	3461	0.01
5356	2719	0.01
2719	5356	0.01
1584	1311	1.0
1311	1584	1.0
2424	2440	1.0
2440	2424	1.0
2783	669	0.01
669	2783	0.01
2371	4168	1.0
4168	2371	1.0
1962	2609	0.01
2609	1962	0.01
892	4795	1.0
4795	892	1.0
1764	1605	1.0
1605	1764	1.0
1460	4350	1.0
4350	1460	1.0
3441	4255	1.0
4255	3441	1.0
347	2536	1.0
2536	347	1.0
1939	4568	0.01
4568	1939	0.01
4701	2798	0.01
2798	4701	0.01
2798	2946	1.0
2946	2798	1.0
1384	3416	0.01
3416	1384	0.01
4795	2582	1.0
2582	4795	1.0
3423	3756	0.01
3756	3423	0.01
4320	2834	1.0
2834	4320	1.0
892	500	1.0
500	892	1.0
208	3316	1.0
3316	208	1.0
4320	789	1.0
789	4320	1.0
2719	1605	1.0
1605	2719	1.0
1389	4494	1.0
4494	1389	1.0
3077	1251	0.01
1251	3077	0.01
2738	4469	0.01
4469	2738	0.01
2719	4609	0.01
4609	2719	0.01
1642	4225	0.01
4225	1642	0.01
4481	4928	1.0
4928	4481	1.0
1386	2484	1.0
2484	1386	1.0
2447	4276	1.0
4276	2447	1.0
2798	1009	1.0
1009	2798	1.0
4161	1847	0.01
1847	4161	0.01
892	817	1.0
817	892	1.0
2798	3061	1.0
3061	2798	1.0
741	1939	1.0
1939	741	1.0
2447	2139	1.0
2139	2447	1.0
347	1093	1.0
1093	347	1.0
3777	2388	0.01
2388	3777	0.01
3303	5265	0.01
5265	3303	0.01
3423	518	0.01
518	3423	0.01
804	2113	1.0
2113	804	1.0
1389	3854	1.0
3854	1389	1.0
3346	1824	1.0
1824	3346	1.0
741	3616	1.0
3616	741	1.0
4320	1855	1.0
1855	4320	1.0
5029	1764	1.0
1764	5029	1.0
1074	3105	0.01
3105	1074	0.01
2213	149	0.01
149	2213	0.01
3346	2556	1.0
2556	3346	1.0
1962	1605	1.0
1605	1962	1.0
518	3829	0.01
3829	518	0.01
3486	514	1.0
514	3486	1.0
4149	2689	0.01
2689	4149	0.01
3423	2481	0.01
2481	3423	0.01
2384	3979	0.01
3979	2384	0.01
4565	4246	0.01
4246	4565	0.01
2054	3844	1.0
3844	2054	1.0
5191	3761	0.01
3761	5191	0.01
4481	2467	1.0
2467	4481	1.0
2719	888	1.0
888	2719	1.0
2536	4858	0.01
4858	2536	0.01
197	3303	0.01
3303	197	0.01
789	1855	1.0
1855	789	1.0
2388	1898	1.0
1898	2388	1.0
3077	3447	1.0
3447	3077	1.0
4701	741	1.0
741	4701	1.0
4320	3486	1.0
3486	4320	1.0
2251	1267	0.01
1267	2251	0.01
208	4225	1.0
4225	208	1.0
1955	1584	0.01
1584	1955	0.01
1847	4481	1.0
4481	1847	1.0
2689	2508	1.0
2508	2689	1.0
1847	2206	1.0
2206	1847	1.0
537	982	0.01
982	537	0.01
1120	5356	0.01
5356	1120	0.01
352	545	1.0
545	352	1.0
482	741	0.01
741	482	0.01
2037	5333	0.01
5333	2037	0.01
204	4481	0.01
4481	204	0.01
2447	5235	1.0
5235	2447	1.0
2972	1170	0.01
1170	2972	0.01
4481	3863	0.01
3863	4481	0.01
4481	2798	1.0
2798	4481	1.0
5034	3616	1.0
3616	5034	1.0
78	3486	1.0
3486	78	1.0
5029	4838	0.01
4838	5029	0.01
4077	2139	0.01
2139	4077	0.01
2484	5034	0.01
5034	2484	0.01
1962	545	1.0
545	1962	1.0
1389	3583	1.0
3583	1389	1.0
2582	1267	0.01
1267	2582	0.01
500	1935	1.0
1935	500	1.0
4701	1605	0.01
1605	4701	0.01
1938	4565	0.01
4565	1938	0.01
4164	910	0.01
910	4164	0.01
4672	2078	0.01
2078	4672	0.01
1584	4442	0.01
4442	1584	0.01
2857	3441	0.01
3441	2857	0.01
5265	1093	0.01
1093	5265	0.01
762	5265	1.0
5265	762	1.0
1384	2798	1.0
2798	1384	1.0
352	4533	1.0
4533	352	1.0
746	4442	0.01
4442	746	0.01
1053	762	1.0
762	1053	1.0
789	1879	1.0
1879	789	1.0
1389	5190	1.0
5190	1389	1.0
2484	4425	0.01
4425	2484	0.01
1460	4494	1.0
4494	1460	1.0
5061	1800	1.0
1800	5061	1.0
3447	2536	1.0
2536	3447	1.0
2582	4164	0.01
4164	2582	0.01
4742	741	1.0
741	4742	1.0
2857	1910	0.01
1910	2857	0.01
1389	651	1.0
651	1389	1.0
2206	3463	0.01
3463	2206	0.01
2424	3777	0.01
3777	2424	0.01
4533	537	0.01
537	4533	0.01
1576	1311	0.01
1311	1576	0.01
2371	5029	1.0
5029	2371	1.0
1533	1074	0.01
1074	1533	0.01
741	888	1.0
888	741	1.0
1386	2035	1.0
2035	1386	1.0
2719	4481	1.0
4481	2719	1.0
2508	2972	0.01
2972	2508	0.01
3777	1855	1.0
1855	3777	1.0
78	4248	1.0
4248	78	1.0
3061	5208	0.01
5208	3061	0.01
5190	754	0.01
754	5190	0.01
3854	1800	0.01
1800	3854	0.01
2783	4246	1.0
4246	2783	1.0
91	5186	1.0
5186	91	1.0
5356	1311	0.01
1311	5356	0.01
4304	2540	0.01
2540	4304	0.01
347	3447	1.0
3447	347	1.0
4320	741	1.0
741	4320	1.0
3442	2945	0.01
2945	3442	0.01
78	956	0.01
956	78	0.01
2206	1948	0.01
1948	2206	0.01
4248	970	0.01
970	4248	0.01
3423	3835	0.01
3835	3423	0.01
347	4320	1.0
4320	347	1.0
1389	113	1.0
113	1389	1.0
78	2447	1.0
2447	78	1.0
4255	149	0.01
149	4255	0.01
3486	1576	1.0
1576	3486	1.0
1605	4627	0.01
4627	1605	0.01
1800	2206	1.0
2206	1800	1.0
1311	3184	0.01
3184	1311	0.01
3486	3275	1.0
3275	3486	1.0
1078	746	0.01
746	1078	0.01
726	2609	0.01
2609	726	0.01
817	4240	0.01
4240	817	0.01
3077	2078	1.0
2078	3077	1.0
804	2424	1.0
2424	804	1.0
3346	4838	1.0
4838	3346	1.0
492	3184	1.0
3184	492	1.0
155	2371	0.01
2371	155	0.01
1078	1482	0.01
1482	1078	0.01
2371	1783	0.01
1783	2371	0.01
1389	2540	0.01
2540	1389	0.01
1482	2834	0.01
2834	1482	0.01
3888	2384	0.01
2384	3888	0.01
2556	3756	0.01
3756	2556	0.01
3279	4240	0.01
4240	3279	0.01
1389	4533	1.0
4533	1389	1.0
1389	3835	1.0
3835	1389	1.0
5029	2945	1.0
2945	5029	1.0
1847	492	1.0
492	1847	1.0
1948	5061	0.01
5061	1948	0.01
5034	3979	1.0
3979	5034	1.0
3442	2798	1.0
2798	3442	1.0
78	4494	0.01
4494	78	0.01
4240	3761	0.01
3761	4240	0.01
3077	352	0.01
352	3077	0.01
4701	789	1.0
789	4701	1.0
1386	4928	0.01
4928	1386	0.01
347	4246	1.0
4246	347	1.0
2689	4225	1.0
4225	2689	1.0
2857	1900	0.01
1900	2857	0.01
5029	1053	0.01
1053	5029	0.01
4742	3486	1.0
3486	4742	1.0
2556	2504	0.01
2504	2556	0.01
4701	1764	1.0
1764	4701	1.0
4500	352	0.01
352	4500	0.01
2484	926	1.0
926	2484	1.0
3486	2078	0.01
2078	3486	0.01
4481	3105	1.0
3105	4481	1.0
1386	2037	1.0
2037	1386	1.0
746	4458	0.01
4458	746	0.01
5356	3863	0.01
3863	5356	0.01
3356	5166	0.01
5166	3356	0.01
4320	3854	1.0
3854	4320	1.0
3883	1576	0.01
1576	3883	0.01
4932	1170	0.01
1170	4932	0.01
1170	2504	0.01
2504	1170	0.01
3279	4325	0.01
4325	3279	0.01
1764	1576	1.0
1576	1764	1.0
440	5186	1.0
5186	440	1.0
1847	5323	1.0
5323	1847	1.0
3881	4119	0.01
4119	3881	0.01
1120	2689	0.01
2689	1120	0.01
741	5190	1.0
5190	741	1.0
2388	3461	1.0
3461	2388	1.0
5034	2738	1.0
2738	5034	1.0
741	3599	1.0
3599	741	1.0
4225	352	0.01
352	4225	0.01
2540	2440	0.01
2440	2540	0.01
2783	926	1.0
926	2783	1.0
3993	817	0.01
817	3993	0.01
4701	545	1.0
545	4701	1.0
1053	746	1.0
746	1053	1.0
440	482	0.01
482	440	0.01
3854	4458	0.01
4458	3854	0.01
2619	3761	0.01
3761	2619	0.01
2484	4161	1.0
4161	2484	1.0
2946	5115	0.01
5115	2946	0.01
4275	5208	0.01
5208	4275	0.01
4494	973	0.01
973	4494	0.01
1837	5356	0.01
5356	1837	0.01
4225	1267	0.01
1267	4225	0.01
2857	4627	1.0
4627	2857	1.0
2945	4795	1.0
4795	2945	1.0
2857	3583	1.0
3583	2857	1.0
4401	817	1.0
817	4401	1.0
4320	2113	1.0
2113	4320	1.0
1384	1837	1.0
1837	1384	1.0
1386	1824	1.0
1824	1386	1.0
2689	3777	1.0
3777	2689	1.0
2689	1824	1.0
1824	2689	1.0
892	2945	0.01
2945	892	0.01
2371	5208	1.0
5208	2371	1.0
2783	1824	1.0
1824	2783	1.0
347	4161	0.01
4161	347	0.01
3441	3979	0.01
3979	3441	0.01
1900	1415	0.01
1415	1900	0.01
1576	2316	0.01
2316	1576	0.01
2283	1764	0.01
1764	2283	0.01
537	1576	0.01
1576	537	0.01
208	3271	1.0
3271	208	1.0
2834	204	0.01
204	2834	0.01
3486	2834	1.0
2834	3486	1.0
789	2945	0.01
2945	789	0.01
2388	1605	1.0
1605	2388	1.0
5061	746	1.0
746	5061	1.0
4401	746	1.0
746	4401	1.0
3447	1824	1.0
1824	3447	1.0
789	888	1.0
888	789	1.0
970	208	0.01
208	970	0.01
1764	2834	1.0
2834	1764	1.0
1267	926	0.01
926	1267	0.01
347	3854	1.0
3854	347	1.0
5061	1837	1.0
1837	5061	1.0
2556	2619	0.01
2619	2556	0.01
754	4119	0.01
4119	754	0.01
203	1053	0.01
1053	203	0.01
3447	2937	1.0
2937	3447	1.0
1764	155	0.01
155	1764	0.01
2424	2206	1.0
2206	2424	1.0
2719	1935	1.0
1935	2719	1.0
78	2213	0.01
2213	78	0.01
2384	1389	1.0
1389	2384	1.0
1953	3853	0.01
3853	1953	0.01
4542	982	0.01
982	4542	0.01
2447	741	0.01
741	2447	0.01
5208	1511	0.01
1511	5208	0.01
3486	3279	0.01
3279	3486	0.01
3756	2078	0.01
2078	3756	0.01
1855	3447	0.01
3447	1855	0.01
3853	2556	0.01
2556	3853	0.01
5064	1482	0.01
1482	5064	0.01
78	3105	1.0
3105	78	1.0
1910	2536	0.01
2536	1910	0.01
2783	1251	1.0
1251	2783	1.0
2724	4904	1.0
4904	2724	1.0
5097	2945	1.0
2945	5097	1.0
4320	2609	0.01
2609	4320	0.01
4887	2689	0.01
2689	4887	0.01
2857	1764	0.01
1764	2857	0.01
1800	4255	0.01
4255	1800	0.01
2037	2738	0.01
2738	2037	0.01
669	859	0.01
859	669	0.01
3061	1093	0.01
1093	3061	0.01
789	2035	1.0
2035	789	1.0
440	1939	1.0
1939	440	1.0
3077	817	1.0
817	3077	1.0
1800	5265	1.0
5265	1800	1.0
1389	2440	1.0
2440	1389	1.0
2582	440	0.01
440	2582	0.01
2783	4304	0.01
4304	2783	0.01
4645	492	0.01
492	4645	0.01
2689	3441	1.0
3441	2689	1.0
3447	5265	1.0
5265	3447	1.0
789	3105	1.0
3105	789	1.0
1053	4240	0.01
4240	1053	0.01
1847	1935	1.0
1935	1847	1.0
754	5064	1.0
5064	754	1.0
2834	1824	0.01
1824	2834	0.01
5061	4609	0.01
4609	5061	0.01
4255	1258	0.01
1258	4255	0.01
741	4304	1.0
4304	741	1.0
3883	2619	0.01
2619	3883	0.01
2945	3854	1.0
3854	2945	1.0
2834	537	0.01
537	2834	0.01
1948	1228	0.01
1228	1948	0.01
3346	746	1.0
746	3346	1.0
2738	817	1.0
817	2738	1.0
726	2536	1.0
2536	726	1.0
2536	1314	0.01
1314	2536	0.01
2719	892	1.0
892	2719	1.0
3346	888	1.0
888	3346	1.0
2698	2857	1.0
2857	2698	1.0
2447	1855	1.0
1855	2447	1.0
1389	5064	1.0
5064	1389	1.0
2424	3316	1.0
3316	2424	1.0
2619	2213	0.01
2213	2619	0.01
804	3316	1.0
3316	804	1.0
2689	1251	1.0
1251	2689	1.0
4041	4609	0.01
4609	4041	0.01
78	3844	1.0
3844	78	1.0
194	1910	0.01
1910	194	0.01
4186	2316	0.01
2316	4186	0.01
347	926	1.0
926	347	1.0
3447	4276	1.0
4276	3447	1.0
3583	5034	0.01
5034	3583	0.01
78	2440	1.0
2440	78	1.0
3179	5208	0.01
5208	3179	0.01
347	1311	1.0
1311	347	1.0
3461	5097	0.01
5097	3461	0.01
3463	78	0.01
78	3463	0.01
2371	2783	1.0
2783	2371	1.0
1389	5323	1.0
5323	1389	1.0
5190	255	0.01
255	5190	0.01
2447	2783	1.0
2783	2447	1.0
2424	3844	0.01
3844	2424	0.01
1170	4119	0.01
4119	1170	0.01
2719	91	1.0
91	2719	1.0
4275	5034	0.01
5034	4275	0.01
970	3881	0.01
3881	970	0.01
2447	4494	1.0
4494	2447	1.0
2798	4077	1.0
4077	2798	1.0
194	2139	0.01
2139	194	0.01
2798	4887	1.0
4887	2798	1.0
1764	5115	0.01
5115	1764	0.01
1938	5208	0.01
5208	1938	0.01
2719	155	0.01
155	2719	0.01
2738	2582	1.0
2582	2738	1.0
4149	4742	0.01
4742	4149	0.01
2388	1824	1.0
1824	2388	1.0
2689	1837	1.0
1837	2689	1.0
746	2213	0.01
2213	746	0.01
2719	3854	1.0
3854	2719	1.0
2540	4795	0.01
4795	2540	0.01
2054	1257	1.0
1257	2054	1.0
1764	3864	0.01
3864	1764	0.01
5097	2484	0.01
2484	5097	0.01
3616	4932	0.01
4932	3616	0.01
5191	3835	0.01
3835	5191	0.01
2783	2283	1.0
2283	2783	1.0
1389	3756	1.0
3756	1389	1.0
4320	2316	1.0
2316	4320	1.0
1898	672	0.01
672	1898	0.01
2783	5265	1.0
5265	2783	1.0
2440	4276	1.0
4276	2440	1.0
4168	4320	0.01
4320	4168	0.01
4742	1953	1.0
1953	4742	1.0
3881	1786	0.01
1786	3881	0.01
1764	4568	0.01
4568	1764	0.01
4276	3179	0.01
3179	4276	0.01
789	2972	1.0
2972	789	1.0
2384	2977	0.01
2977	2384	0.01
4350	500	0.01
500	4350	0.01
892	4304	1.0
4304	892	1.0
970	3423	0.01
3423	970	0.01
4701	4350	1.0
4350	4701	1.0
789	1311	1.0
1311	789	1.0
4276	3442	0.01
3442	4276	0.01
1939	4565	0.01
4565	1939	0.01
347	3835	0.01
3835	347	0.01
817	1576	1.0
1576	817	1.0
2945	5007	1.0
5007	2945	1.0
4701	2045	1.0
2045	4701	1.0
2945	651	1.0
651	2945	1.0
358	3105	0.01
3105	358	0.01
2503	3061	0.01
3061	2503	0.01
5115	4542	0.01
4542	5115	0.01
5191	2004	0.01
2004	5191	0.01
2503	5166	0.01
5166	2503	0.01
2689	726	1.0
726	2689	1.0
1605	726	0.01
726	1605	0.01
2054	880	1.0
880	2054	1.0
2582	3761	0.01
3761	2582	0.01
1389	4795	1.0
4795	1389	1.0
4634	1900	0.01
1900	4634	0.01
1460	1584	0.01
1584	1460	0.01
4481	1898	1.0
1898	4481	1.0
204	5029	0.01
5029	204	0.01
3461	831	1.0
831	3461	1.0
5356	859	0.01
859	5356	0.01
5352	4887	0.01
4887	5352	0.01
831	5356	0.01
5356	831	0.01
4565	113	0.01
113	4565	0.01
741	4500	0.01
4500	741	0.01
2945	2937	1.0
2937	2945	1.0
3777	2251	1.0
2251	3777	1.0
1053	2540	0.01
2540	1053	0.01
4186	1389	1.0
1389	4186	1.0
2447	1605	1.0
1605	2447	1.0
78	2738	0.01
2738	78	0.01
347	3844	1.0
3844	347	1.0
4240	3543	0.01
3543	4240	0.01
208	1605	1.0
1605	208	1.0
4425	3077	0.01
3077	4425	0.01
1764	859	1.0
859	1764	1.0
4795	2798	1.0
2798	4795	1.0
1847	4742	1.0
4742	1847	1.0
1093	1786	0.01
1786	1093	0.01
2937	4458	0.01
4458	2937	0.01
5340	3883	0.01
3883	5340	0.01
754	3616	1.0
3616	754	1.0
352	5235	1.0
5235	352	1.0
1482	1258	0.01
1258	1482	0.01
358	4742	0.01
4742	358	0.01
4742	3854	1.0
3854	4742	1.0
3279	2689	0.01
2689	3279	0.01
5029	4401	0.01
4401	5029	0.01
2113	1953	0.01
1953	2113	0.01
4186	746	1.0
746	4186	1.0
3077	4246	1.0
4246	3077	1.0
3854	1415	0.01
1415	3854	0.01
1764	4246	1.0
4246	1764	1.0
5061	3844	1.0
3844	5061	1.0
3441	1605	1.0
1605	3441	1.0
804	4838	1.0
4838	804	1.0
3486	926	1.0
926	3486	1.0
2834	91	0.01
91	2834	0.01
1816	2536	0.01
2536	1816	0.01
5029	3184	0.01
3184	5029	0.01
3441	5265	0.01
5265	3441	0.01
1460	746	1.0
746	1460	1.0
2004	2213	0.01
2213	2004	0.01
2719	2783	1.0
2783	2719	1.0
3077	746	1.0
746	3077	1.0
2388	1576	1.0
1576	2388	1.0
4742	4494	1.0
4494	4742	1.0
831	1898	1.0
1898	831	1.0
3854	1533	0.01
1533	3854	0.01
2798	872	0.01
872	2798	0.01
5166	5208	0.01
5208	5166	0.01
1955	970	0.01
970	1955	0.01
4320	4276	1.0
4276	4320	1.0
1783	4401	0.01
4401	1783	0.01
817	2536	1.0
2536	817	1.0
1764	2619	1.0
2619	1764	1.0
3874	2972	0.01
2972	3874	0.01
982	3461	0.01
3461	982	0.01
4701	4255	1.0
4255	4701	1.0
2508	3447	1.0
3447	2508	1.0
78	3599	1.0
3599	78	1.0
91	2467	0.01
2467	91	0.01
2798	3827	1.0
3827	2798	1.0
3756	4481	1.0
4481	3756	1.0
3442	4887	0.01
4887	3442	0.01
1847	2689	0.01
2689	1847	0.01
2582	1460	0.01
1460	2582	0.01
2798	5190	0.01
5190	2798	0.01
2857	1482	1.0
1482	2857	1.0
4325	4168	1.0
4168	4325	1.0
4119	5064	0.01
5064	4119	0.01
4742	4276	1.0
4276	4742	1.0
5061	2113	1.0
2113	5061	1.0
4320	746	1.0
746	4320	1.0
3077	545	1.0
545	3077	1.0
4350	4887	0.01
4887	4350	0.01
1764	5265	1.0
5265	1764	1.0
2945	2035	1.0
2035	2945	1.0
2783	3179	1.0
3179	2783	1.0
2689	2035	1.0
2035	2689	1.0
1002	4320	0.01
4320	1002	0.01
1939	2035	0.01
2035	1939	0.01
4701	514	1.0
514	4701	1.0
3447	4494	1.0
4494	3447	1.0
2719	5007	1.0
5007	2719	1.0
2054	1962	1.0
1962	2054	1.0
804	3441	1.0
3441	804	1.0
3447	514	1.0
514	3447	1.0
3864	1605	0.01
1605	3864	0.01
859	982	0.01
982	859	0.01
3844	5191	0.01
5191	3844	0.01
2798	4627	1.0
4627	2798	1.0
741	1816	1.0
1816	741	1.0
4320	78	1.0
78	4320	1.0
4742	1800	1.0
1800	4742	1.0
2035	5340	0.01
5340	2035	0.01
3061	2440	0.01
2440	3061	0.01
1837	4838	0.01
4838	1837	0.01
2857	2481	1.0
2481	2857	1.0
804	2316	1.0
2316	804	1.0
2371	4276	1.0
4276	2371	1.0
203	2834	0.01
2834	203	0.01
3077	3486	1.0
3486	3077	1.0
1078	3863	0.01
3863	1078	0.01
941	926	0.01
926	941	0.01
5034	1824	1.0
1824	5034	1.0
2037	2481	0.01
2481	2037	0.01
4149	2384	0.01
2384	4149	0.01
2945	4304	1.0
4304	2945	1.0
746	4795	0.01
4795	746	0.01
1847	4281	1.0
4281	1847	1.0
3777	5323	0.01
5323	3777	0.01
4533	726	0.01
726	4533	0.01
2572	3854	0.01
3854	2572	0.01
669	3979	0.01
3979	669	0.01
4325	2724	0.01
2724	4325	0.01
1389	1824	1.0
1824	1389	1.0
741	514	1.0
514	741	1.0
2719	3844	1.0
3844	2719	1.0
762	5007	0.01
5007	762	0.01
4634	2504	0.01
2504	4634	0.01
2440	4041	1.0
4041	2440	1.0
2945	2251	0.01
2251	2945	0.01
1847	3864	1.0
3864	1847	1.0
4701	2719	1.0
2719	4701	1.0
2447	2572	1.0
2572	2447	1.0
4887	817	0.01
817	4887	0.01
1533	941	1.0
941	1533	1.0
352	3864	0.01
3864	352	0.01
3863	789	0.01
789	3863	0.01
1764	3844	1.0
3844	1764	1.0
4481	1875	1.0
1875	4481	1.0
91	1605	1.0
1605	91	1.0
255	5186	0.01
5186	255	0.01
1389	4932	1.0
4932	1389	1.0
4246	1053	0.01
1053	4246	0.01
5333	4627	0.01
4627	5333	0.01
1935	4425	0.01
4425	1935	0.01
2388	5208	1.0
5208	2388	1.0
5265	1120	0.01
1120	5265	0.01
4742	746	1.0
746	4742	1.0
4281	2283	0.01
2283	4281	0.01
2719	5235	1.0
5235	2719	1.0
347	746	1.0
746	347	1.0
2798	1953	1.0
1953	2798	1.0
754	1875	0.01
1875	754	0.01
741	5323	1.0
5323	741	1.0
2689	2037	1.0
2037	2689	1.0
2798	4542	1.0
4542	2798	1.0
4795	4887	0.01
4887	4795	0.01
4795	2037	1.0
2037	4795	1.0
2719	1415	0.01
1415	2719	0.01
2556	1783	1.0
1783	2556	1.0
4533	2481	0.01
2481	4533	0.01
3234	1939	0.01
1939	3234	0.01
2371	1093	1.0
1093	2371	1.0
4701	1389	1.0
1389	4701	1.0
2783	2037	1.0
2037	2783	1.0
4858	2937	0.01
2937	4858	0.01
149	789	0.01
789	149	0.01
754	746	1.0
746	754	1.0
4350	3599	0.01
3599	4350	0.01
4325	941	1.0
941	4325	1.0
2004	4609	0.01
4609	2004	0.01
4568	2484	0.01
2484	4568	0.01
789	2946	1.0
2946	789	1.0
1764	3835	1.0
3835	1764	1.0
4275	1251	0.01
1251	4275	0.01
5029	78	1.0
78	5029	1.0
347	1900	1.0
1900	347	1.0
2798	5352	1.0
5352	2798	1.0
347	2508	1.0
2508	347	1.0
4041	352	0.01
352	4041	0.01
4701	4304	1.0
4304	4701	1.0
3356	910	0.01
910	3356	0.01
3077	4350	1.0
4350	3077	1.0
3105	5186	0.01
5186	3105	0.01
4609	78	0.01
78	4609	0.01
1415	1935	0.01
1935	1415	0.01
2045	2283	0.01
2283	2045	0.01
1764	1460	1.0
1460	1764	1.0
4119	3630	0.01
3630	4119	0.01
4077	4186	0.01
4186	4077	0.01
1962	2972	1.0
2972	1962	1.0
3279	741	0.01
741	3279	0.01
804	3883	1.0
3883	804	1.0
2738	2783	0.01
2783	2738	0.01
2508	1078	1.0
1078	2508	1.0
3423	1962	0.01
1962	3423	0.01
2054	4275	1.0
4275	2054	1.0
3179	3616	0.01
3616	3179	0.01
4401	2004	0.01
2004	4401	0.01
2572	746	1.0
746	2572	1.0
4442	78	0.01
78	4442	0.01
2481	197	0.01
197	2481	0.01
2440	872	0.01
872	2440	0.01
2388	5235	1.0
5235	2388	1.0
1460	1824	1.0
1824	1460	1.0
1898	358	0.01
358	1898	0.01
5061	3864	1.0
3864	5061	1.0
3077	5166	1.0
5166	3077	1.0
2719	2536	1.0
2536	2719	1.0
1642	762	0.01
762	1642	0.01
970	1938	0.01
1938	970	0.01
1900	5061	0.01
5061	1900	0.01
3303	1939	0.01
1939	3303	0.01
1847	3303	0.01
3303	1847	0.01
5061	4276	1.0
4276	5061	1.0
2371	888	1.0
888	2371	1.0
3077	4401	0.01
4401	3077	0.01
3777	746	1.0
746	3777	1.0
2484	4494	1.0
4494	2484	1.0
982	204	0.01
204	982	0.01
1389	3077	1.0
3077	1389	1.0
203	2556	0.01
2556	203	0.01
2054	2045	1.0
2045	2054	1.0
5208	4458	0.01
4458	5208	0.01
5029	203	0.01
203	5029	0.01
3184	2206	0.01
2206	3184	0.01
2508	197	0.01
197	2508	0.01
4742	2045	1.0
2045	4742	1.0
4246	5115	0.01
5115	4246	0.01
1847	2582	0.01
2582	1847	0.01
4325	5265	0.01
5265	4325	0.01
1948	726	0.01
726	1948	0.01
1384	1257	0.01
1257	1384	0.01
4281	1764	0.01
1764	4281	0.01
204	1384	0.01
1384	204	0.01
3077	2113	1.0
2113	3077	1.0
1386	1389	1.0
1389	1386	1.0
194	4320	0.01
4320	194	0.01
3423	831	0.01
831	3423	0.01
5097	4350	1.0
4350	5097	1.0
4701	4320	1.0
4320	4701	1.0
5115	4701	0.01
4701	5115	0.01
2719	4248	1.0
4248	2719	1.0
2857	2113	1.0
2113	2857	1.0
1002	4304	0.01
4304	1002	0.01
804	3543	1.0
3543	804	1.0
1386	941	1.0
941	1386	1.0
2798	1605	1.0
1605	2798	1.0
2508	1855	1.0
1855	2508	1.0
880	2206	0.01
2206	880	0.01
4481	4565	1.0
4565	4481	1.0
2371	1386	1.0
1386	2371	1.0
2724	1764	0.01
1764	2724	0.01
518	91	0.01
91	518	0.01
4795	2113	1.0
2113	4795	1.0
1910	2834	0.01
2834	1910	0.01
817	3854	1.0
3854	817	1.0
3442	2035	0.01
2035	3442	0.01
3461	941	0.01
941	3461	0.01
358	2582	1.0
2582	358	1.0
5029	3442	1.0
3442	5029	1.0
3854	5061	0.01
5061	3854	0.01
741	2738	0.01
2738	741	0.01
2945	5186	1.0
5186	2945	1.0
1386	4838	0.01
4838	1386	0.01
2719	1251	1.0
1251	2719	1.0
1389	2251	1.0
2251	1389	1.0
3814	2857	0.01
2857	3814	0.01
1962	4248	1.0
4248	1962	1.0
4469	872	0.01
872	4469	0.01
2719	3979	1.0
3979	2719	1.0
3077	2503	1.0
2503	3077	1.0
3486	817	1.0
817	3486	1.0
3486	2609	0.01
2609	3486	0.01
1386	5208	1.0
5208	1386	1.0
2037	2251	0.01
2251	2037	0.01
5115	1078	0.01
1078	5115	0.01
892	2536	1.0
2536	892	1.0
2783	3979	1.0
3979	2783	1.0
817	4276	1.0
4276	817	1.0
1389	5007	1.0
5007	1389	1.0
3077	5323	1.0
5323	3077	1.0
2384	1900	1.0
1900	2384	1.0
2467	1847	0.01
1847	2467	0.01
2213	4742	0.01
4742	2213	0.01
1764	2945	1.0
2945	1764	1.0
3864	2857	0.01
2857	3864	0.01
4320	4246	1.0
4246	4320	1.0
3416	4701	0.01
4701	3416	0.01
3979	4928	0.01
4928	3979	0.01
1875	1170	0.01
1170	1875	0.01
2619	1074	0.01
1074	2619	0.01
1389	741	1.0
741	1389	1.0
5166	956	0.01
956	5166	0.01
2371	2504	0.01
2504	2371	0.01
78	1800	1.0
1800	78	1.0
1384	3486	1.0
3486	1384	1.0
4119	4320	0.01
4320	4119	0.01
347	789	1.0
789	347	1.0
2371	5323	1.0
5323	2371	1.0
5186	1576	0.01
1576	5186	0.01
4627	1816	0.01
1816	4627	0.01
2619	2035	0.01
2035	2619	0.01
1415	726	0.01
726	1415	0.01
4255	2078	0.01
2078	4255	0.01
789	514	1.0
514	789	1.0
3271	5190	0.01
5190	3271	0.01
203	2035	0.01
2035	203	0.01
1879	3461	0.01
3461	1879	0.01
2388	78	1.0
78	2388	1.0
5235	1170	0.01
1170	5235	0.01
1764	1837	1.0
1837	1764	1.0
4838	1251	0.01
1251	4838	0.01
1910	3316	0.01
3316	1910	0.01
2440	5265	0.01
5265	2440	0.01
1460	1642	1.0
1642	1460	1.0
347	1953	1.0
1953	347	1.0
2724	1837	1.0
1837	2724	1.0
3756	4186	0.01
4186	3756	0.01
5097	3874	0.01
3874	5097	0.01
817	1053	0.01
1053	817	0.01
817	4932	1.0
4932	817	1.0
440	2045	1.0
2045	440	1.0
347	3853	0.01
3853	347	0.01
2045	1642	0.01
1642	2045	0.01
352	2946	0.01
2946	352	0.01
5007	4425	0.01
4425	5007	0.01
4164	3144	0.01
3144	4164	0.01
4149	514	0.01
514	4149	0.01
892	926	1.0
926	892	1.0
3854	3316	0.01
3316	3854	0.01
2447	3447	1.0
3447	2447	1.0
347	537	0.01
537	347	0.01
804	537	1.0
537	804	1.0
2798	1682	1.0
1682	2798	1.0
1093	3874	0.01
3874	1093	0.01
2508	2388	0.01
2388	2508	0.01
5186	5061	0.01
5061	5186	0.01
2945	1953	1.0
1953	2945	1.0
5166	1120	0.01
1120	5166	0.01
492	5265	1.0
5265	492	1.0
2139	4568	1.0
4568	2139	1.0
5029	2536	1.0
2536	5029	1.0
3184	4672	0.01
4672	3184	0.01
1939	197	0.01
197	1939	0.01
2798	970	1.0
970	2798	1.0
789	4281	1.0
4281	789	1.0
4795	194	1.0
194	4795	1.0
741	3543	1.0
3543	741	1.0
2045	926	0.01
926	2045	0.01
2447	982	1.0
982	2447	1.0
3486	5265	1.0
5265	3486	1.0
3423	3144	0.01
3144	3423	0.01
2054	2371	0.01
2371	2054	0.01
1900	2054	0.01
2054	1900	0.01
4481	3316	1.0
3316	4481	1.0
5352	492	0.01
492	5352	0.01
4795	4255	1.0
4255	4795	1.0
746	970	0.01
970	746	0.01
4795	3077	0.01
3077	4795	0.01
2440	4304	1.0
4304	2440	1.0
1389	2035	1.0
2035	1389	1.0
5034	4481	1.0
4481	5034	1.0
1764	4565	1.0
4565	1764	1.0
1948	2798	1.0
2798	1948	1.0
741	2113	1.0
2113	741	1.0
1847	347	1.0
347	1847	1.0
4887	3854	0.01
3854	4887	0.01
5029	872	0.01
872	5029	0.01
2054	3777	0.01
3777	2054	0.01
4887	2937	0.01
2937	4887	0.01
762	4425	0.01
4425	762	0.01
5235	4275	0.01
4275	5235	0.01
2719	1953	1.0
1953	2719	1.0
1816	3356	0.01
3356	1816	0.01
3854	1576	0.01
1576	3854	0.01
91	1267	1.0
1267	91	1.0
2508	1824	1.0
1824	2508	1.0
1764	5186	1.0
5186	1764	1.0
78	1837	1.0
1837	78	1.0
970	880	0.01
880	970	0.01
