2480	2119
2119	2480
1720	1929
1929	1720
1898	2007
2007	1898
235	1524
1524	235
5292	2007
2007	5292
2612	5286
5286	2612
5008	4255
4255	5008
2447	5008
5008	2447
3166	1901
1901	3166
3864	2420
2420	3864
2447	1251
1251	2447
2172	1093
1093	2172
621	1714
1714	621
1846	4481
4481	1846
3543	4255
4255	3543
2447	4503
4503	2447
50	1898
1898	50
804	40
40	804
4446	1358
1358	4446
4446	1640
1640	4446
1714	1514
1514	1714
2496	4621
4621	2496
1544	3320
3320	1544
4371	3608
3608	4371
4826	2041
2041	4826
1082	3537
3537	1082
3112	3608
3608	3112
2119	578
578	2119
2689	982
982	2689
2007	2041
2041	2007
1463	1530
1530	1463
1549	765
765	1549
1786	4255
4255	1786
4630	933
933	4630
1785	2612
2612	1785
2522	877
877	2522
3582	1650
1650	3582
1254	2001
2001	1254
2981	1036
1036	2981
3537	2619
2619	3537
4888	504
504	4888
2509	1254
1254	2509
804	1351
1351	804
2681	1212
1212	2681
504	982
982	504
578	4248
4248	578
1530	1251
1251	1530
3844	1150
1150	3844
1567	312
312	1567
1093	1958
1958	1093
5037	2007
2007	5037
4371	1535
1535	4371
583	2444
2444	583
1524	3065
3065	1524
4255	2314
2314	4255
1950	804
804	1950
2444	1358
1358	2444
2562	4275
4275	2562
2733	4481
4481	2733
2981	4000
4000	2981
1791	3982
3982	1791
4225	2522
2522	4225
504	4225
4225	504
1764	1514
1514	1764
1351	5008
5008	1351
5037	3195
3195	5037
2689	4481
4481	2689
504	2314
2314	504
2287	3873
3873	2287
1254	3320
3320	1254
4276	545
545	4276
1251	4772
4772	1251
2726	3345
3345	2726
4255	1605
1605	4255
16	1517
1517	16
5235	982
982	5235
1254	4630
4630	1254
2116	2444
2444	2116
2619	4621
4621	2619
16	3724
3724	16
4503	640
640	4503
5	2619
2619	5
2983	922
922	2983
3166	1824
1824	3166
3345	1720
1720	3345
4697	4718
4718	4697
5032	4314
4314	5032
3841	2380
2380	3841
746	2540
2540	746
2562	4621
4621	2562
1351	3982
3982	1351
1720	1251
1251	1720
1720	1714
1714	1720
2447	1511
1511	2447
1150	1958
1958	1150
2423	5121
5121	2423
4255	1463
1463	4255
5140	3320
3320	5140
2562	4000
4000	2562
5212	1634
1634	5212
457	2850
2850	457
1524	2794
2794	1524
2496	1605
1605	2496
238	4475
4475	238
746	1823
1823	746
578	2444
2444	578
4376	1823
1823	4376
3320	3345
3345	3320
4481	4255
4255	4481
1714	1650
1650	1714
3543	1786
1786	3543
3345	597
597	3345
456	4225
4225	456
2391	1517
1517	2391
3916	2464
2464	3916
5008	1846
1846	5008
1434	1764
1764	1434
17	4371
4371	17
2645	3841
3841	2645
2875	4826
4826	2875
2423	3105
3105	2423
4718	1769
1769	4718
3543	1915
1915	3543
2444	4347
4347	2444
1358	4188
4188	1358
1720	2619
2619	1720
235	2681
2681	235
1785	2041
2041	1785
1093	1898
1898	1093
1093	982
982	1093
1574	1547
1547	1574
1549	1342
1342	1549
4255	3616
3616	4255
5032	1720
1720	5032
235	4314
4314	235
1251	5286
5286	1251
4276	2344
2344	4276
4772	3873
3873	4772
1898	1605
1605	1898
3724	4970
4970	3724
5037	3465
3465	5037
1162	2619
2619	1162
1549	3345
3345	1549
1898	2001
2001	1898
3320	2041
2041	3320
1567	4630
4630	1567
16	1162
1162	16
578	2681
2681	578
1720	5140
5140	1720
545	1915
1915	545
1413	4621
4621	1413
1650	2875
2875	1650
2116	40
40	2116
2391	5212
5212	2391
1413	1604
1604	1413
545	3673
3673	545
17	2116
2116	17
2480	3841
3841	2480
456	3724
3724	456
40	1463
1463	40
5212	1524
1524	5212
2619	4275
4275	2619
2733	4376
4376	2733
2824	4446
4446	2824
1915	1511
1511	1915
4481	5235
5235	4481
4062	1650
1650	4062
677	3465
3465	677
1036	4238
4238	1036
1254	4248
4248	1254
3112	4275
4275	3112
1251	1650
1650	1251
2007	4481
4481	2007
2556	3065
3065	2556
765	1769
1769	765
1517	3105
3105	1517
3916	877
877	3916
1604	1605
1605	1604
2689	4276
4276	2689
1434	1650
1650	1434
3634	4630
4630	3634
1549	4347
4347	1549
1119	2041
2041	1119
4000	3844
3844	4000
1901	3195
3195	1901
5	2423
2423	5
583	2653
2653	583
578	5149
5149	578
1514	4627
4627	1514
1720	3841
3841	1720
4225	3916
3916	4225
982	2007
2007	982
1517	504
504	1517
2467	1511
1511	2467
4569	2007
2007	4569
5	3634
3634	5
765	597
597	765
4697	4970
4970	4697
208	3916
3916	208
1162	4371
4371	1162
3253	677
677	3253
1791	1547
1547	1791
4225	4062
4062	4225
4621	1634
1634	4621
2041	456
456	2041
111	3634
3634	111
2562	4970
4970	2562
785	4970
4970	785
5	1162
1162	5
2794	3608
3608	2794
1251	746
746	1251
4886	3634
3634	4886
5	4630
4630	5
4697	2850
2850	4697
3537	4275
4275	3537
5283	4188
4188	5283
804	1604
1604	804
3844	4248
4248	3844
933	16
16	933
2007	5032
5032	2007
1251	2464
2464	1251
3864	4248
4248	3864
1824	746
746	1824
1463	1929
1929	1463
16	2619
2619	16
1162	2001
2001	1162
1413	677
677	1413
1791	4371
4371	1791
785	1067
1067	785
1463	1785
1785	1463
4000	5032
5032	4000
804	4225
4225	804
3465	1524
1524	3465
4062	2447
2447	4062
1720	3255
3255	1720
2884	1342
1342	2884
621	3253
3253	621
4276	1605
1605	4276
1150	4062
4062	1150
1823	5
5	1823
3112	1929
1929	3112
4229	5037
5037	4229
677	1358
1358	677
3465	4276
4276	3465
5032	4371
4371	5032
1786	504
504	1786
40	3673
3673	40
5149	4347
4347	5149
4248	312
312	4248
1358	3724
3724	1358
4446	4692
4692	4446
1162	1358
1358	1162
1212	3145
3145	1212
1251	17
17	1251
3112	1901
1901	3112
4446	3465
3465	4446
17	2756
2756	17
4276	785
785	4276
1517	1535
1535	1517
1082	1847
1847	1082
3634	4371
4371	3634
1254	4229
4229	1254
1413	741
741	1413
1463	1358
1358	1463
2756	1847
1847	2756
2794	235
235	2794
4697	2983
2983	4697
1929	3320
3320	1929
1929	4630
4630	1929
1929	4314
4314	1929
4569	1434
1434	4569
2689	4446
4446	2689
2824	4062
4062	2824
4630	4692
4692	4630
4000	1634
1634	4000
785	4503
4503	785
578	2850
2850	578
504	3841
3841	504
1720	4225
4225	1720
1514	5121
5121	1514
3543	1823
1823	3543
1434	1714
1714	1434
1915	4621
4621	1915
4355	4937
4937	4355
3864	3673
3673	3864
4000	3756
3756	4000
4276	1823
1823	4276
1434	1950
1950	1434
111	4225
4225	111
2314	4506
4506	2314
3841	2509
2509	3841
1605	3724
3724	1605
621	3616
3616	621
1535	3916
3916	1535
4446	545
545	4446
578	1769
1769	578
5	1150
1150	5
933	3543
3543	933
3864	1915
1915	3864
1413	3105
3105	1413
1212	3873
3873	1212
2467	1605
1605	2467
3065	4886
4886	3065
1605	1358
1358	1605
3320	4692
4692	3320
1524	238
238	1524
1530	1067
1067	1530
1251	877
877	1251
2983	3844
3844	2983
1162	3537
3537	1162
3112	3616
3616	3112
1067	1824
1824	1067
1547	3465
3465	1547
804	2681
2681	804
3537	2344
2344	3537
1082	597
597	1082
313	4248
4248	313
3465	1714
1714	3465
2344	3756
3756	2344
3112	2562
2562	3112
1846	1574
1574	1846
4276	1714
1714	4276
1567	3217
3217	1567
1791	456
456	1791
235	3072
3072	235
3255	1036
1036	3255
2653	1530
1530	2653
3195	4371
4371	3195
5140	4238
4238	5140
1162	1547
1547	1162
2689	3253
3253	2689
1547	804
804	1547
5149	4225
4225	5149
1785	3320
3320	1785
922	1351
1351	922
1162	3673
3673	1162
4630	4970
4970	4630
50	1413
1413	50
5	4225
4225	5
1720	545
545	1720
4506	4347
4347	4506
1093	4506
4506	1093
4481	4275
4275	4481
3864	1567
1567	3864
1958	4697
4697	1958
1251	4933
4933	1251
2391	1915
1915	2391
2447	1791
1791	2447
1929	1714
1714	1929
1119	640
640	1119
2540	17
17	2540
2540	922
922	2540
4225	933
933	4225
2467	4225
4225	2467
3841	2287
2287	3841
3916	621
621	3916
3253	1958
1958	3253
1604	2850
2850	1604
1846	4188
4188	1846
4255	2001
2001	4255
1463	2444
2444	1463
1824	1567
1567	1824
1093	1791
1791	1093
1547	1929
1929	1547
2480	1384
1384	2480
3145	933
933	3145
1434	1847
1847	1434
1846	1785
1785	1846
3345	4062
4062	3345
2447	4506
4506	2447
1950	2420
2420	1950
4506	922
922	4506
640	5008
5008	640
1463	4229
4229	1463
3253	4371
4371	3253
504	1574
1574	504
1119	3673
3673	1119
3582	2612
2612	3582
5	2480
2480	5
4248	2467
2467	4248
3255	3982
3982	3255
1511	2645
2645	1511
4062	312
312	4062
5149	741
741	5149
3145	1067
1067	3145
1093	746
746	1093
1915	4314
4314	1915
597	2681
2681	597
677	1075
1075	677
3235	4355
4355	3235
4937	741
741	4937
1915	1434
1434	1915
1567	1036
1036	1567
2850	4692
4692	2850
5292	4621
4621	5292
2756	5292
5292	2756
313	640
640	313
4255	3065
3065	4255
785	3195
3195	785
5212	5037
5037	5212
1150	4772
4772	1150
621	3673
3673	621
3166	3543
3543	3166
3316	3235
3235	3316
5032	4692
4692	5032
1915	1640
1640	1915
5	982
982	5
2619	4937
4937	2619
4275	2314
2314	4275
2556	1901
1901	2556
1093	111
111	1093
4697	1036
1036	4697
1251	1714
1714	1251
5212	3543
3543	5212
2391	3873
3873	2391
1212	4275
4275	1212
5032	4248
4248	5032
804	1634
1634	804
1075	235
235	1075
3582	1351
1351	3582
2116	1898
1898	2116
4225	5283
5283	4225
3145	1524
1524	3145
4697	4481
4481	4697
2556	1254
1254	2556
597	2464
2464	597
765	2522
2522	765
1650	1351
1351	1650
4238	982
982	4238
3316	3756
3756	3316
4225	1604
1604	4225
5140	1524
1524	5140
2420	2467
2467	2420
578	1791
1791	578
3105	3316
3316	3105
4229	4188
4188	4229
2447	1604
1604	2447
1791	982
982	1791
1720	5107
5107	1720
4225	2884
2884	4225
2467	1898
1898	2467
3320	5107
5107	3320
1929	3673
3673	1929
1720	2522
2522	1720
3634	1150
1150	3634
3345	4503
4503	3345
5	504
504	5
4888	4933
4933	4888
4276	746
746	4276
2119	1898
1898	2119
3543	3756
3756	3543
1544	1511
1511	1544
5121	1530
1530	5121
877	1604
1604	877
2540	1898
1898	2540
4062	1434
1434	4062
4475	4937
4937	4475
4355	1720
1720	4355
3841	4188
4188	3841
1823	4275
4275	1823
4718	457
457	4718
2562	1358
1358	2562
1549	2116
2116	1549
1846	3253
3253	1846
1898	5283
5283	1898
3195	677
677	3195
4225	922
922	4225
1574	4621
4621	1574
2444	3251
3251	2444
5032	1067
1067	5032
3582	583
583	3582
3537	4188
4188	3537
1650	4697
4697	1650
1434	2001
2001	1434
1075	5286
5286	1075
4188	4886
4886	4188
3251	1786
1786	3251
3537	1714
1714	3537
5149	5079
5079	5149
933	1524
1524	933
597	2983
2983	597
3112	3255
3255	3112
1650	2447
2447	1650
4276	5235
5235	4276
2522	3844
3844	2522
3072	4826
4826	3072
4275	2001
2001	4275
1358	2041
2041	1358
2726	2612
2612	2726
2981	1640
1640	2981
5	2287
2287	5
1384	2287
2287	1384
4376	1082
1082	4376
4970	1950
1950	4970
3756	3166
3166	3756
3724	2007
2007	3724
1524	1567
1567	1524
5283	3608
3608	5283
2391	2689
2689	2391
2509	2380
2380	2509
5	4970
4970	5
2689	741
741	2689
1605	1634
1634	1605
1038	2562
2562	1038
1915	785
785	1915
1511	746
746	1511
4248	40
40	4248
1251	4255
4255	1251
3616	3608
3608	3616
1150	3320
3320	1150
40	3916
3916	40
5037	1605
1605	5037
3841	4446
4446	3841
4697	2423
2423	4697
2619	4371
4371	2619
2496	3465
3465	2496
457	1530
1530	457
1791	5121
5121	1791
1254	4933
4933	1254
3253	5079
5079	3253
976	1901
1901	976
4248	17
17	4248
4718	4062
4062	4718
1791	1640
1640	1791
765	4229
4229	765
1824	1547
1547	1824
3345	1605
1605	3345
1720	1604
1604	1720
457	3072
3072	457
1567	2420
2420	1567
5037	1342
1342	5037
4886	2509
2509	4886
3608	1434
1434	3608
4481	765
765	4481
1846	2619
2619	1846
804	5121
5121	804
3844	1915
1915	3844
1785	4000
4000	1785
1574	4446
4446	1574
4503	2467
2467	4503
1720	1434
1434	1720
1212	3112
3112	1212
1544	3608
3608	1544
4503	3537
3537	4503
238	2116
2116	238
1846	5
5	1846
1847	2344
2344	1847
1251	4970
4970	1251
3724	1720
1720	3724
16	1605
1605	16
1847	1898
1898	1847
1604	2391
2391	1604
3537	1358
1358	3537
922	4347
4347	922
3251	3166
3166	3251
17	1828
1828	17
4238	2540
2540	4238
2496	4225
4225	2496
3844	2509
2509	3844
5121	4355
4355	5121
457	3145
3145	457
3345	4937
4937	3345
1530	4225
4225	1530
5283	3251
3251	5283
804	4937
4937	804
1929	545
545	1929
2001	4229
4229	2001
312	4225
4225	312
2172	2689
2689	2172
3841	1162
1162	3841
4446	2509
2509	4446
4225	545
545	4225
1714	2001
2001	1714
2689	2314
2314	2689
1720	3537
3537	1720
4481	746
746	4481
5	1075
1075	5
3145	2562
2562	3145
3916	4062
4062	3916
1067	1549
1549	1067
5037	1720
1720	5037
3195	3608
3608	3195
2172	3982
3982	2172
2391	5149
5149	2391
4062	2444
2444	4062
3844	597
597	3844
4718	4503
4503	4718
1786	2420
2420	1786
4225	2562
2562	4225
4481	2612
2612	4481
5079	2007
2007	5079
5037	1604
1604	5037
1567	1929
1929	1567
1847	4225
4225	1847
2119	3537
3537	2119
2447	2464
2464	2447
3543	1358
1358	3543
976	4355
4355	976
621	5008
5008	621
2689	2447
2447	2689
5079	804
804	5079
804	1254
1254	804
1093	5235
5235	1093
3112	545
545	3112
1846	5079
5079	1846
2314	804
804	2314
3316	5235
5235	3316
2447	1898
1898	2447
2116	1036
1036	2116
2423	3543
3543	2423
1824	4621
4621	1824
4630	2344
2344	4630
4718	5286
5286	4718
5	2562
2562	5
677	4506
4506	677
1823	3673
3673	1823
3543	746
746	3543
1162	4621
4621	1162
5212	3316
3316	5212
1463	3465
3465	1463
5140	3145
3145	5140
785	4225
4225	785
976	2496
2496	976
5	1769
1769	5
4569	1823
1823	4569
4275	4248
4248	4275
804	1093
1093	804
3166	4275
4275	3166
4188	1847
1847	4188
621	2540
2540	621
3105	4970
4970	3105
2983	785
785	2983
4255	746
746	4255
4718	1929
1929	4718
1764	1036
1036	1764
2556	1511
1511	2556
2540	982
982	2540
3844	1384
1384	3844
1212	4225
4225	1212
5107	4225
4225	5107
2391	3841
3841	2391
3065	2480
2480	3065
5149	1358
1358	5149
804	3616
3616	804
1093	1511
1511	1093
4697	1901
1901	4697
5121	4630
4630	5121
4772	1530
1530	4772
1524	677
677	1524
4347	1634
1634	4347
1567	2645
2645	1567
4347	5
5	4347
4481	982
982	4481
2556	1898
1898	2556
1119	1567
1567	1119
456	4276
4276	456
785	238
238	785
1358	5235
5235	1358
1720	3235
3235	1720
2464	4347
4347	2464
2681	4225
4225	2681
4569	1604
1604	4569
4225	3105
3105	4225
2619	982
982	2619
4225	4229
4229	4225
1720	922
922	1720
3217	1162
1162	3217
976	1413
1413	976
1846	4225
4225	1846
4062	1604
1604	4062
1517	845
845	1517
3465	2824
2824	3465
804	1082
1082	804
4376	2983
2983	4376
922	1901
1901	922
1082	4503
4503	1082
4503	4347
4347	4503
3916	5286
5286	3916
2981	4225
4225	2981
456	3673
3673	456
2983	3841
3841	2983
1251	2041
2041	1251
3537	4630
4630	3537
40	1605
1605	40
2824	1714
1714	2824
4000	40
40	4000
2612	5079
5079	2612
5212	4630
4630	5212
4888	1915
1915	4888
1251	235
235	1251
4347	3235
3235	4347
1714	3673
3673	1714
1150	4621
4621	1150
2380	2041
2041	2380
3982	2619
2619	3982
1785	4772
4772	1785
4000	2875
2875	4000
4772	3105
3105	4772
2645	4188
4188	2645
2653	3724
3724	2653
235	3841
3841	235
457	3873
3873	457
2850	2172
2172	2850
4481	3235
3235	4481
2726	4826
4826	2726
5149	1254
1254	5149
1720	3673
3673	1720
238	1901
1901	238
2619	5235
5235	2619
2467	3316
3316	2467
4621	2287
2287	4621
5121	1093
1093	5121
5	1254
1254	5
2794	2733
2733	2794
3673	4692
4692	3673
4276	4255
4255	4276
2420	2001
2001	2420
1530	5212
5212	1530
1605	982
982	1605
2509	3320
3320	2509
1162	2444
2444	1162
4371	4314
4314	4371
2726	877
877	2726
2612	1720
1720	2612
3345	3145
3145	3345
982	597
597	982
5212	1714
1714	5212
4630	2681
2681	4630
3844	677
677	3844
2562	1929
1929	2562
4248	1038
1038	4248
1791	3065
3065	1791
2875	208
208	2875
5032	1898
1898	5032
1514	1847
1847	1514
1093	4933
4933	1093
1574	3320
3320	1574
1720	1824
1824	1720
4772	4347
4347	4772
3582	982
982	3582
3873	578
578	3873
3112	1254
1254	3112
5292	4627
4627	5292
4225	1640
1640	4225
1824	5008
5008	1824
4225	5121
5121	4225
597	5032
5032	597
2496	3864
3864	2496
3916	1254
1254	3916
3105	3673
3673	3105
1786	741
741	1786
3112	4371
4371	3112
4248	2464
2464	4248
2983	2562
2562	2983
4937	5140
5140	4937
208	5121
5121	208
4255	982
982	4255
1846	1929
1929	1846
2983	4255
4255	2983
1720	4630
4630	1720
3841	4225
4225	3841
3253	2556
2556	3253
4888	1067
1067	4888
1212	4630
4630	1212
2380	1764
1764	2380
1764	922
922	1764
3537	2287
2287	3537
785	17
17	785
4888	4225
4225	4888
457	1067
1067	457
982	2344
2344	982
3916	4446
4446	3916
1162	2875
2875	1162
3345	4621
4621	3345
2496	4630
4630	2496
3634	3112
3112	3634
3255	1162
1162	3255
4506	1254
1254	4506
3112	1958
1958	3112
1567	1574
1574	1567
2391	1785
1785	2391
1604	1038
1038	1604
2756	4355
4355	2756
3316	3724
3724	3316
1714	1119
1119	1714
5	1824
1824	5
3864	4275
4275	3864
1119	1847
1847	1119
4248	746
746	4248
4697	1785
1785	4697
3195	2447
2447	3195
4481	1036
1036	4481
1958	456
456	1958
804	3844
3844	804
208	5140
5140	208
2681	4481
4481	2681
3543	2983
2983	3543
4481	3616
3616	4481
3537	1254
1254	3537
2556	4225
4225	2556
1535	4188
4188	1535
2884	1093
1093	2884
765	1511
1511	765
3316	111
111	3316
456	235
235	456
4188	3724
3724	4188
1036	1150
1150	1036
1846	3537
3537	1846
16	1634
1634	16
3253	1714
1714	3253
1413	3195
3195	1413
4255	5235
5235	4255
1929	504
504	1929
16	4225
4225	16
4933	982
982	4933
40	2875
2875	40
4376	597
597	4376
2444	17
17	2444
4188	1824
1824	4188
3616	4248
4248	3616
1162	456
456	1162
40	1929
1929	40
2116	504
504	2116
3537	4248
4248	3537
4276	4886
4886	4276
2467	1786
1786	2467
2467	4255
4255	2467
3112	4376
4376	3112
1898	3072
3072	1898
1351	4188
4188	1351
4697	2689
2689	4697
3345	40
40	3345
3724	4225
4225	3724
4347	4970
4970	4347
1434	3864
3864	1434
4225	1901
1901	4225
4697	1823
1823	4697
578	4225
4225	578
1720	3844
3844	1720
1358	5140
5140	1358
4314	208
208	4314
2522	741
741	2522
4062	933
933	4062
1958	5283
5283	1958
2041	545
545	2041
3724	5037
5037	3724
621	4446
4446	621
3844	1714
1714	3844
1605	2726
2726	1605
4970	3873
3873	4970
235	3166
3166	235
4475	3316
3316	4475
4772	4475
4475	4772
2540	4276
4276	2540
4275	4446
4446	4275
4826	4371
4371	4826
3235	5149
5149	3235
3543	4933
4933	3543
1574	1549
1549	1574
2983	4718
4718	2983
4630	3673
3673	4630
804	1901
1901	804
456	3320
3320	456
2689	2619
2619	2689
3255	4225
4225	3255
3345	545
545	3345
4188	2496
2496	4188
3253	5140
5140	3253
1786	1549
1549	1786
2850	1650
1650	2850
5149	4276
4276	5149
4000	4481
4481	4000
4371	1634
1634	4371
5032	1605
1605	5032
1549	4255
4255	1549
3864	4621
4621	3864
1720	50
50	1720
2619	1714
1714	2619
1517	2875
2875	1517
4225	3235
3235	4225
1511	1605
1605	1511
4503	2653
2653	4503
456	1634
1634	456
1511	982
982	1511
4718	2562
2562	4718
2619	746
746	2619
922	1714
1714	922
2447	597
597	2447
1764	2041
2041	1764
2420	4446
4446	2420
1605	804
804	1605
2391	1358
1358	2391
2689	2726
2726	2689
1463	2314
2314	1463
4314	3195
3195	4314
2850	4238
4238	2850
3195	4225
4225	3195
1650	2314
2314	1650
1785	2001
2001	1785
17	1384
1384	17
1463	5283
5283	1463
1384	3982
3982	1384
4888	4826
4826	4888
3253	5121
5121	3253
4970	3844
3844	4970
4621	1714
1714	4621
3582	4225
4225	3582
1463	2875
2875	1463
4627	2467
2467	4627
1764	3316
3316	1764
4970	4248
4248	4970
4238	1640
1640	4238
1162	2496
2496	1162
3864	2645
2645	3864
1093	2556
2556	1093
621	2287
2287	621
1547	3345
3345	1547
3873	2981
2981	3873
545	1535
1535	545
1847	2444
2444	1847
5212	1544
1544	5212
2619	4248
4248	2619
1254	545
545	1254
1604	1351
1351	1604
2496	1254
1254	2496
4933	597
597	4933
3844	3320
3320	3844
5	1463
1463	5
3253	597
597	3253
1847	3320
3320	1847
4627	1958
1958	4627
1384	1898
1898	1384
2467	5235
5235	2467
3616	2001
2001	3616
40	2619
2619	40
2287	677
677	2287
3195	4376
4376	3195
1791	1549
1549	1791
4697	2444
2444	4697
1567	4970
4970	1567
1517	1075
1075	1517
1898	597
597	1898
1511	677
677	1511
3864	1791
1791	3864
3537	1567
1567	3537
5032	976
976	5032
4481	1093
1093	4481
111	1574
1574	111
5212	3608
3608	5212
5286	1549
1549	5286
1786	5008
5008	1786
1036	3608
3608	1036
3916	2562
2562	3916
1530	3253
3253	1530
3537	3608
3608	3537
3105	3873
3873	3105
1093	4238
4238	1093
5	4255
4255	5
4481	1511
1511	4481
1254	2562
2562	1254
2447	1358
1358	2447
2645	4062
4062	2645
4888	1413
1413	4888
3251	4970
4970	3251
640	238
238	640
2007	2850
2850	2007
982	1847
1847	982
3616	877
877	3616
3166	1567
1567	3166
976	4630
4630	976
1846	3105
3105	1846
5032	922
922	5032
1720	621
621	1720
4355	1786
1786	4355
3537	16
16	3537
1413	4503
4503	1413
3105	457
457	3105
4826	1567
1567	4826
922	1036
1036	922
40	1162
1162	40
4225	2314
2314	4225
1463	545
545	1463
1549	4225
4225	1549
1093	1605
1605	1093
3255	5286
5286	3255
3982	4225
4225	3982
2007	583
583	2007
1650	3537
3537	1650
1384	578
578	1384
2391	1567
1567	2391
1036	3217
3217	1036
4276	2287
2287	4276
2689	1093
1093	2689
3543	3072
3072	3543
4886	2287
2287	4886
1162	1824
1824	1162
1212	1254
1254	1212
1824	3673
3673	1824
2391	3844
3844	2391
1434	545
545	1434
1786	1605
1605	1786
1535	2116
2116	1535
3065	3537
3537	3065
1605	877
877	1605
1251	982
982	1251
2314	457
457	2314
1929	1358
1358	1929
3582	3844
3844	3582
1720	3465
3465	1720
5212	4937
4937	5212
1567	1351
1351	1567
457	50
50	457
2983	3253
3253	2983
4630	3320
3320	4630
4062	16
16	4062
3873	3841
3841	3873
1847	746
746	1847
4000	1075
1075	4000
1846	741
741	1846
3841	1714
1714	3841
1720	1574
1574	1720
4000	3316
3316	4000
3608	17
17	3608
3844	1604
1604	3844
2522	5008
5008	2522
1720	1162
1162	1720
1786	4188
4188	1786
2119	2562
2562	2119
313	3864
3864	313
235	2850
2850	235
4229	4621
4621	4229
4225	640
640	4225
1824	1714
1714	1824
1786	3916
3916	1786
1384	4347
4347	1384
3537	4255
4255	3537
1413	3582
3582	1413
4255	1567
1567	4255
5286	16
16	5286
2391	4481
4481	2391
1714	1901
1901	1714
3582	1358
1358	3582
3235	1535
1535	3235
3145	640
640	3145
1604	4621
4621	1604
1251	4446
4446	1251
17	5
5	17
2423	2653
2653	2423
1898	545
545	1898
2645	4933
4933	2645
2444	804
804	2444
922	1358
1358	922
4255	2391
2391	4255
4225	677
677	4225
2556	1530
1530	2556
545	2733
2733	545
2681	4062
4062	2681
2612	3982
3982	2612
2380	982
982	2380
2794	845
845	2794
2172	597
597	2172
1791	5
5	1791
2447	4225
4225	2447
1958	2041
2041	1958
3864	922
922	3864
804	1517
1517	804
3235	4888
4888	3235
4248	1036
1036	4248
2540	5235
5235	2540
804	1714
1714	804
1791	2824
2824	1791
5	4692
4692	5
4275	1714
1714	4275
1514	3320
3320	1514
5	2756
2756	5
804	4276
4276	804
1434	1358
1358	1434
457	4355
4355	457
877	3844
3844	877
4933	4229
4229	4933
2619	1358
1358	2619
4772	1714
1714	4772
4225	1650
1650	4225
17	3864
3864	17
3582	5212
5212	3582
3145	3316
3316	3145
2619	5037
5037	2619
5008	5149
5149	5008
1720	1823
1823	1720
4718	1785
1785	4718
2689	2001
2001	2689
5212	2420
2420	5212
1251	1791
1791	1251
456	982
982	456
578	4621
4621	578
2467	1251
1251	2467
5008	3916
3916	5008
2875	3251
3251	2875
2689	4621
4621	2689
4225	4238
4238	4225
4276	1791
1791	4276
5037	2287
2287	5037
312	1434
1434	312
1212	982
982	1212
17	1764
1764	17
4481	677
677	4481
2119	3253
3253	2119
2391	4630
4630	2391
4627	1785
1785	4627
4371	2983
2983	4371
4970	5149
5149	4970
1604	2344
2344	1604
4692	785
785	4692
2391	5079
5079	2391
4970	2824
2824	4970
2391	741
741	2391
578	4630
4630	578
1824	3537
3537	1824
3582	3320
3320	3582
4630	1901
1901	4630
5149	3673
3673	5149
1162	2726
2726	1162
4888	1254
1254	4888
3320	5121
5121	3320
2884	3916
3916	2884
1150	1929
1929	1150
2380	4314
4314	2380
1720	4475
4475	1720
1547	3251
3251	1547
2619	2612
2612	2619
4225	976
976	4225
1567	1342
1342	1567
4506	4225
4225	4506
50	2884
2884	50
4886	1463
1463	4886
1162	2314
2314	1162
3543	1463
1463	3543
1511	4238
4238	1511
5292	2556
2556	5292
1958	1828
1828	1958
2509	877
877	2509
1791	976
976	1791
4569	1650
1650	4569
1958	4630
4630	1958
4933	3345
3345	4933
2447	3982
3982	2447
1950	4347
4347	1950
2562	4446
4446	2562
5140	4276
4276	5140
877	1769
1769	877
5235	746
746	5235
2314	1828
1828	2314
4718	741
741	4718
5079	312
312	5079
2480	2726
2726	2480
4248	5008
5008	4248
504	3195
3195	504
3195	2467
2467	3195
3864	3608
3608	3864
1823	1785
1785	1823
4481	1786
1786	4481
4225	1898
1898	4225
5	922
922	5
1786	1958
1958	1786
1251	4062
4062	1251
2884	765
765	2884
1254	2444
2444	1254
3756	1950
1950	3756
2562	2850
2850	2562
5149	1251
1251	5149
3320	1650
1650	3320
2794	5008
5008	2794
4188	2041
2041	4188
2447	4255
4255	2447
3982	877
877	3982
4255	545
545	4255
1463	4503
4503	1463
4376	4692
4692	4376
1511	4255
4255	1511
1720	4503
4503	1720
2496	2653
2653	2496
3537	1901
1901	3537
4630	3112
3112	4630
1384	1929
1929	1384
3616	4970
4970	3616
4446	3673
3673	4446
40	1413
1413	40
40	4630
4630	40
1075	4062
4062	1075
3065	2733
2733	3065
1517	545
545	1517
1036	4475
4475	1036
4970	1517
1517	4970
3105	1785
1785	3105
1251	1254
1254	1251
2653	3112
3112	2653
1351	2007
2007	1351
4630	1640
1640	4630
804	4062
4062	804
1828	238
238	1828
1549	3916
3916	1549
2824	4276
4276	2824
313	982
982	313
1634	4692
4692	1634
3316	4772
4772	3316
4225	1714
1714	4225
1517	1514
1514	1517
2344	1342
1342	2344
1898	5235
5235	1898
1547	4225
4225	1547
1251	5283
5283	1251
1574	4630
4630	1574
3112	3253
3253	3112
4481	1254
1254	4481
1093	1212
1212	1093
5235	1605
1605	5235
5140	4225
4225	5140
1605	4446
4446	1605
1574	3465
3465	1574
765	1524
1524	765
2884	621
621	2884
1824	4371
4371	1824
804	741
741	804
1251	4692
4692	1251
2496	4970
4970	2496
1544	4506
4506	1544
845	4255
4255	845
1549	1254
1254	1549
4697	1384
1384	4697
4826	1901
1901	4826
3537	5212
5212	3537
2983	208
208	2983
982	746
746	982
2391	2619
2619	2391
4826	785
785	4826
2001	1640
1640	2001
2172	3166
3166	2172
2824	1785
1785	2824
4225	2344
2344	4225
877	312
312	877
677	5283
5283	677
3537	1517
1517	3537
5212	1251
1251	5212
2619	933
933	2619
3916	1846
1846	3916
4481	1650
1650	4481
5	3537
3537	5
40	4276
4276	40
3844	746
746	3844
4255	4000
4000	4255
982	2522
2522	982
804	1769
1769	804
1720	4062
4062	1720
5286	3724
3724	5286
1720	4970
4970	1720
4225	1150
1150	4225
545	4503
4503	545
1463	4314
4314	1463
1604	4355
4355	1604
2391	982
982	2391
1824	2619
2619	1824
4225	1351
1351	4225
1720	1901
1901	1720
3864	2007
2007	3864
2287	1650
1650	2287
2562	1212
1212	2562
4355	3345
3345	4355
1434	1547
1547	1434
1530	1847
1847	1530
2467	877
877	2467
2496	1785
1785	2496
4970	16
16	4970
1929	3105
3105	1929
1567	3873
3873	1567
621	545
545	621
2001	2464
2464	2001
1162	4970
4970	1162
2653	3916
3916	2653
4276	1764
1764	4276
3112	2001
2001	3112
1567	1950
1950	1567
2619	2287
2287	2619
2447	4276
4276	2447
4276	640
640	4276
741	933
933	741
5235	3105
3105	5235
3112	1162
1162	3112
1769	1828
1828	1769
3255	2619
2619	3255
1901	5079
5079	1901
1162	4276
4276	1162
1898	1634
1634	1898
3543	1351
1351	3543
4933	1358
1358	4933
982	3235
3235	982
3166	111
111	3166
4229	1384
1384	4229
4188	2509
2509	4188
1511	235
235	1511
1150	1898
1898	1150
40	312
312	40
1567	3673
3673	1567
4062	1950
1950	4062
2983	238
238	2983
1162	1567
1567	1162
4276	3844
3844	4276
1898	3235
3235	1898
2981	4627
4627	2981
4481	2496
2496	4481
457	4933
4933	457
3616	933
933	3616
4481	2824
2824	4481
4937	4630
4630	4937
5	4062
4062	5
1720	3916
3916	1720
4376	3251
3251	4376
504	3873
3873	504
5107	3616
3616	5107
1162	1714
1714	1162
1517	3673
3673	1517
1251	3320
3320	1251
1567	976
976	1567
3065	1567
1567	3065
1254	4062
4062	1254
583	1567
1567	583
2884	545
545	2884
1786	677
677	1786
2467	4314
4314	2467
804	1720
1720	804
2619	1604
1604	2619
2619	4697
4697	2619
4355	1567
1567	4355
1434	4697
4697	1434
2653	238
238	2653
3582	1119
1119	3582
1463	3616
3616	1463
1251	1358
1358	1251
40	3465
3465	40
3166	3673
3673	3166
2824	5032
5032	2824
4697	3112
3112	4697
2509	4621
4621	2509
1720	3112
3112	1720
1067	1511
1511	1067
5121	4506
4506	5121
5079	4188
4188	5079
2041	3195
3195	2041
2884	1714
1714	2884
1567	4627
4627	1567
2480	1162
1162	2480
3724	4347
4347	3724
2875	2287
2287	2875
1511	5235
5235	1511
2794	1634
1634	2794
2689	746
746	2689
208	3065
3065	208
1901	2653
2653	1901
4355	4933
4933	4355
3582	741
741	3582
4276	2619
2619	4276
4826	3145
3145	4826
1358	4248
4248	1358
4347	845
845	4347
3112	3166
3166	3112
5235	545
545	5235
3982	5235
5235	3982
4937	3673
3673	4937
1567	2733
2733	1567
2391	3465
3465	2391
5037	3543
3543	5037
1824	1358
1358	1824
5149	5212
5212	5149
5032	1764
1764	5032
1463	621
621	1463
4276	3537
3537	4276
1929	4355
4355	1929
5032	3195
3195	5032
1524	4506
4506	1524
4000	1791
1791	4000
2444	2562
2562	2444
1720	2884
2884	1720
3608	922
922	3608
4697	4347
4347	4697
1463	4888
4888	1463
4503	1254
1254	4503
208	3616
3616	208
4238	1605
1605	4238
4481	4276
4276	4481
313	4225
4225	313
922	313
313	922
4886	1093
1093	4886
456	111
111	456
5292	1764
1764	5292
2420	2681
2681	2420
1605	746
746	1605
457	3253
3253	457
40	457
457	40
1720	1650
1650	1720
3112	1714
1714	3112
1093	3316
3316	1093
4970	677
677	4970
4225	4371
4371	4225
2287	4314
4314	2287
4275	2850
2850	4275
1823	640
640	1823
4481	4446
4446	4481
976	5140
5140	976
4697	545
545	4697
982	877
877	982
456	1463
1463	456
3251	3105
3105	3251
1251	1634
1634	1251
2380	1517
1517	2380
3844	2619
2619	3844
5079	3320
3320	5079
1517	1929
1929	1517
3543	1791
1791	3543
3537	4621
4621	3537
4000	1251
1251	4000
3235	1434
1434	3235
4481	4888
4888	4481
677	2172
2172	677
4062	3724
3724	4062
1605	4621
4621	1605
1567	4937
4937	1567
50	3634
3634	50
4772	312
312	4772
4826	1604
1604	4826
1823	4062
4062	1823
4697	1915
1915	4697
1828	933
933	1828
3345	2287
2287	3345
1958	4446
4446	1958
2983	1567
1567	2983
1434	3844
3844	1434
1547	2423
2423	1547
1769	5037
5037	1769
4225	1567
1567	4225
1714	504
504	1714
3582	3916
3916	3582
1342	3217
3217	1342
2612	4062
4062	2612
1720	976
976	1720
2556	3105
3105	2556
3195	2444
2444	3195
1212	4188
4188	1212
3105	1463
1463	3105
3145	1567
1567	3145
4772	4238
4238	4772
1212	4970
4970	1212
804	3582
3582	804
2007	1358
1358	2007
1847	1950
1950	1847
111	4937
4937	111
1634	1640
1640	1634
1434	5149
5149	1434
2344	1535
1535	2344
4062	4248
4248	4062
804	982
982	804
5	1605
1605	5
3673	2850
2850	3673
804	2496
2496	804
1511	1358
1358	1511
804	2824
2824	804
1524	4475
4475	1524
2619	545
545	2619
4937	1828
1828	4937
2689	4255
4255	2689
1530	1650
1650	1530
16	5149
5149	16
583	1254
1254	583
1915	4000
4000	1915
40	313
313	40
1463	4371
4371	1463
3864	1847
1847	3864
2391	545
545	2391
1119	3844
3844	1119
4188	2689
2689	4188
1251	4238
4238	1251
5	3105
3105	5
111	1547
1547	111
5	1604
1604	5
4569	4970
4970	4569
2380	1358
1358	2380
4772	741
741	4772
3844	4937
4937	3844
1082	4238
4238	1082
1463	4062
4062	1463
1567	1093
1093	1567
3916	5235
5235	3916
1791	4627
4627	1791
4355	1413
1413	4355
1846	545
545	1846
804	5292
5292	804
1517	1567
1567	1517
2314	2480
2480	2314
1514	1212
1212	1514
40	1517
1517	40
1720	4621
4621	1720
804	3235
3235	804
1254	4355
4355	1254
2689	1791
1791	2689
1530	5235
5235	1530
1463	2681
2681	1463
545	2794
2794	545
3916	2480
2480	3916
1093	4697
4697	1093
3543	4630
4630	3543
4255	804
804	4255
4627	3166
3166	4627
2391	2509
2509	2391
1162	5149
5149	1162
2875	1351
1351	2875
4772	3582
3582	4772
4621	4446
4446	4621
2467	746
746	2467
1567	2007
2007	1567
785	2540
2540	785
785	2733
2733	785
2653	2380
2380	2653
4621	677
677	4621
3608	1898
1898	3608
1901	578
578	1901
1150	5212
5212	1150
5286	1162
1162	5286
3255	1714
1714	3255
2983	5008
5008	2983
3841	2884
2884	3841
4275	4970
4970	4275
16	4826
4826	16
597	640
640	597
5079	1535
1535	5079
1567	2653
2653	1567
4933	3673
3673	4933
1384	4446
4446	1384
1720	5212
5212	1720
4276	4888
4888	4276
2562	4347
4347	2562
2726	2522
2522	2726
1254	621
621	1254
40	1824
1824	40
2733	1720
1720	2733
1463	5212
5212	1463
4248	3345
3345	4248
1791	208
208	1791
4000	578
578	4000
1212	3543
3543	1212
1847	3253
3253	1847
545	3320
3320	545
4481	1434
1434	4481
3105	3320
3320	3105
2496	982
982	2496
504	2391
2391	504
2287	1714
1714	2287
1791	1358
1358	1791
1463	3537
3537	1463
4506	1251
1251	4506
1574	2391
2391	1574
4888	5149
5149	4888
1567	235
235	1567
5	1212
1212	5
2172	4225
4225	2172
4826	922
922	4826
1785	4229
4229	1785
1254	1413
1413	1254
1785	1901
1901	1785
2983	982
982	2983
2420	1075
1075	2420
1351	3112
3112	1351
1898	2562
2562	1898
621	3345
3345	621
4255	4248
4248	4255
4630	3235
3235	4630
4697	2756
2756	4697
1463	2344
2344	1463
2464	3217
3217	2464
804	746
746	804
4630	922
922	4630
4481	1604
1604	4481
111	1517
1517	111
3316	1898
1898	3316
5032	3756
3756	5032
2119	4503
4503	2119
457	4475
4475	457
1254	4937
4937	1254
3916	1650
1650	3916
2562	3608
3608	2562
1650	312
312	1650
1067	1769
1769	1067
2287	4970
4970	2287
3844	3916
3916	3844
2287	1212
1212	2287
3916	2850
2850	3916
2447	3320
3320	2447
1605	677
677	1605
922	545
545	922
4937	4248
4248	4937
1517	621
621	1517
3873	2041
2041	3873
2540	4630
4630	2540
804	4248
4248	804
597	5140
5140	597
3982	3065
3065	3982
804	3145
3145	804
4225	5235
5235	4225
40	2653
2653	40
2875	1769
1769	2875
4446	1828
1828	4446
1567	4621
4621	1567
1720	1605
1605	1720
982	1434
1434	982
1082	3916
3916	1082
4225	4376
4376	4225
5	2420
2420	5
1898	4255
4255	1898
1720	1547
1547	1720
1093	2447
2447	1093
2467	3320
3320	2467
2681	3465
3465	2681
2420	4970
4970	2420
5032	3537
3537	5032
4937	1358
1358	4937
16	3864
3864	16
1929	1901
1901	1929
1567	1901
1901	1567
1567	3608
3608	1567
1514	1901
1901	1514
1384	1567
1567	1384
2119	4255
4255	2119
2981	741
741	2981
2689	2467
2467	2689
3841	4627
4627	3841
4000	4225
4225	4000
4062	4371
4371	4062
1463	922
922	1463
3537	4937
4937	3537
3864	3537
3537	3864
1162	4225
4225	1162
5149	1785
1785	5149
3072	5140
5140	3072
2116	2522
2522	2116
2556	3320
3320	2556
1384	4276
4276	1384
1511	3543
3543	1511
2562	4503
4503	2562
1036	1517
1517	1036
3844	2850
2850	3844
1535	4225
4225	1535
2380	2344
2344	2380
3844	1824
1824	3844
4225	877
877	4225
1785	1824
1824	1785
1358	3065
3065	1358
4569	3673
3673	4569
3465	1901
1901	3465
2689	2116
2116	2689
3195	2562
2562	3195
5292	2467
2467	5292
3316	2344
2344	3316
1650	2884
2884	1650
4225	1574
1574	4225
3195	1634
1634	3195
2653	1634
1634	2653
4276	1898
1898	4276
1846	1604
1604	1846
1093	3235
3235	1093
3112	2119
2119	3112
5121	1254
1254	5121
4697	3864
3864	4697
4630	4347
4347	4630
5121	2562
2562	5121
1530	3537
3537	1530
4481	2467
2467	4481
1511	2287
2287	1511
1413	2612
2612	1413
3673	2689
2689	3673
4630	1714
1714	4630
1511	3235
3235	1511
4255	5286
5286	4255
5149	3916
3916	5149
1898	5037
5037	1898
578	3916
3916	578
2391	2041
2041	2391
1605	1714
1714	1605
1640	1720
1720	1640
4888	2733
2733	4888
1434	877
877	1434
4355	5149
5149	4355
3217	3195
3195	3217
4446	504
504	4446
1915	1212
1212	1915
1915	2041
2041	1915
2689	3537
3537	2689
5121	4314
4314	5121
4062	4569
4569	4062
1567	4886
4886	1567
4446	578
578	4446
4188	1574
1574	4188
3844	5212
5212	3844
2619	1901
1901	2619
4255	4630
4630	4255
5283	3195
3195	5283
3235	597
597	3235
4225	5292
5292	4225
5	4621
4621	5
3072	1342
1342	3072
5140	2119
2119	5140
2496	1463
1463	2496
3616	1036
1036	3616
4275	1824
1824	4275
1846	2287
2287	1846
2391	4503
4503	2391
2983	2689
2689	2983
5149	1898
1898	5149
785	2172
2172	785
4718	3105
3105	4718
1162	1517
1517	1162
3582	3105
3105	3582
3982	1251
1251	3982
4225	982
982	4225
1517	5037
5037	1517
621	2522
2522	621
1958	2391
2391	1958
3320	2612
2612	3320
4276	4238
4238	4276
3235	4248
4248	3235
1823	1384
1384	1823
2689	1605
1605	2689
1714	5140
5140	1714
5	5212
5212	5
2116	1517
1517	2116
3844	2444
2444	3844
2041	1605
1605	2041
3916	4248
4248	3916
4630	1358
1358	4630
1898	3105
3105	1898
4062	1511
1511	4062
2875	4225
4225	2875
2467	982
982	2467
4000	2824
2824	4000
4503	5140
5140	4503
1791	1567
1567	1791
4276	4506
4506	4276
1828	4569
4569	1828
1075	17
17	1075
3982	208
208	3982
4627	1547
1547	4627
5212	1567
1567	5212
16	1067
1067	16
3345	2464
2464	3345
2556	5235
5235	2556
1434	1929
1929	1434
2619	3320
3320	2619
5212	1358
1358	5212
1650	741
741	1650
2689	4347
4347	2689
804	456
456	804
4886	4692
4692	4886
457	2344
2344	457
1524	4371
4371	1524
3543	4225
4225	3543
2645	238
238	2645
3112	5107
5107	3112
3841	1517
1517	3841
2116	5008
5008	2116
1824	16
16	1824
4275	746
746	4275
111	504
504	111
804	5283
5283	804
3465	3105
3105	3465
765	1958
1958	765
3616	3756
3756	3616
1567	5286
5286	1567
3756	2756
2756	3756
4225	746
746	4225
4229	3251
3251	4229
2850	1384
1384	2850
545	2380
2380	545
4697	4475
4475	4697
3673	1604
1604	3673
1847	3537
3537	1847
1605	3320
3320	1605
4225	4275
4275	4225
40	5292
5292	40
3582	1150
1150	3582
877	3105
3105	877
4503	1901
1901	4503
2391	111
111	2391
4937	1547
1547	4937
1567	3253
3253	1567
1604	1082
1082	1604
1634	4475
4475	1634
2562	1342
1342	2562
5212	1929
1929	5212
4933	4347
4347	4933
1605	3235
3235	1605
4225	1358
1358	4225
3345	457
457	3345
597	4506
4506	597
4888	111
111	4888
1714	1358
1358	1714
3195	1898
1898	3195
4225	4248
4248	4225
982	4248
4248	982
2423	1384
1384	2423
1898	746
746	1898
3864	2391
2391	3864
804	2612
2612	804
1604	238
238	1604
2556	4255
4255	2556
1567	2850
2850	1567
4697	4503
4503	4697
3112	2619
2619	3112
2562	2001
2001	2562
2522	238
238	2522
4481	3982
3982	4481
312	1162
1162	312
3724	5212
5212	3724
4446	597
597	4446
3112	16
16	3112
4225	1413
1413	4225
2824	4225
4225	2824
2875	3916
3916	2875
4937	504
504	4937
4225	2464
2464	4225
1517	1785
1785	1517
3255	1150
1150	3255
2619	4630
4630	2619
1547	4347
4347	1547
1547	5037
5037	1547
4347	2001
2001	4347
2447	3316
3316	2447
5032	2619
2619	5032
1567	1898
1898	1567
1634	3724
3724	1634
1212	3255
3255	1212
2983	5
5	2983
2681	3844
3844	2681
2556	1251
1251	2556
235	3673
3673	235
1634	1358
1358	1634
1547	4933
4933	1547
2496	4276
4276	2496
2464	3072
3072	2464
3112	922
922	3112
2653	2556
2556	2653
1075	3217
3217	1075
2556	2467
2467	2556
4347	583
583	4347
3844	3873
3873	3844
1791	4630
4630	1791
1847	922
922	1847
5121	4371
4371	5121
785	1714
1714	785
1567	1634
1634	1567
2041	3072
3072	2041
3316	4888
4888	3316
1535	4886
4886	1535
1929	4970
4970	1929
1915	3105
3105	1915
1517	3465
3465	1517
1574	4255
4255	1574
1915	1358
1358	1915
1823	545
545	1823
1567	1038
1038	1567
3673	1901
1901	3673
1846	1517
1517	1846
2689	1898
1898	2689
4937	4970
4970	4937
4225	3616
3616	4225
1720	4275
4275	1720
40	4886
4886	40
2119	1254
1254	2119
17	1162
1162	17
1791	877
877	1791
1463	4692
4692	1463
877	4970
4970	877
4630	2983
2983	4630
1846	4276
4276	1846
457	1384
1384	457
457	4225
4225	457
4697	1898
1898	4697
1720	1358
1358	1720
2344	2756
2756	2344
2444	3166
3166	2444
982	4355
4355	982
4276	2001
2001	4276
1358	1567
1567	1358
4355	1714
1714	4355
3166	1785
1785	3166
5	677
677	5
3982	1847
1847	3982
933	545
545	933
1786	4225
4225	1786
2562	982
982	2562
1463	4225
4225	1463
2619	3841
3841	2619
3316	4238
4238	3316
2850	3320
3320	2850
3864	2509
2509	3864
3756	4355
4355	3756
1785	313
313	1785
2981	1511
1511	2981
2619	3673
3673	2619
4238	2423
2423	4238
2689	1786
1786	2689
40	1823
1823	40
2287	16
16	2287
4000	5212
5212	4000
1791	1605
1605	1791
1567	3465
3465	1567
456	1786
1786	456
5	2726
2726	5
4062	4937
4937	4062
235	746
746	235
2119	4347
4347	2119
933	785
785	933
3345	4225
4225	3345
4062	5286
5286	4062
1901	1549
1549	1901
50	4970
4970	50
4627	2522
2522	4627
3543	545
545	3543
4481	5037
5037	4481
5079	1898
1898	5079
1567	4503
4503	1567
1358	2794
2794	1358
313	2850
2850	313
4630	1514
1514	4630
2496	2824
2824	2496
4718	3465
3465	4718
1511	877
877	1511
3105	4621
4621	3105
2041	922
922	2041
4506	1351
1351	4506
1791	2420
2420	1791
2540	1251
1251	2540
3112	2172
2172	3112
2875	3320
3320	2875
2726	4772
4772	2726
621	1384
1384	621
621	1251
1251	621
4481	4225
4225	4481
313	4188
4188	313
4475	5235
5235	4475
1254	4275
4275	1254
3320	1082
1082	3320
5121	4933
4933	5121
804	4630
4630	804
1823	1714
1714	1823
2540	2467
2467	2540
4229	1511
1511	4229
1535	1075
1075	1535
5079	3465
3465	5079
4225	1634
1634	4225
4225	2001
2001	4225
3316	4255
4255	3316
804	3756
3756	804
677	3841
3841	677
4630	2119
2119	4630
4772	3616
3616	4772
3105	545
545	3105
1093	4276
4276	1093
3255	2444
2444	3255
1650	4229
4229	1650
3582	1251
1251	3582
1605	2522
2522	1605
2562	621
621	2562
5008	4481
4481	5008
1786	3235
3235	1786
2824	545
545	2824
4697	3537
3537	4697
933	3255
3255	933
1846	5212
5212	1846
4886	4225
4225	4886
4826	3982
3982	4826
1119	1915
1915	1119
1650	2007
2007	1650
2619	1634
1634	2619
5149	922
922	5149
3145	1358
1358	3145
238	4371
4371	238
3112	4933
4933	3112
4000	4970
4970	4000
4506	5079
5079	4506
4314	3320
3320	4314
4276	1786
1786	4276
4255	4371
4371	4255
2612	545
545	2612
1720	3864
3864	1720
1254	1650
1650	1254
4225	5037
5037	4225
4933	3982
3982	4933
1720	2756
2756	1720
2689	3320
3320	2689
3316	4225
4225	3316
3844	4225
4225	3844
640	1898
1898	640
111	1150
1150	111
1514	1567
1567	1514
4569	3465
3465	4569
5235	1847
1847	5235
1511	1898
1898	1511
741	5037
5037	741
4503	2884
2884	4503
3916	1714
1714	3916
2391	3320
3320	2391
4225	4314
4314	4225
4225	4446
4446	4225
313	238
238	313
40	4503
4503	40
16	5283
5283	16
3864	1530
1530	3864
877	4371
4371	877
5212	578
578	5212
982	4446
4446	982
1764	1119
1119	1764
1150	2423
2423	1150
2447	5235
5235	2447
2540	2556
2556	2540
2733	640
640	2733
3982	1605
1605	3982
2420	2287
2287	2420
1650	1901
1901	1650
5286	3065
3065	5286
3543	621
621	3543
1769	2380
2380	1769
804	4314
4314	804
2172	1567
1567	2172
765	3235
3235	765
4225	2612
2612	4225
4225	2041
2041	4225
1413	2726
2726	1413
4188	457
457	4188
1720	3253
3253	1720
4481	1358
1358	4481
2824	1251
1251	2824
1549	2001
2001	1549
2041	3145
3145	2041
2983	2496
2496	2983
3537	1764
1764	3537
4000	4621
4621	4000
2496	3916
3916	2496
3345	2540
2540	3345
4503	3873
3873	4503
2480	2689
2689	2480
456	2619
2619	456
3255	4446
4446	3255
4276	4225
4225	4276
3112	1824
1824	3112
982	545
545	982
1769	1846
1846	1769
4276	3320
3320	4276
2884	2420
2420	2884
3235	17
17	3235
2689	1162
1162	2689
1517	3320
3320	1517
40	2726
2726	40
621	4314
4314	621
2983	4347
4347	2983
4718	40
40	4718
3582	1544
1544	3582
1358	3072
3072	1358
1093	4255
4255	1093
2420	2562
2562	2420
1846	3065
3065	1846
1038	3316
3316	1038
2444	5037
5037	2444
2619	4062
4062	2619
2556	3756
3756	2556
1413	1640
1640	1413
922	1605
1605	922
3112	4062
4062	3112
2875	2007
2007	2875
2681	5032
5032	2681
3873	3195
3195	3873
2689	1384
1384	2689
1846	40
40	1846
2689	4225
4225	2689
2794	2496
2496	2794
2287	3724
3724	2287
2420	4630
4630	2420
1720	4446
4446	1720
4481	1463
1463	4481
4481	3105
3105	4481
2983	1067
1067	2983
4275	2344
2344	4275
1524	1254
1254	1524
2540	1212
1212	2540
1434	3320
3320	1434
5	1517
1517	5
2689	1604
1604	2689
578	1036
1036	578
16	4276
4276	16
3112	3065
3065	3112
2824	4621
4621	2824
2391	1929
1929	2391
1898	3320
3320	1898
1567	4376
4376	1567
2116	741
741	2116
3873	2645
2645	3873
1567	3634
3634	1567
2726	2824
2824	2726
2733	4970
4970	2733
2619	804
804	2619
5107	1823
1823	5107
1082	1358
1358	1082
235	2467
2467	235
4225	4933
4933	4225
1901	111
111	1901
5292	5283
5283	5292
1786	3255
3255	1786
40	1254
1254	40
2612	4621
4621	2612
4718	1567
1567	4718
1254	2981
2981	1254
4347	982
982	4347
1036	2314
2314	1036
3864	4888
4888	3864
1535	2007
2007	1535
3065	4229
4229	3065
2689	1824
1824	2689
1634	4446
4446	1634
4970	5008
5008	4970
1463	4630
4630	1463
1547	2824
2824	1547
3537	4970
4970	3537
5212	3105
3105	5212
677	5032
5032	677
4225	4255
4255	4225
457	3537
3537	457
5	4937
4937	5
5235	1828
1828	5235
2116	933
933	2116
2314	1785
1785	2314
1824	2001
2001	1824
2344	1544
1544	2344
1567	1785
1785	1567
4888	4569
4569	4888
2562	1785
1785	2562
1251	4569
4569	1251
2983	5235
5235	2983
1604	677
677	1604
1254	4446
4446	1254
578	1351
1351	578
976	545
545	976
2509	1567
1567	2509
4937	238
238	4937
3166	4475
4475	3166
2480	2116
2116	2480
4225	1958
1958	4225
2496	5
5	2496
3537	621
621	3537
4481	2875
2875	4481
1567	238
238	1567
1898	2653
2653	1898
1714	1847
1847	1714
2612	1605
1605	2612
1574	2562
2562	1574
3537	4371
4371	3537
4937	1720
1720	4937
1517	2612
2612	1517
3844	3255
3255	3844
1567	4238
4238	1567
597	4503
4503	597
2119	1358
1358	2119
3166	457
457	3166
2509	2645
2645	2509
4503	111
111	4503
1150	3105
3105	1150
5107	17
17	5107
1358	1514
1514	1358
1463	4970
4970	1463
3844	3537
3537	3844
2562	4630
4630	2562
4481	4314
4314	4481
3316	877
877	3316
1823	3112
3112	1823
1463	4621
4621	1463
1093	877
877	1093
1958	16
16	1958
1093	4225
4225	1093
2447	1530
1530	2447
456	4376
4376	456
1547	1898
1898	1547
4225	2287
2287	4225
3345	1714
1714	3345
4481	4238
4238	4481
2380	4225
4225	2380
804	3316
3316	804
1720	4276
4276	1720
2689	1251
1251	2689
2562	4248
4248	2562
1212	4621
4621	1212
1547	4062
4062	1547
1530	5107
5107	1530
741	1634
1634	741
2645	2119
2119	2645
4225	1251
1251	4225
1567	2287
2287	1567
4276	1634
1634	4276
4276	877
877	4276
2314	1549
1549	2314
1517	2681
2681	1517
5235	4248
4248	5235
3465	3673
3673	3465
3582	2562
2562	3582
1791	2733
2733	1791
2420	2983
2983	2420
3673	3320
3320	3673
40	1358
1358	40
2447	4621
4621	2447
3673	1358
1358	3673
3112	1650
1650	3112
3864	2562
2562	3864
4886	2562
2562	4886
456	1604
1604	456
1075	5037
5037	1075
4225	4347
4347	4225
1929	976
976	1929
3537	640
640	3537
1574	3316
3316	1574
2480	313
313	2480
4888	2645
2645	4888
2875	933
933	2875
1823	4248
4248	1823
4481	238
238	4481
5121	2794
2794	5121
1434	1824
1824	1434
1604	3253
3253	1604
3844	4446
4446	3844
2007	1828
1828	2007
2119	4225
4225	2119
1530	621
621	1530
2116	1547
1547	2116
3537	677
677	3537
4621	4970
4970	4621
3235	2480
2480	3235
1915	2007
2007	1915
4630	677
677	4630
3105	4503
4503	3105
1567	4692
4692	1567
2884	1605
1605	2884
1119	312
312	1119
4481	1898
1898	4481
4225	1605
1605	4225
5037	3253
3253	5037
3844	922
922	3844
4276	1251
1251	4276
578	1898
1898	578
3634	208
208	3634
1604	2509
2509	1604
1530	2444
2444	1530
2447	1605
1605	2447
2794	1720
1720	2794
765	1384
1384	765
1511	208
208	1511
1384	4886
4886	1384
4276	4630
4630	4276
3235	1769
1769	3235
40	5212
5212	40
845	1251
1251	845
1791	1162
1162	1791
1254	4347
4347	1254
4255	4238
4238	4255
4276	3235
3235	4276
1517	1547
1547	1517
2001	1901
1901	2001
4229	785
785	4229
3844	2884
2884	3844
1067	1567
1567	1067
40	3537
3537	40
3345	1254
1254	3345
1434	3195
3195	1434
5107	1786
1786	5107
4886	4503
4503	4886
2540	1511
1511	2540
2562	1901
1901	2562
2884	4627
4627	2884
5212	2619
2619	5212
3864	1714
1714	3864
2612	2041
2041	2612
3916	1898
1898	3916
4276	4446
4446	4276
4697	4225
4225	4697
1463	1604
1604	1463
982	5286
5286	982
1530	2884
2884	1530
5032	456
456	5032
2420	1650
1650	2420
4275	4503
4503	4275
1846	4506
4506	1846
1251	3195
3195	1251
933	4238
4238	933
1413	982
982	1413
578	1915
1915	578
2001	1384
1384	2001
2726	4000
4000	2726
4475	2756
2756	4475
640	1254
1254	640
3608	2756
2756	3608
1958	3873
3873	1958
1791	1901
1901	1791
3844	1358
1358	3844
4772	4970
4970	4772
3982	4255
4255	3982
4718	1082
1082	4718
1791	597
597	1791
1824	3543
3543	1824
3864	1604
1604	3864
3864	4347
4347	3864
4225	2444
2444	4225
4347	2172
2172	4347
1898	5212
5212	1898
1150	5037
5037	1150
3112	1567
1567	3112
3065	3864
3864	3065
4826	4886
4886	4826
2733	1351
1351	2733
746	3841
3841	746
1604	1358
1358	1604
4062	3320
3320	4062
1517	2733
2733	1517
5283	1358
1358	5283
3864	5121
5121	3864
1847	3145
3145	1847
4276	1075
1075	4276
1720	2509
2509	1720
4000	3112
3112	4000
2612	1901
1901	2612
1251	3105
3105	1251
1549	1714
1714	1549
1714	4503
4503	1714
1764	2756
2756	1764
4569	3235
3235	4569
5032	4225
4225	5032
4826	2612
2612	4826
40	1530
1530	40
1828	3873
3873	1828
1786	1915
1915	1786
2689	5283
5283	2689
4937	4627
4627	4937
1824	5212
5212	1824
4506	456
456	4506
312	3543
3543	312
3844	2287
2287	3844
1786	2007
2007	1786
1547	3864
3864	1547
5292	2681
2681	5292
1547	1785
1785	1547
1511	4225
4225	1511
804	1785
1785	804
1950	1093
1093	1950
1351	4718
4718	1351
2981	5
5	2981
1511	4314
4314	1511
2612	4000
4000	2612
621	3320
3320	621
3345	2509
2509	3345
3864	976
976	3864
1093	2467
2467	1093
3582	2653
2653	3582
3844	1786
1786	3844
4718	2850
2850	4718
1567	1847
1847	1567
578	3673
3673	578
5	456
456	5
2447	982
982	2447
1791	4446
4446	1791
2733	1463
1463	2733
1634	677
677	1634
5008	2287
2287	5008
2645	4255
4255	2645
1413	4229
4229	1413
2007	3673
3673	2007
4275	1650
1650	4275
877	4248
4248	877
1714	3217
3217	1714
3320	4569
4569	3320
2681	4621
4621	2681
2981	111
111	2981
2981	2612
2612	2981
1847	1823
1823	1847
16	1119
1119	16
4255	4446
4446	4255
4275	4621
4621	4275
583	2119
2119	583
3982	238
238	3982
3112	2420
2420	3112
3537	2001
2001	3537
1463	3320
3320	1463
4276	1958
1958	4276
3105	1901
1901	3105
2726	4888
4888	2726
1604	2119
2119	1604
1150	2983
2983	1150
976	1714
1714	976
804	3543
3543	804
2794	5149
5149	2794
3916	2645
2645	3916
1119	804
804	1119
2467	2612
2612	2467
1162	3844
3844	1162
1463	4276
4276	1463
4238	1254
1254	4238
1714	4970
4970	1714
1463	2850
2850	1463
4225	5008
5008	4225
1251	1958
1958	1251
5212	3320
3320	5212
1038	5
5	1038
1463	3844
3844	1463
5212	1342
1342	5212
1898	1958
1958	1898
4371	1514
1514	4371
5149	1604
1604	5149
877	1067
1067	877
208	2981
2981	208
1791	2001
2001	1791
4697	17
17	4697
621	1901
1901	621
1929	3873
3873	1929
1791	3112
3112	1791
3844	2562
2562	3844
4933	2007
2007	4933
3235	4376
4376	3235
1846	1358
1358	1846
4276	5212
5212	4276
2540	4225
4225	2540
1524	1634
1634	1524
583	4276
4276	583
4697	1119
1119	4697
2420	3873
3873	2420
1720	4371
4371	1720
2391	4937
4937	2391
1351	4248
4248	1351
1567	1254
1254	1567
1119	1898
1898	1119
3345	4276
4276	3345
1544	2824
2824	1544
1517	1901
1901	1517
5032	5235
5235	5032
5032	4621
4621	5032
111	2612
2612	111
4000	3465
3465	4000
4376	2041
2041	4376
1254	1901
1901	1254
4630	4314
4314	4630
3072	621
621	3072
2444	2423
2423	2444
3253	741
741	3253
4275	4937
4937	4275
5032	4888
4888	5032
5037	1463
1463	5037
2119	1574
1574	2119
1342	4248
4248	1342
3841	3582
3582	3841
3537	1547
1547	3537
1634	4970
4970	1634
785	746
746	785
3320	1358
1358	3320
2824	4238
4238	2824
1720	2001
2001	1720
1950	1574
1574	1950
2172	4062
4062	2172
4255	1358
1358	4255
3145	2380
2380	3145
4276	1358
1358	4276
1150	4188
4188	1150
4225	2391
2391	4225
785	2116
2116	785
3345	1463
1463	3345
1434	5037
5037	1434
2983	4503
4503	2983
2444	922
922	2444
4000	5121
5121	4000
1950	976
976	1950
1511	1847
1847	1511
5212	2612
2612	5212
5037	3864
3864	5037
40	4481
4481	40
2645	877
877	2645
457	4276
4276	457
1463	1342
1342	1463
4225	1915
1915	4225
2116	4225
4225	2116
1901	1524
1524	1901
1567	597
597	1567
4248	785
785	4248
4481	3316
3316	4481
2314	4970
4970	2314
2733	3253
3253	2733
