50	1093	0.0
4621	2612	0.0
3253	2556	0.0
4225	312	0.0
5149	5008	0.400954704294
2420	1567	0.0
1384	1929	0.428118498988
1384	313	0.0
640	5008	0.0
4225	5079	0.400954704294
4933	1547	0.0
1358	2391	0.422870924391
4276	1720	0.0
4276	2689	0.400954704294
2733	4225	0.412064003149
4225	2444	0.581525854013
3543	4630	0.414707780015
2619	3112	0.414707780015
3873	3841	0.545504075387
4970	4697	0.0
3844	3255	0.0
2496	4718	0.308855946003
1517	2794	0.0
4229	5037	0.0
3255	1212	0.0
1714	1434	0.0
4314	621	0.0
1517	3864	0.33369938553
5121	4000	0.389607197826
1764	5079	0.383468311968
583	1567	0.0
40	4000	0.393470520547
3673	4630	0.0
1351	4506	0.394983107738
2496	2653	0.0
1574	4188	0.581525854013
2007	4481	0.0
1358	1463	0.316551107299
2689	2480	0.400954704294
982	1791	0.40730493696
5140	1714	0.0
4248	2756	0.0
933	2875	0.0
1517	1567	0.314045960917
922	4630	0.389454310305
2756	1567	0.0
4255	4371	0.0
1254	2496	0.0
1251	3582	0.394983107738
2007	2875	0.0
4933	3543	0.414707780015
1824	5008	0.400954704294
4481	4888	0.0
1915	3844	0.0
3072	235	0.0
1358	1764	0.401545371648
1036	2981	0.0
545	922	0.334318546698
1929	1150	0.581525854013
3345	1549	0.0
1824	16	0.0
3253	597	0.0
17	785	0.335293690698
3255	2314	0.0
2509	4886	0.0
5	456	0.349563675618
4225	5283	0.412064003149
1119	5037	0.0
4225	2467	0.0
578	2726	0.417053772692
4692	5	0.0
1950	4475	0.0
4225	2562	0.400954704294
4692	4886	0.0
1358	2756	0.0
2001	3112	0.0
17	1929	0.400954704294
1720	3537	0.0
111	2612	0.0
3253	1530	0.370529081474
2875	208	0.0
4276	1958	0.400954704294
2041	2380	0.0
933	4062	0.376502964507
3844	845	0.422870924391
741	1413	0.436263721365
4255	2119	0.0
3320	1413	0.409022306058
4248	5235	0.0
5079	312	0.0
312	1434	0.0
2391	3841	0.778040308207
1254	2423	0.0
2391	3844	0.422870924391
2689	1604	0.400954704294
1898	3195	0.0
1650	1434	0.0
4062	5286	0.394983107738
1038	4188	0.0
1720	5032	0.0
1898	3105	0.0
1824	1162	0.317829999478
1764	4481	0.0
2447	3982	0.0
1650	4481	0.0
2733	4376	0.402228615893
5079	3253	0.318224788754
3864	2420	0.0
208	4255	0.0
1605	677	0.0
1650	4062	0.0
1898	1150	0.0
1640	4225	0.409264053212
1067	1567	0.0
2467	746	0.0
1786	4276	0.0
2556	5235	0.0
3864	3673	0.0
235	3673	0.0
4225	4355	0.0
4933	2756	0.0
17	1212	0.369111709488
621	5008	0.0
545	1463	0.327115850889
3608	1544	0.0
1358	4255	0.0
1075	1567	0.0
1824	741	0.412064003149
16	1958	0.0
4225	4000	0.398225058193
3864	2756	0.0
4255	4481	0.0
2007	583	0.0
1511	578	0.0
1847	3537	0.0
1764	1898	0.0
5212	1524	0.0
1036	922	0.0
1824	5	0.362635297627
1901	2619	0.0
545	2041	0.0
578	3916	0.40730493696
1067	785	0.0
2850	457	0.398225058193
1036	2391	0.0
1254	4888	0.0
1764	3320	0.390182738778
2172	2726	0.0
1082	1847	0.0
3235	1535	0.0
597	2681	0.0
1720	4475	0.0
4276	2001	0.0
3316	4888	0.445145284398
3864	5121	0.376735004542
40	1254	0.0
5	2756	0.0
208	3982	0.0
1384	621	0.0
1846	2287	0.397684439033
2689	3320	0.383468311968
1786	4225	0.0
3345	1254	0.0
3316	4475	0.320646036363
5032	597	0.0
3873	504	1.0
1823	4248	0.581525854013
1517	2380	0.33740687597
3235	2480	0.0
1769	4276	0.371729594468
3844	2444	0.424152175826
1898	2480	0.0
50	5283	0.400954704294
1530	1463	0.347621742166
5	4630	0.438172980912
1517	1929	0.391593507421
1915	4888	0.0
4446	3673	0.0
1358	1929	0.422870924391
1605	5	0.0
3844	877	0.0
1714	4621	0.0
1824	1434	0.412064003149
40	1413	0.436263721365
1524	4371	0.0
1650	1254	0.0
4314	1384	0.350789142949
2467	235	0.0
3873	578	0.581525854013
4225	5235	0.0
3320	4630	0.409022306058
1413	2619	0.400954704294
2689	2001	0.0
1254	1251	0.0
5121	3253	0.394379173612
4937	4886	0.42109586559
1898	3320	0.0
1604	4481	0.0
1251	3320	0.378454369114
1358	3072	0.424152175826
578	1898	0.0
2850	1567	0.366149275003
2467	4248	0.0
1463	4371	0.0
4933	4347	0.0
1036	2116	0.0
3616	1036	0.0
3844	3582	0.413428333584
1714	2380	0.0
1574	3253	0.411063265319
1574	2562	0.401989192066
1823	1714	0.0
1901	1785	0.0
1514	4627	0.0
2556	3756	0.0
2981	4627	0.0
3320	2041	0.0
40	1517	0.331061113831
3320	1434	0.409022306058
5212	3608	0.0
1358	1434	0.422870924391
1514	1901	0.0
4446	3255	0.0
2562	3608	0.0
746	4481	0.0
933	16	0.0
4503	4970	0.298308570454
3145	3316	0.418148254701
3841	746	0.0
1358	1915	0.0
3844	4970	0.42200080018
1413	4888	0.581525854013
1640	1413	0.409264053212
3841	3195	0.394269177455
1898	3608	0.0
3916	1535	0.0
1714	3255	0.0
3316	1714	0.0
677	1413	0.579304729994
4506	677	0.423709113725
4933	597	0.0
2464	2001	0.0
2344	4630	0.418136585285
4276	5212	0.383468311968
5121	1530	0.494617732275
1605	2480	0.0
1254	1524	0.0
578	4630	0.581525854013
4188	2041	0.0
3320	4062	0.409022306058
4446	2420	0.0
1605	804	0.0
1511	1093	0.0
4970	2726	0.417053772692
2116	5008	0.401989192066
877	2509	0.0
2733	1251	0.340599318229
1434	2480	0.581525854013
5292	2681	0.300473407926
3195	504	0.404381352563
1351	578	0.394983107738
4225	4481	0.0
2444	313	0.0
2116	2444	1.0
976	1791	0.296467521429
2726	2612	0.0
1511	4225	0.0
3537	1162	0.334700061796
2391	1604	0.400954704294
3316	1093	0.0
4275	2314	0.581525854013
3251	1547	0.0
1640	3316	0.344029599328
4355	1604	0.0
2287	3756	0.387130515599
545	3112	0.327995389006
1517	4970	0.323367251298
4225	456	0.390954885833
3320	5107	0.0
2420	2794	0.0
3345	4933	0.0
3253	2314	0.409264053212
1847	765	0.0
1764	2001	0.0
3145	4826	0.51253384463
1828	5235	0.0
1650	3320	0.0
3253	1567	0.321037617374
4062	1150	0.581525854013
4503	3537	0.306389698862
3465	4506	0.423709113725
4225	504	0.581525854013
4503	2726	0.296318479402
4970	4621	0.392937076397
40	2726	0.417053772692
1162	2726	0.32062869993
1544	1150	0.0
1650	741	0.0
1574	4225	0.581525854013
1898	746	0.0
3345	2464	0.0
1824	4371	0.0
16	1634	0.0
4826	4371	0.0
2619	4697	0.0
4188	4886	0.42109586559
2423	313	0.0
2556	2619	0.0
677	4630	0.418265613881
1605	2726	0.0
1640	2981	0.322218381749
1846	3916	0.362581166006
1828	2007	0.0
746	235	0.0
1342	1549	0.0
1254	4503	0.0
2619	4630	0.400954704294
2116	741	0.437716164943
4225	457	0.398225058193
3844	741	0.422870924391
4062	2824	0.412064003149
1901	804	0.0
1119	4697	0.0
3145	2041	0.0
456	3673	0.0
1605	4621	0.0
1574	4347	0.0
1714	1929	0.0
1847	5	0.0
1823	3543	0.415892447207
1517	111	0.332068308009
1720	3465	0.0
3065	3864	0.390472574279
4314	2119	0.400954704294
4446	2509	0.0
578	3673	0.0
4188	2645	0.581525854013
1824	4275	0.412064003149
1720	4937	0.0
3251	4276	0.400954704294
4970	1251	0.345138381255
640	597	0.0
4225	2681	0.345152597814
2689	2726	0.400954704294
235	1413	0.0
3345	2287	0.0
456	235	0.0
5212	2619	0.383468311968
578	5149	0.422870924391
4275	4371	0.0
1413	3105	0.389006061813
3235	1434	0.0
1898	1567	0.0
1764	1254	0.0
4276	1791	0.400954704294
4225	1604	0.400954704294
3844	1434	0.422870924391
4000	4621	0.364795872256
2314	4475	0.34079068241
3582	2653	0.0
3537	4937	0.413428333584
1511	2540	0.0
1764	3537	0.414707780015
17	2444	0.401989192066
4627	1791	0.0
4692	785	0.0
1786	677	0.0
2645	4888	1.0
1785	4718	0.0
2467	4627	0.0
1351	3112	0.414707780015
238	1901	0.0
1824	2447	0.0
741	2726	0.417053772692
1764	922	0.318367457813
1714	4630	0.0
3320	2619	0.383468311968
2794	1567	0.0
1093	5235	0.0
3864	1791	0.31816719568
2726	2480	0.417053772692
1605	16	0.0
5212	2612	0.0
933	3543	0.312410365247
1823	4275	0.581525854013
3673	3105	0.0
3916	2726	0.361968111369
5079	1463	0.305196251161
1720	3255	0.0
4314	2467	0.0
2391	3320	0.409022306058
5079	1434	0.400954704294
2756	4481	0.0
3537	1463	0.326415170953
4276	456	0.333186389099
1824	1714	0.0
1254	3320	0.0
1929	1567	0.405418788259
5	2981	0.388759206622
4314	111	0.355859512878
1915	2007	0.0
3255	2444	0.0
3582	2612	0.0
2287	1567	0.383554139374
1036	3217	0.0
5121	1950	0.0
1251	4062	0.394983107738
982	2467	0.0
3316	5235	0.0
4276	1463	0.305196251161
2983	3543	0.318367457813
4376	3235	0.0
40	1824	0.412064003149
5079	3320	0.383468311968
1082	3537	0.398026634387
5149	1434	0.422870924391
2464	3673	0.0
2645	1567	0.40650034671
2007	5079	0.0
4933	1093	0.0
5037	5212	0.0
3465	4475	0.34079068241
4225	4255	0.0
1358	677	0.422870924391
545	2794	0.0
4937	111	0.413428333584
4970	4772	0.0
1082	1251	0.364795872256
1082	4376	0.389607197826
2681	4630	0.345152597814
1823	640	0.0
2467	2556	0.0
1463	4621	0.301970584843
3916	2884	0.0
877	1791	0.0
922	3608	0.0
2423	621	0.0
4276	4772	0.0
4225	4062	0.581525854013
5	1150	0.438172980912
3916	5008	0.352591231894
5292	2556	0.0
578	4000	0.398225058193
578	2119	0.428118498988
1605	922	0.0
1901	3112	0.0
5149	741	0.422870924391
3844	4248	0.422870924391
3465	1567	0.405418788259
1082	5037	0.0
578	2850	0.400954704294
741	3543	0.414707780015
4238	4255	0.0
982	4347	0.0
1511	2467	0.0
2850	3916	0.352591231894
1463	4888	0.377788797105
597	765	0.0
5212	3543	0.394872850674
4826	2041	0.0
1254	5149	0.0
4446	3916	0.294269803523
2391	1929	0.581525854013
5212	1251	0.378454369114
2983	4255	0.0
5283	1958	0.412064003149
3345	1714	0.0
235	1384	0.0
1828	4569	0.421401280391
3465	2824	0.412064003149
3112	2756	0.0
2467	2540	0.0
1901	1549	0.0
2391	3465	0.581525854013
1342	1567	0.500022705324
4225	3724	0.0
4314	4630	0.400954704294
5140	3253	0.344029599328
4276	2619	0.400954704294
1075	4000	0.0
677	2287	0.359968052522
583	2756	0.0
5032	2619	0.369111709488
2172	3112	0.0
2423	1547	0.0
578	2444	0.581525854013
976	1901	0.0
4970	877	0.0
1714	4475	0.0
1351	2875	0.0
4255	1093	0.0
578	1901	0.0
3724	2287	0.0
1212	1567	0.372301309873
2794	2824	0.0
1901	2756	0.0
741	1434	0.436263721365
1915	2756	0.0
4225	208	0.0
1605	1786	0.0
4937	2619	0.383468311968
1720	1929	0.0
2875	3916	0.0
4371	1791	0.0
5079	2726	0.396797928448
922	2480	0.389454310305
741	621	0.0
2007	4569	0.0
1950	4347	0.0
5292	5283	0.412064003149
804	4630	0.409264053212
2380	2509	0.0
4446	4276	0.291476067866
3320	1463	0.309464355167
4933	2645	0.427376385409
17	2756	0.0
1574	4355	0.0
1720	3253	0.0
3634	4371	0.0
1898	1634	0.0
3465	1463	0.376502964507
4826	1901	0.0
3873	457	0.399231535353
4225	804	0.409264053212
4225	4886	0.42109586559
1846	3105	0.320053278985
4229	4621	0.0
3634	111	0.4257139531
2444	4697	0.0
5212	1634	0.381926034739
1212	4630	0.472821690921
1162	4371	0.0
1251	746	0.0
4276	4886	0.379477276848
1714	3465	0.0
4446	1634	0.297440046557
4826	1567	0.405418788259
1547	2824	0.0
765	4481	0.0
982	4255	0.0
4627	2884	0.0
3316	1549	0.0
5212	3537	0.417846902632
1082	2884	0.0
4446	545	0.309362747815
1824	3166	0.0
4276	2480	0.400954704294
3916	3582	0.359899388225
3844	2522	0.40730493696
2733	4255	0.0
1530	2556	0.0
3873	2420	0.0
1530	5235	0.0
2726	3112	0.414707780015
1524	765	0.0
1254	4355	0.0
3844	1162	0.323845203563
2423	4347	0.0
1898	3916	0.0
2172	3543	0.0
1605	2522	0.0
3072	597	0.0
545	2824	0.326340716735
2981	583	0.0
1358	3582	0.413428333584
1915	3543	0.0
922	2540	0.0
4826	922	0.389454310305
982	1434	0.40730493696
3864	16	0.0
5	2423	0.0
1119	3673	0.0
1544	2824	0.0
3608	4371	0.0
1251	2689	0.394983107738
40	5292	0.424517892515
40	2875	0.0
765	1958	0.0
3105	5235	0.0
933	4225	0.376502964507
3616	4970	0.0
1254	1901	0.0
1093	1567	0.0
1517	2391	0.391593507421
1898	5292	0.0
1254	4229	0.0
4225	4229	0.0
922	2756	0.0
1511	5235	0.0
3864	1567	0.31296950332
3844	3320	0.401545371648
1640	1915	0.0
2689	1384	0.392105764649
1075	5286	0.0
2444	804	0.411063265319
3844	804	0.331786681734
1038	4970	0.0
1605	1093	0.0
2344	3756	0.381214584821
1358	1824	0.412064003149
2756	2119	0.0
2380	2653	0.0
17	4275	0.400954704294
2562	3916	0.352591231894
3320	545	0.324426054851
3841	1714	0.0
2391	4225	1.0
4933	3982	0.0
2496	1162	0.311467571381
4188	1212	0.65402590668
1119	1567	0.0
982	313	0.0
50	877	0.0
3864	5037	0.0
1511	1915	0.0
1714	2287	0.0
1251	3105	0.306976993994
578	677	0.418265613881
3916	5286	0.348987452229
3195	2447	0.0
1901	2001	0.0
4062	2444	0.581525854013
5	1212	0.394730510995
17	1530	0.3768193107
4446	1791	0.297440046557
4314	4481	0.0
4248	877	0.0
4225	4275	0.581525854013
2756	3756	0.0
3145	1067	0.0
3537	4188	0.443210519471
2562	2983	0.310607326061
1036	4276	0.0
238	1524	0.0
1720	4275	0.0
1714	2884	0.0
456	1463	0.29976272014
1764	3235	0.0
3864	922	0.339269379327
17	235	0.0
3072	5140	0.445145284398
1547	1929	0.0
3673	621	0.0
1212	1093	0.0
1574	504	1.0
5212	5149	0.401545371648
2689	2983	0.310607326061
1351	4718	0.378454369114
1901	3673	0.0
5037	4355	0.0
17	4371	0.0
3320	2509	0.0
2645	621	0.0
50	235	0.0
1251	741	0.394983107738
1846	5212	0.397684439033
4933	1251	0.346935882773
2447	5235	0.0
741	1634	0.393470520547
3251	2444	0.424152175826
1786	2007	0.0
3916	2653	0.0
2001	1791	0.0
1605	1714	0.0
2733	4481	0.0
1769	982	0.340091024691
4276	1093	0.0
2733	4888	0.41321860082
2380	2794	0.0
1764	1786	0.0
3844	2287	0.401545371648
1605	4276	0.0
1901	111	0.0
933	2619	0.305196251161
2733	5107	0.0
50	1791	0.400954704294
4275	3112	0.414707780015
4937	504	0.414598375904
1254	2726	0.0
4503	5079	0.289556880638
3537	2344	0.398026634387
2562	1212	0.369111709488
4229	2001	0.0
2522	621	0.0
3251	3166	0.0
746	804	0.0
1384	2001	0.0
17	1791	0.400954704294
3634	4630	0.545504075387
3253	1604	0.318224788754
4276	3465	0.400954704294
3537	621	0.0
2612	1093	0.0
621	2884	0.0
3112	4697	0.0
2496	4621	0.306976993994
1162	2480	0.391593507421
5212	1530	0.398527571694
1574	4621	0.395957064455
1093	4886	0.0
2612	4481	0.0
4225	1530	0.51253384463
1530	4772	0.0
1769	2540	0.0
1786	3543	0.0
1358	5235	0.0
4970	2420	0.0
1511	5079	0.0
741	504	0.437716164943
1358	2619	0.400954704294
1847	4229	0.0
1764	5212	0.394872850674
1517	2875	0.0
1511	2726	0.0
1786	4506	0.0
111	1547	0.0
4475	4347	0.0
4569	4970	0.420152824522
2794	2756	0.0
1251	2824	0.364795872256
1846	4188	0.418136585285
1898	1958	0.0
4621	1150	0.394983107738
1720	1634	0.0
2423	2562	0.0
2444	4347	0.0
5032	1093	0.0
4692	3673	0.0
4970	2423	0.0
1634	3105	0.31816719568
982	2522	0.381745398999
1950	1093	0.0
3320	621	0.0
1251	4772	0.0
1082	4718	0.367145873944
2875	1162	0.0
1162	2314	0.391593507421
982	4248	0.40730493696
3320	4000	0.374853001531
1764	5292	0.357524415505
1358	1720	0.0
2496	2983	0.310607326061
2467	2612	0.0
1358	4933	0.422870924391
5079	2314	0.400954704294
1901	621	0.0
4503	2884	0.0
4376	111	0.4257139531
1605	3320	0.0
4229	1413	0.0
1847	3320	0.0
5212	2420	0.0
3537	4275	0.443210519471
3916	2756	0.0
1898	597	0.0
3345	5292	0.0
2619	3982	0.0
1901	3105	0.0
1358	1251	0.394983107738
1823	5107	0.0
1650	4697	0.0
1958	1093	0.0
2423	5286	0.0
545	2380	0.348335690838
2875	2287	0.0
3673	2619	0.0
208	111	0.0
2391	5212	0.419167872621
1769	4481	0.0
3235	765	0.0
1254	741	0.0
1764	2447	0.0
583	5008	0.0
1093	4697	0.0
1915	2041	0.0
1898	5212	0.0
804	5286	0.314422235473
1254	4248	0.0
1463	621	0.0
3255	2619	0.0
2464	3916	0.0
3841	2983	0.377129192618
3195	1547	0.0
1714	4275	0.0
3844	2619	0.400954704294
2689	741	0.400954704294
3616	208	0.0
1119	1898	0.0
4276	1251	0.394983107738
785	621	0.0
457	4475	0.29300035752
3864	3537	0.333312972914
1791	3982	0.0
3316	208	0.0
2041	2612	0.0
3537	4371	0.0
4503	1901	0.0
2556	2480	0.0
504	2314	0.581525854013
3841	4627	0.0
2007	2423	0.0
804	2612	0.0
4225	1212	0.65402590668
5079	2756	0.0
877	1093	0.0
3873	1929	0.581525854013
1075	5037	0.0
1463	1785	0.0
1901	1958	0.0
4238	4772	0.0
1915	4314	0.0
1358	4481	0.0
1067	457	0.0
1254	3112	0.0
1898	741	0.0
1036	1150	0.0
1162	3112	0.319317423617
3756	5235	0.0
2007	5037	0.0
3105	4718	0.308855946003
1351	2001	0.0
1544	1567	0.0
3217	1162	0.379008087855
456	3320	0.336965567679
4314	1929	0.400954704294
3537	2119	0.443210519471
1434	1547	0.0
4225	4888	0.581525854013
208	3634	0.0
4376	1251	0.386634031258
3841	504	0.545504075387
3616	3112	0.0
4225	3982	0.0
456	1162	0.305586161303
1463	2681	0.306459391233
2464	3217	0.0
4225	5008	0.400954704294
3543	3166	0.0
17	1434	0.400954704294
4826	5149	0.422870924391
3724	4772	0.0
5107	2983	0.0
208	3235	0.0
4062	3112	0.414707780015
1162	2619	0.311467571381
4503	640	0.0
1463	2119	0.318501292885
5	2726	0.396797928448
3724	4347	0.0
4503	597	0.0
2556	4481	0.0
1604	1413	0.400954704294
4355	5286	0.0
2540	4630	0.0
1434	4697	0.0
3072	3543	0.415892447207
746	2689	0.0
5121	4355	0.0
1511	208	0.0
1720	1162	0.0
4627	3166	0.0
1824	3844	0.412064003149
1567	4886	0.519616426814
5	2983	0.330957966891
3673	3166	0.0
976	1413	0.345152597814
4276	5235	0.0
2612	3982	0.0
1067	1549	0.0
1162	2756	0.0
1824	3543	0.402228615893
1517	2733	0.317829999478
4970	4347	0.0
1764	877	0.0
3864	1604	0.310425884073
1824	3112	0.351113004354
2562	4248	0.400954704294
1254	1567	0.0
2875	4000	0.0
1650	2447	0.0
50	3537	0.400954704294
4276	5140	0.384304821333
2689	2981	0.383468311968
677	1604	0.400954704294
1075	4347	0.0
1254	583	0.0
2420	4630	0.0
1898	2116	0.0
40	4630	0.436263721365
5	4937	0.413428333584
3105	3582	0.317458916477
4229	1463	0.0
1119	1915	0.0
3316	4255	0.0
2562	1901	0.0
1251	4238	0.0
3105	1929	0.389006061813
1769	4697	0.0
1898	1093	0.0
1251	235	0.0
1846	4933	0.418136585285
1036	4238	0.0
2562	4347	0.0
5079	4248	0.400954704294
2001	4275	0.0
741	2540	0.0
4188	2496	0.389006061813
765	2884	0.0
208	3916	0.0
1634	2794	0.0
40	1463	0.323118449101
208	5235	0.0
4446	1567	0.293447210175
3916	4062	0.40730493696
3873	2391	0.581525854013
3253	741	0.339764709479
545	3105	0.324426054851
1358	1634	0.384466574213
1764	746	0.0
1604	2447	0.0
621	4475	0.0
3345	1547	0.0
4225	545	0.412206575033
741	2287	0.41233209465
2007	2380	0.0
3537	2726	0.417053772692
4276	4888	0.401989192066
922	2444	0.390927637569
2287	4886	0.362194879593
1517	5	0.332068308009
50	3634	0.392105764649
1958	1150	0.418136585285
3756	3982	0.0
2983	4697	0.0
1898	5149	0.0
982	4481	0.0
5008	4481	0.0
4371	2619	0.0
4503	5140	0.306528563103
3537	1791	0.414707780015
933	741	0.323118449101
3616	4772	0.0
5032	922	0.310607326061
4503	2562	0.289556880638
3345	4621	0.0
456	1958	0.341079568499
746	785	0.0
4062	4248	0.581525854013
3844	4000	0.384466574213
1067	5032	0.0
2875	741	0.0
2423	1901	0.0
2733	2884	0.0
1358	2041	0.0
982	3582	0.40730493696
1786	4255	0.0
1785	3105	0.0
3316	2344	0.398274665084
1720	4355	0.0
4225	2001	0.0
3864	4347	0.0
4225	4475	0.34079068241
545	1535	0.0
3145	2380	0.421983317345
933	2116	0.377788797105
1634	4371	0.0
2423	4238	0.0
4569	1413	0.420152824522
1351	4248	0.394983107738
1358	4248	0.422870924391
4446	504	0.347872459819
1650	1530	0.0
2444	583	0.0
640	1714	0.0
4446	4621	0.288785565771
1714	3217	0.0
1720	3112	0.0
5	504	0.439651167411
1640	4630	0.409264053212
5212	1720	0.0
1511	50	0.0
4062	2612	0.0
545	1929	0.412206575033
3673	1929	0.0
2850	235	0.0
4446	1958	0.298877199841
4276	804	0.318224788754
238	2522	0.0
1254	2556	0.0
2562	4000	0.367145873944
2172	677	0.0
2850	1384	0.392105764649
4970	4248	0.42200080018
1828	4937	0.414598375904
4225	2689	0.400954704294
1251	877	0.0
2314	2480	0.581525854013
2001	4347	0.0
2562	4621	0.364795872256
741	5008	0.400954704294
3316	5212	0.418148254701
4276	3235	0.0
5	982	0.359760767155
5212	1929	0.419167872621
2850	3320	0.383468311968
1574	1547	0.0
4506	1093	0.0
4225	1162	0.391593507421
3316	2447	0.0
16	3537	0.0
2001	4255	0.0
3844	2645	0.424152175826
2619	2612	0.0
17	4238	0.0
1791	1093	0.0
2983	5235	0.0
5037	1604	0.0
40	4503	0.303822092859
5079	2420	0.0
1544	2344	0.0
1846	5008	0.400954704294
1075	1535	0.0
3537	2756	0.0
982	2619	0.400954704294
312	3543	0.0
2423	2884	0.0
5	1791	0.394872850674
3844	2681	0.299812006269
4225	2287	0.426788836509
3316	3235	0.0
1898	5079	0.0
3316	804	0.344029599328
597	2447	0.0
3608	3112	0.0
741	4481	0.0
4314	3105	0.310425884073
3841	2619	0.392105764649
3251	4229	0.0
3253	2119	0.334145062794
1846	1604	0.400954704294
877	3982	0.0
3608	2756	0.0
3065	1791	0.415892447207
4225	1898	0.0
1604	1150	0.400954704294
4446	1720	0.0
40	1434	0.436263721365
3724	1634	0.0
1929	3112	0.414707780015
1358	1846	0.418136585285
3537	5032	0.398026634387
1785	2756	0.0
1514	1847	0.0
1650	1901	0.0
2522	2726	0.40730493696
3864	1720	0.0
312	877	0.0
1517	2116	0.393099687587
3255	1150	0.0
3072	1898	0.0
1119	2041	0.0
4062	4718	0.398225058193
3844	2884	0.0
982	2562	0.361136597335
741	4718	0.398225058193
1036	2314	0.0
1604	2509	0.0
545	5235	0.0
3844	3537	0.422870924391
1384	1567	0.523625212465
4970	677	0.357524415505
4371	1535	0.0
5121	804	0.394379173612
1605	3982	0.0
3166	4475	0.0
1358	5283	0.412064003149
3537	457	0.398225058193
1530	2726	0.396797928448
456	1791	0.339550991809
3537	1567	0.394036336635
1212	4621	0.364795872256
4229	1384	0.0
4229	1524	0.0
1898	2447	0.0
982	2344	0.373639484921
2423	1463	0.0
1119	640	0.0
2041	1785	0.0
1720	922	0.0
3195	677	0.403322099002
2733	1463	0.311046805299
4692	1463	0.0
4248	1342	0.394983107738
3844	746	0.0
5212	741	0.41233209465
976	5032	0.290578937289
5079	2423	0.0
1846	2619	0.400954704294
3195	785	0.364795872256
976	1950	0.0
1714	4355	0.0
5079	2619	0.383468311968
933	3145	0.355377461148
3616	2001	0.0
1254	1212	0.0
1785	4475	0.0
1823	4697	0.0
4255	845	0.0
3873	1212	0.472821690921
4376	2983	0.377129192618
1650	4275	0.0
1254	4933	0.0
456	3756	0.347943375748
235	1567	0.0
5	4347	0.0
3537	3608	0.0
3537	1547	0.0
4225	1567	0.405418788259
3864	2509	0.0
1511	746	0.0
1846	4225	0.418136585285
1915	5079	0.0
17	1567	0.40650034671
3065	5037	0.0
4314	5079	0.383468311968
4225	313	0.0
16	1162	0.0
1544	4697	0.0
1720	2756	0.0
1254	3537	0.0
804	1093	0.0
1082	2447	0.0
2391	504	0.581525854013
2556	2653	0.0
5149	2794	0.0
5032	4248	0.400954704294
1828	1769	0.399231535353
1082	2556	0.0
5140	3320	0.409022306058
1604	2344	0.369111709488
4692	3320	0.0
3673	1567	0.0
1524	1634	0.0
2172	2850	0.0
1764	4276	0.367292125864
3616	804	0.0
4970	2287	0.400837624494
2689	4255	0.0
5	922	0.330957966891
545	4697	0.0
4826	2726	0.417053772692
5037	1342	0.0
3065	4886	0.422355627182
3145	5140	0.418148254701
3072	1567	0.40650034671
1634	2619	0.369111709488
1463	1929	0.376502964507
4970	16	0.0
1038	4248	0.0
2756	4347	0.0
2562	2119	0.372825323214
1605	877	0.0
50	457	0.398225058193
1511	3543	0.0
3916	2496	0.314035310606
2756	4475	0.0
5121	4314	0.392105764649
1358	1567	0.38098638588
5212	3105	0.320617127511
40	2619	0.400954704294
4225	2824	0.412064003149
3065	3982	0.0
3844	2850	0.400954704294
3916	877	0.0
2420	2287	0.0
4503	111	0.304535346887
5283	677	0.412064003149
4621	2824	0.364795872256
2619	4718	0.383468311968
1212	4275	0.472821690921
4503	545	0.30693311062
2689	2619	0.400954704294
1958	4697	0.0
1915	4225	0.0
982	545	0.32333986608
583	2653	0.0
4000	4481	0.0
2496	2756	0.0
3916	111	0.373529411499
4970	1714	0.0
4937	1547	0.0
2733	545	0.326340716735
1036	1567	0.0
4481	2681	0.0
1351	2007	0.0
1574	2119	0.428118498988
4347	4772	0.0
1082	597	0.0
1640	1720	0.0
3255	5286	0.0
4446	2562	0.291476067866
4225	2344	0.418136585285
4371	3112	0.0
1604	877	0.0
3253	457	0.316492260013
3112	2653	0.0
1769	2380	0.373551500686
3065	2556	0.0
3255	3982	0.0
1517	2496	0.311467571381
3724	2444	0.0
4692	1567	0.0
4225	2556	0.0
2420	3112	0.0
1093	2756	0.0
3253	4371	0.0
5283	3608	0.0
5037	2287	0.0
238	1604	0.0
804	2824	0.325177210562
1764	2287	0.394872850674
5121	1791	0.404626536149
1530	2444	0.494617732275
2689	4188	0.400954704294
3724	4062	0.0
1574	4630	0.581525854013
4446	3465	0.346946890132
1604	4621	0.394983107738
2689	4621	0.394983107738
1650	3112	0.0
3844	2562	0.384466574213
982	804	0.322218381749
3916	1549	0.0
2733	1791	0.412064003149
1254	640	0.0
5212	1150	0.419167872621
3916	5235	0.0
3316	3724	0.0
4188	2509	0.0
1517	1846	0.321231198339
1898	2001	0.0
1517	1901	0.0
4826	785	0.394983107738
457	3105	0.308855946003
4446	2794	0.0
1898	1384	0.0
5121	4506	0.412757887131
1514	1764	0.0
4970	1720	0.0
4506	2447	0.0
1898	2119	0.0
1847	5235	0.0
1351	1714	0.0
4376	5107	0.0
1634	3756	0.378836920125
1384	4347	0.0
2116	1549	0.0
4503	4886	0.297947564604
4718	5286	0.378454369114
3345	1463	0.0
16	4062	0.0
1517	741	0.331061113831
3465	3673	0.0
2480	1093	0.0
4225	1720	0.0
2380	2344	0.401422624689
982	2983	0.314225354121
1038	1567	0.0
3634	4886	0.608111725016
1605	3345	0.0
1720	2001	0.0
1358	4630	0.422870924391
545	4255	0.0
3537	4248	0.443210519471
3616	4248	0.0
1605	50	0.0
4970	1634	0.383871591149
2983	4371	0.0
1254	1413	0.0
2850	313	0.0
3465	3105	0.389006061813
1574	3320	0.410143024682
40	4276	0.400954704294
3235	4888	0.0
3195	5283	0.376990788682
2007	3724	0.0
1251	1714	0.0
4276	1162	0.311467571381
4225	1150	0.581525854013
1036	3255	0.0
1119	3844	0.0
3065	3537	0.444758283178
2420	4475	0.0
1251	2420	0.0
545	621	0.0
1714	1720	0.0
933	4697	0.0
3145	1567	0.405418788259
4970	5008	0.400954704294
2689	2447	0.0
1846	545	0.330128164602
5079	2496	0.310425884073
4446	1251	0.288785565771
1847	1567	0.0
1720	804	0.0
933	545	0.327115850889
1901	3537	0.0
4933	3673	0.0
1549	5286	0.0
4255	1549	0.0
1824	3253	0.325177210562
1162	1547	0.0
504	4888	1.0
1463	2444	0.377788797105
4225	3543	0.414707780015
1764	1824	0.392696257309
4225	877	0.0
4225	3195	0.403322099002
4970	3105	0.322157841285
4692	4188	0.0
1511	2287	0.0
5032	4000	0.367145873944
1574	2824	0.41321860082
208	2467	0.0
1517	845	0.391593507421
1846	3253	0.328909960648
456	2619	0.333186389099
1605	746	0.0
1067	4888	0.0
2444	2756	0.0
1384	2480	0.428118498988
1212	2287	0.387130515599
741	5235	0.0
4225	2884	0.0
3145	4718	0.381181007415
4225	4446	0.346946890132
922	4347	0.0
3255	1162	0.0
1769	785	0.345138381255
4446	2689	0.291476067866
2522	2756	0.0
5121	4933	0.427376385409
1786	741	0.0
4276	5149	0.400954704294
4503	4697	0.0
5	2420	0.0
1212	3112	0.378836920125
3841	2480	0.545504075387
2391	2041	0.0
1786	3255	0.0
597	1567	0.0
4970	1162	0.323367251298
1764	1929	0.414707780015
40	1162	0.331061113831
4225	4697	0.0
4569	4888	0.421401280391
4481	3982	0.0
3873	5	0.439651167411
1929	4718	0.398225058193
2540	5235	0.0
3873	4772	0.0
2850	4275	0.400954704294
4062	2681	0.345152597814
3065	4229	0.0
5212	3582	0.393820440513
5121	2794	0.0
1634	2653	0.0
1254	804	0.0
1898	545	0.0
5212	2726	0.396797928448
5037	1463	0.0
17	1162	0.311467571381
1764	5032	0.378836920125
1634	4621	0.364795872256
17	5	0.355859512878
2391	5149	0.422870924391
3316	4772	0.0
741	804	0.339764709479
4225	5037	0.0
1434	4481	0.0
1650	1604	0.0
5149	4347	0.0
3145	3345	0.0
17	3982	0.0
5037	1434	0.0
1119	312	0.0
4225	2314	0.581525854013
1640	2001	0.0
4446	621	0.0
5032	2681	0.290578937289
4970	785	0.345138381255
5079	3465	0.400954704294
3844	2509	0.0
3072	2041	0.0
5	677	0.396797928448
982	504	0.408406861536
4692	5032	0.0
4000	1785	0.0
845	4347	0.0
313	2480	0.0
5283	804	0.325177210562
1358	2380	0.422870924391
4225	2447	0.0
785	2983	0.307150493429
3320	1544	0.0
3345	4697	0.0
1764	3844	0.401545371648
4062	2496	0.389006061813
40	4248	0.436263721365
1714	2824	0.0
456	1604	0.333186389099
5032	4371	0.0
2562	3195	0.369111709488
1511	4229	0.0
4621	1544	0.0
1358	2119	0.422870924391
1358	4314	0.400954704294
1358	5079	0.400954704294
1517	3537	0.334700061796
1067	3112	0.0
640	313	0.0
804	1547	0.0
1605	2287	0.0
1075	4062	0.0
3316	3756	0.398274665084
578	4621	0.394983107738
4314	1720	0.0
2983	4347	0.0
976	1929	0.345152597814
4275	2619	0.400954704294
1351	1075	0.0
2480	2119	0.428118498988
1567	2653	0.0
3916	2480	0.40730493696
1720	3673	0.0
5121	208	0.0
1824	1720	0.0
238	785	0.0
982	597	0.0
4937	3673	0.0
2850	4718	0.383468311968
2423	1567	0.0
1898	3756	0.0
1764	2467	0.0
1075	4276	0.0
4970	4000	0.383871591149
1898	2467	0.0
5037	2444	0.0
1604	2619	0.400954704294
1413	2726	0.417053772692
1785	4627	0.0
4225	1251	0.394983107738
1764	1958	0.397684439033
238	4475	0.0
1574	1846	0.419361126284
2824	4481	0.0
1511	1544	0.0
3864	2645	0.390472574279
4062	1463	0.376502964507
4188	2380	0.448467709038
933	4238	0.0
4276	4255	0.0
2562	1342	0.360238531848
1824	1567	0.373770358465
238	4371	0.0
4238	1567	0.0
1511	4481	0.0
1828	1413	0.581525854013
16	3112	0.0
17	1075	0.0
5079	1604	0.383468311968
4225	2041	0.0
50	3756	0.369111709488
1824	2619	0.400954704294
3537	4630	0.443210519471
2733	2794	0.0
1786	5008	0.0
1847	1898	0.0
1358	2562	0.384466574213
5140	1524	0.0
1898	2540	0.0
457	2344	0.367145873944
4000	2447	0.0
1714	3112	0.0
17	2314	0.400954704294
1640	4238	0.0
1413	4772	0.0
1358	4937	0.401545371648
1254	5	0.0
208	2447	0.0
16	2287	0.0
208	1093	0.0
1254	4481	0.0
4933	982	0.40730493696
1358	1714	0.0
982	877	0.0
1847	3982	0.0
4355	1929	0.0
5037	4475	0.0
1785	1547	0.0
4275	2344	0.418136585285
16	3724	0.0
4188	5283	0.412064003149
2983	1567	0.313156975757
4503	3105	0.29300035752
2850	1463	0.305196251161
1950	1567	0.0
3217	1567	0.587041178744
3320	2287	0.390182738778
2562	4630	0.400954704294
4229	765	0.0
1720	4062	0.0
877	4481	0.0
2172	1567	0.0
2689	1791	0.400954704294
1075	235	0.0
4355	4621	0.0
933	785	0.301970584843
1847	3145	0.0
741	3582	0.413428333584
208	5140	0.0
1769	804	0.316492260013
312	4772	0.0
17	1413	0.400954704294
3065	4933	0.427376385409
545	3673	0.0
1650	4229	0.0
111	3166	0.0
4970	2480	0.42200080018
2172	2689	0.0
1547	4347	0.0
5079	1901	0.0
1574	2391	0.581525854013
4225	3255	0.0
1514	1714	0.0
5079	545	0.319291385545
1786	2689	0.0
456	1634	0.339550991809
2850	4697	0.0
1824	746	0.0
3072	1769	0.343633005537
1898	4276	0.0
1212	2540	0.0
2391	1567	0.405418788259
2423	4275	0.0
1162	2444	0.393099687587
4225	3916	0.40730493696
1764	621	0.0
4503	1463	0.305196251161
1605	4481	0.0
1119	2496	0.0
1535	2344	0.0
4276	3537	0.400954704294
922	3112	0.318367457813
2645	2119	0.428118498988
2562	2444	0.401989192066
1764	3316	0.387419731232
1714	4772	0.0
4276	457	0.383425208826
5140	2119	0.443592150751
1463	2314	0.376502964507
1604	2119	0.371263576598
4314	1463	0.305196251161
3616	877	0.0
5212	1714	0.0
3320	2612	0.0
17	3608	0.0
3320	3582	0.393820440513
1764	4225	0.414707780015
1212	2681	0.317327142245
5	1604	0.370843544678
208	1791	0.0
621	2287	0.0
4503	4347	0.0
1847	1714	0.0
4503	4355	0.0
583	2119	0.0
982	2689	0.400954704294
4225	5121	0.581525854013
746	5235	0.0
1786	2467	0.0
741	4772	0.0
3844	1791	0.414707780015
1358	1791	0.414707780015
3345	3320	0.0
3537	2496	0.333312972914
2726	4772	0.0
1254	4630	0.0
1824	4188	0.412064003149
982	3982	0.0
2464	597	0.0
1764	1604	0.364213997963
1351	3582	0.394983107738
1254	545	0.0
1714	3253	0.0
1898	2689	0.0
2423	2756	0.0
1358	2726	0.417053772692
1764	2344	0.378836920125
2007	1535	0.0
4255	2314	0.0
4355	3235	0.0
1036	1547	0.0
4506	1524	0.0
17	1640	0.318224788754
2619	4621	0.394983107738
4314	5032	0.369111709488
2496	4630	0.389006061813
111	4888	0.439651167411
238	2116	0.0
1119	804	0.0
1517	1075	0.0
1038	2562	0.0
5	3634	0.4257139531
5037	765	0.0
2645	877	0.0
1413	1434	0.581525854013
3072	1342	0.395957064455
2391	2509	0.0
1567	5286	0.358609856588
1036	3608	0.0
2423	1413	0.0
1254	4062	0.0
2756	4697	0.0
3916	621	0.0
238	1567	0.0
2007	4933	0.0
1511	4188	0.0
1824	2733	0.412064003149
4229	4933	0.0
1358	4276	0.400954704294
2983	4630	0.389454310305
1514	5121	0.0
3844	4276	0.400954704294
982	1251	0.338356685185
3582	804	0.32602003197
1119	1530	0.0
2391	4481	0.0
2116	4275	0.581525854013
1082	4347	0.0
3251	3105	0.322628662402
2447	2314	0.0
3195	2041	0.0
1358	5212	0.401545371648
1351	5008	0.394983107738
1720	2794	0.0
3251	4970	0.42200080018
4446	4275	0.346946890132
2464	1342	0.0
1463	1342	0.301970584843
2733	1634	0.376990788682
3844	4225	0.422870924391
1517	3105	0.316105989021
2522	4481	0.0
1824	2726	0.412064003149
2619	2287	0.383468311968
1530	621	0.0
2119	4630	0.428118498988
1650	1720	0.0
1082	2007	0.0
1823	1847	0.0
1764	741	0.41233209465
4248	804	0.409264053212
5212	4000	0.381181007415
5140	1720	0.0
4481	4886	0.0
2794	5008	0.0
3255	3756	0.0
3145	4276	0.383468311968
2726	4888	0.418265613881
3844	5212	0.401545371648
3065	4355	0.0
2007	2850	0.0
1650	3537	0.0
1901	1567	0.0
5212	4630	0.419167872621
1358	4188	0.422870924391
2467	1434	0.0
1384	457	0.373238786495
4446	4692	0.0
1898	5032	0.0
2556	1093	0.0
2423	2001	0.0
2756	2884	0.0
3145	457	0.381181007415
1434	1929	0.581525854013
1915	3112	0.0
5037	3195	0.0
4970	50	0.400954704294
4275	4621	0.394983107738
1915	4630	0.0
804	2314	0.409264053212
1650	2884	0.0
1898	5235	0.0
2423	1150	0.0
1846	741	0.418136585285
1720	3916	0.0
746	2540	0.0
1358	3724	0.0
4248	4255	0.0
1251	3982	0.0
1823	1384	0.428118498988
1650	2007	0.0
4225	640	0.0
4188	313	0.0
4937	741	0.41233209465
4225	976	0.345152597814
17	1828	0.401989192066
1769	877	0.0
5032	3756	0.369111709488
677	4621	0.394983107738
933	1549	0.0
1082	4225	0.398225058193
5	4621	0.378454369114
1384	5008	0.392105764649
3841	235	0.0
3873	2645	1.0
3873	4248	0.581525854013
1824	1067	0.0
40	1846	0.418136585285
1847	1067	0.0
1898	5283	0.0
3465	1901	0.0
3841	1720	0.0
3112	3756	0.378836920125
1605	1634	0.0
1764	2756	0.0
4062	1434	0.581525854013
3864	4888	0.390472574279
1517	3320	0.316105989021
4937	4475	0.293554965422
5032	2380	0.400954704294
1514	4630	0.0
2423	1384	0.0
1251	1958	0.394983107738
1251	4000	0.364795872256
2007	5032	0.0
1720	1901	0.0
3537	4621	0.394983107738
1517	1785	0.0
2287	5008	0.383468311968
4376	597	0.0
17	4248	0.400954704294
2726	2344	0.38046575476
4225	2464	0.0
40	3537	0.436263721365
1785	2314	0.0
1846	1785	0.0
2733	3065	0.41321860082
2562	4886	0.379477276848
5037	741	0.0
1082	4481	0.0
5121	3320	0.399464446162
4255	5286	0.0
1824	3673	0.0
1162	2001	0.0
3235	1093	0.0
4933	3112	0.414707780015
5	2562	0.383468311968
4225	1093	0.0
1786	4355	0.0
1929	4630	0.581525854013
1517	1535	0.0
4225	922	0.389454310305
4255	5235	0.0
1714	2619	0.0
1511	4314	0.0
1824	50	0.400954704294
3251	4238	0.0
1413	3582	0.413428333584
2423	2287	0.0
2447	1093	0.0
3608	2794	0.0
2467	3320	0.0
785	4248	0.394983107738
982	2447	0.0
982	5286	0.359760767155
1514	4371	0.0
3145	677	0.396797928448
3316	3345	0.0
4276	2540	0.0
2733	1720	0.0
545	2619	0.319291385545
5032	1950	0.0
1511	2981	0.0
933	1524	0.0
5121	5079	0.392105764649
2496	3756	0.328658736756
17	677	0.346257834484
2562	1929	0.400954704294
3616	1463	0.0
1517	3465	0.391593507421
4238	2824	0.0
1786	456	0.0
5292	1791	0.414707780015
4062	1604	0.400954704294
2981	2612	0.0
3634	1150	0.545504075387
1517	804	0.321803422243
545	1434	0.412206575033
1434	3608	0.0
4933	4355	0.0
1254	4506	0.0
4238	2540	0.0
1846	3537	0.418136585285
2464	4347	0.0
1720	2522	0.0
1714	804	0.0
1846	1769	0.398225058193
3251	3844	0.422870924391
40	5212	0.41233209465
4188	1413	1.0
4503	1567	0.291476067866
4503	2653	0.0
4276	4506	0.400954704294
1162	1567	0.314045960917
1605	3841	0.0
922	2983	0.390927637569
1824	5212	0.392696257309
4376	5212	0.408661971762
17	2116	0.401989192066
312	1384	0.0
2444	3166	0.0
4503	4275	0.343126642788
3065	1567	0.40650034671
4225	741	0.436263721365
4276	640	0.0
4225	1463	0.376502964507
1650	2314	0.0
4826	4886	0.42109586559
1358	3320	0.401545371648
3841	2509	0.0
1036	4697	0.0
1549	2314	0.0
2391	4503	0.343126642788
3253	621	0.0
1823	5121	0.545504075387
1463	4886	0.315659627957
4225	2522	0.40730493696
2420	2726	0.0
111	1093	0.0
1524	235	0.0
4276	2344	0.369111709488
1605	2884	0.0
1358	922	0.322840415886
1846	1929	0.418136585285
1358	2444	0.424152175826
4970	5149	0.42200080018
1764	4630	0.414707780015
5149	1785	0.0
2733	3253	0.325177210562
2562	621	0.0
1950	3756	0.0
4355	457	0.0
3195	1413	0.403322099002
765	3756	0.0
5149	1162	0.323845203563
3724	2653	0.0
3841	2884	0.0
2522	5008	0.400954704294
2420	2884	0.0
1463	3543	0.312410365247
4621	1567	0.361968111369
5149	3673	0.0
1511	1847	0.0
2391	4630	0.581525854013
4475	5235	0.0
4446	4481	0.0
1511	2645	0.0
1898	4255	0.0
1524	677	0.0
1650	2875	0.0
1514	1567	0.0
1530	2794	0.0
3582	583	0.0
2875	1604	0.0
1901	2612	0.0
1358	3537	0.422870924391
1119	3582	0.0
1650	4225	0.0
3841	2645	0.545504075387
235	2794	0.0
1463	2344	0.314162394219
2444	3608	0.0
4314	1901	0.0
40	1823	0.437716164943
4248	2619	0.400954704294
3616	2467	0.0
1640	1634	0.326808216372
3253	2983	0.350576697857
1463	1604	0.305196251161
1605	2612	0.0
4238	4481	0.0
1384	3982	0.0
640	3537	0.0
2420	1791	0.0
1254	621	0.0
4355	545	0.0
1514	1517	0.0
3864	1434	0.389006061813
2689	4481	0.0
2172	785	0.0
1342	2344	0.364795872256
2824	3756	0.376990788682
3616	578	0.0
1036	3251	0.0
1038	5	0.0
2733	4970	0.412064003149
1714	2756	0.0
1358	2447	0.0
5212	1567	0.378535790304
1574	1950	0.0
1785	2612	0.0
1650	2420	0.0
4276	2447	0.0
1901	4630	0.0
5212	3724	0.0
2116	2522	0.408406861536
5032	5235	0.0
4275	3166	0.0
4225	4376	0.581525854013
2480	4481	0.0
3841	2380	0.43484981666
3873	2981	0.408406861536
2391	1958	0.418136585285
2423	3105	0.0
1605	4446	0.0
3345	1342	0.0
982	2380	0.364338928418
2794	845	0.0
746	4248	0.0
4000	3112	0.378836920125
1823	4376	0.545504075387
5292	2756	0.0
1785	313	0.0
1384	765	0.0
1434	1950	0.0
2689	3253	0.318224788754
2116	1547	0.0
1898	2556	0.0
2420	2467	0.0
922	1463	0.331881227452
1847	922	0.0
2391	2619	0.400954704294
2172	4826	0.0
4506	2314	0.423709113725
2116	2689	0.401989192066
4276	1634	0.369111709488
4970	4506	0.42200080018
4225	2172	0.0
1463	4630	0.376502964507
4225	3105	0.389006061813
1847	2444	0.0
597	1791	0.0
1915	4697	0.0
1254	2001	0.0
804	2681	0.298308570454
3235	804	0.0
1517	621	0.0
2001	1434	0.0
457	2983	0.309033739414
2733	785	0.340599318229
2172	3166	0.0
3316	4238	0.0
5	4062	0.438172980912
1846	3864	0.320053278985
4276	3320	0.383468311968
1358	16	0.0
2391	111	0.438172980912
1786	4188	0.0
3145	1212	0.439226637375
2391	982	0.40730493696
2423	3673	0.0
3217	677	0.564993367049
5	3537	0.417846902632
746	4275	0.0
3253	3112	0.326808216372
1511	982	0.0
1434	877	0.0
1824	2756	0.0
3465	4718	0.398225058193
933	1828	0.377788797105
4188	1150	0.581525854013
1720	1604	0.0
1212	3543	0.378836920125
4255	5008	0.0
4275	4481	0.0
2001	2756	0.0
4933	456	0.344523313015
1358	3844	0.422870924391
3543	621	0.0
1764	4446	0.297440046557
1786	3105	0.0
1254	2509	0.0
765	1535	0.0
50	1463	0.305196251161
1791	3112	0.414707780015
1251	785	0.364795872256
2496	1785	0.0
4569	2496	0.321154160738
1720	621	0.0
2116	1535	0.0
5032	4621	0.364795872256
5037	3253	0.0
4970	4630	0.42200080018
3582	1544	0.0
2420	2681	0.0
4225	1547	0.0
4225	2119	0.581525854013
4229	4188	0.0
4255	4630	0.0
3255	2556	0.0
5292	804	0.332780531993
741	1162	0.331061113831
3065	5286	0.395957064455
3916	2645	0.408406861536
17	4630	0.400954704294
1785	804	0.0
3844	677	0.422870924391
4355	5008	0.0
545	2884	0.0
2875	4826	0.0
3316	111	0.380623962356
3616	4225	0.0
3673	1150	0.0
1530	5107	0.0
3065	1524	0.0
1093	2884	0.0
1358	5140	0.422870924391
3345	4062	0.0
1358	4446	0.300829427924
5140	5212	0.418148254701
1714	3916	0.0
1898	4355	0.0
1823	4569	0.421401280391
1605	1720	0.0
4062	312	0.0
578	16	0.0
235	3166	0.0
4062	1547	0.0
4225	16	0.0
1898	1413	0.0
4225	2981	0.40730493696
3673	1604	0.0
3844	1463	0.316551107299
4225	4347	0.0
3634	1567	0.587041178744
3251	5283	0.412064003149
5212	1342	0.371805632177
976	1720	0.0
2007	5292	0.0
4225	4238	0.0
1413	2612	0.0
1786	504	0.0
982	2540	0.0
3537	741	0.436263721365
2689	1162	0.311467571381
1764	3255	0.0
4826	2612	0.0
111	2981	0.40730493696
3841	16	0.0
5079	1413	0.400954704294
1067	3253	0.0
504	1958	0.419361126284
208	2556	0.0
1251	5286	0.354354114332
5140	4937	0.365988310197
2420	3756	0.0
2423	2444	0.0
1384	4886	0.572356115731
4255	1567	0.0
1574	1567	0.40650034671
1823	2726	0.418265613881
1517	3841	0.379008087855
3065	4970	0.423271483131
2041	1958	0.0
1720	5107	0.0
2423	3916	0.0
3864	4621	0.306976993994
2172	1093	0.0
1075	677	0.0
3873	2480	0.581525854013
5	3105	0.330724105463
1434	2756	0.0
3844	4446	0.300829427924
457	3112	0.366042207097
1640	1791	0.326808216372
2423	4475	0.0
1714	621	0.0
1517	2612	0.0
982	746	0.0
2001	1549	0.0
741	1463	0.323118449101
1769	3235	0.0
1720	4630	0.0
1634	1567	0.372301309873
1823	1720	0.0
3864	2496	0.310425884073
4569	2981	0.399331732682
1785	2824	0.0
4970	5	0.368501854823
2726	2824	0.38046575476
3873	1828	1.0
1082	1898	0.0
578	1384	0.428118498988
50	2884	0.0
3105	877	0.0
17	1384	0.428118498988
2007	982	0.0
982	3235	0.0
1847	1530	0.0
1720	4371	0.0
5149	3235	0.0
1358	1605	0.0
1786	2420	0.0
5079	5212	0.383468311968
3345	621	0.0
1847	4697	0.0
1605	2467	0.0
3864	5079	0.310425884073
3112	2119	0.414707780015
3537	1530	0.417846902632
2983	1150	0.389454310305
17	2981	0.397901273616
1898	3235	0.0
640	238	0.0
2007	1898	0.0
40	313	0.0
741	2756	0.0
3235	597	0.0
2423	4697	0.0
1511	4238	0.0
1915	1434	0.0
933	4630	0.376502964507
2562	3582	0.377944885164
1511	2556	0.0
3253	677	0.328247890114
4933	457	0.356816394222
578	4225	0.581525854013
3105	4621	0.306976993994
3251	2884	0.0
4000	2612	0.0
5292	4627	0.0
4062	2619	0.400954704294
3616	845	0.0
4225	1413	1.0
111	504	0.439651167411
3616	4255	0.0
1786	5107	0.0
1650	4188	0.0
1574	1549	0.0
1413	4621	0.394983107738
2391	741	0.436263721365
4355	1342	0.0
16	5286	0.0
1119	16	0.0
982	4355	0.0
1530	2884	0.0
1574	1720	0.0
1791	2824	0.378836920125
4062	4371	0.0
1251	2041	0.0
621	2756	0.0
1898	2562	0.0
4000	1791	0.378836920125
4000	4255	0.0
2391	5079	0.400954704294
1847	3864	0.0
2464	741	0.0
1785	4697	0.0
3841	2287	0.415528067251
2423	1604	0.0
1517	16	0.0
1915	2391	0.0
1162	4621	0.307972899125
4255	2447	0.0
1351	1650	0.0
17	4355	0.0
2496	1463	0.305196251161
4569	2645	0.421401280391
1764	1434	0.414707780015
3873	1567	0.40650034671
1524	4475	0.0
1640	4446	0.321037617374
1650	312	0.0
4970	1567	0.380412623035
1791	4347	0.0
3844	1150	0.422870924391
1720	1547	0.0
1764	5149	0.401545371648
1254	4347	0.0
1119	1764	0.0
976	1567	0.292525661677
3864	4275	0.389006061813
1463	4255	0.0
1517	5037	0.0
1082	3608	0.0
3072	621	0.0
2875	3320	0.0
2875	4481	0.0
2041	877	0.0
238	2983	0.0
4225	5140	0.443592150751
1574	3316	0.445145284398
1511	1530	0.0
3873	1093	0.0
2562	2001	0.0
16	4826	0.0
1119	4225	0.0
1082	1604	0.369111709488
3345	4503	0.0
1791	1567	0.375553719614
578	4248	0.581525854013
2420	2562	0.0
4225	5	0.438172980912
1358	741	0.422870924391
3166	3756	0.0
4371	1547	0.0
3345	4937	0.0
312	1162	0.0
1514	1212	0.0
4276	746	0.0
208	2983	0.0
1251	1720	0.0
1511	2480	0.0
4503	2119	0.30019625573
1769	5037	0.0
4446	4255	0.0
1958	4630	0.418136585285
4569	3673	0.0
1769	5	0.368501854823
1251	2464	0.0
2689	5283	0.400954704294
2645	4255	0.0
1119	1847	0.0
3841	4446	0.339042641723
5149	2756	0.0
1847	2344	0.0
3112	1567	0.515007654049
578	1791	0.414707780015
1413	4371	0.0
2850	2562	0.369111709488
1898	1547	0.0
1511	4255	0.0
5	2496	0.330724105463
2116	2480	0.581525854013
3582	4248	0.413428333584
1847	2756	0.0
4446	597	0.0
3873	2041	0.0
3864	1547	0.0
1351	804	0.314422235473
1251	2540	0.0
1358	3673	0.0
2423	1929	0.0
1524	1567	0.0
1901	1791	0.0
40	3345	0.0
933	3255	0.0
1036	4475	0.0
4503	2756	0.0
5	4255	0.0
3864	4697	0.0
1915	2001	0.0
1764	2562	0.365659696219
1823	746	0.0
4621	2681	0.287920981718
3065	4255	0.0
4276	16	0.0
1358	1162	0.323845203563
3844	1604	0.400954704294
40	4718	0.398225058193
4970	2496	0.322157841285
1511	3235	0.0
4225	111	0.438172980912
2423	3112	0.0
1901	1929	0.0
5149	4630	0.422870924391
456	4506	0.343515316786
1634	4475	0.314193922133
5292	2467	0.0
3251	2522	0.40730493696
1846	3065	0.419361126284
1413	621	0.0
40	1358	0.422870924391
1847	1434	0.0
621	4481	0.0
4314	804	0.318224788754
1769	4225	0.398225058193
1791	2447	0.0
3616	933	0.0
4970	3724	0.0
1791	4630	0.414707780015
1720	2509	0.0
1605	1764	0.0
4970	4937	0.355554679139
3616	5107	0.0
2689	4697	0.0
3537	4697	0.0
5079	5008	0.383468311968
5149	4888	0.424152175826
5079	1535	0.0
1824	1950	0.0
976	545	0.30822545753
1847	746	0.0
3235	4347	0.0
4569	1434	0.420152824522
1358	1604	0.400954704294
3320	3673	0.0
3316	4826	0.443592150751
4506	1544	0.0
3195	1634	0.370807144119
208	982	0.0
456	5032	0.333186389099
4276	785	0.369111709488
1574	4446	0.347872459819
1714	1549	0.0
2391	4255	0.0
1093	4481	0.0
4229	785	0.0
3864	3105	0.315001135856
3616	621	0.0
1828	238	0.0
1384	4697	0.0
1901	922	0.0
4970	1212	0.383871591149
4000	3756	0.367145873944
976	4630	0.345152597814
1413	845	1.0
677	4481	0.0
5079	4371	0.0
1082	1574	0.399231535353
4627	1567	0.0
3465	3634	0.545504075387
4347	4697	0.0
3873	4970	0.423271483131
5283	4627	0.0
1769	4718	0.381181007415
4314	741	0.400954704294
4355	4937	0.0
2733	457	0.349748406578
1036	4248	0.0
3873	4503	0.344011930608
3072	4826	0.415892447207
1082	804	0.316492260013
4569	3465	0.420152824522
765	1549	0.0
3065	3112	0.415892447207
3320	1929	0.409022306058
1254	2444	0.0
976	4355	0.0
2540	4481	0.0
1511	3724	0.0
1574	3465	0.581525854013
1119	1714	0.0
1650	3916	0.0
4481	5235	0.0
4225	3582	0.413428333584
746	4255	0.0
1640	1785	0.0
3841	677	0.564993367049
1605	4255	0.0
2467	5235	0.0
4276	1714	0.0
4503	785	0.286935649352
3345	597	0.0
3543	4255	0.0
4238	1093	0.0
1846	4276	0.400954704294
1530	2824	0.392696257309
3616	741	0.0
1824	312	0.0
1915	5107	0.0
5079	2562	0.369111709488
1254	4937	0.0
5079	4506	0.400954704294
4314	2380	0.360238531848
804	1950	0.0
2496	2794	0.0
5292	4621	0.394983107738
4314	5149	0.400954704294
1511	1067	0.0
578	1769	0.398225058193
4225	1714	0.0
1769	765	0.0
922	2041	0.0
4062	1950	0.0
5	1463	0.32403195122
4314	677	0.346257834484
4933	741	0.436263721365
1351	4225	0.394983107738
50	2423	0.0
4826	3982	0.0
5037	1720	0.0
1413	1567	0.405418788259
4355	1413	0.0
1463	3105	0.309464355167
1351	2733	0.394983107738
3316	877	0.0
40	3916	0.372518263004
3582	4255	0.0
1785	1567	0.0
3465	2681	0.345152597814
4937	1544	0.0
3916	597	0.0
1511	765	0.0
4225	4314	0.400954704294
1549	1791	0.0
4225	4276	0.400954704294
16	2619	0.0
208	4481	0.0
2689	2314	0.400954704294
2007	1567	0.0
3166	1567	0.0
1605	5037	0.0
2562	4275	0.400954704294
2733	640	0.0
1384	2287	0.365278780419
1251	2447	0.0
4062	804	0.409264053212
2464	2496	0.0
5079	804	0.318224788754
5212	1544	0.0
2001	4000	0.0
4692	4772	0.0
1915	1212	0.0
4225	50	0.400954704294
1650	4569	0.0
17	1764	0.400954704294
4826	1604	0.400954704294
1358	1514	0.0
3873	3756	0.435630795443
1604	804	0.318224788754
1764	976	0.296467521429
1251	5283	0.394983107738
3864	3608	0.0
578	4446	0.346946890132
2172	4347	0.0
4446	982	0.294269803523
4355	1567	0.0
1082	3320	0.374853001531
1786	3235	0.0
2391	1785	0.0
785	2540	0.0
3251	4376	0.412002885008
4627	1958	0.0
3145	2562	0.383468311968
1511	677	0.0
3235	3166	0.0
1605	5032	0.0
2645	2509	0.0
1517	2681	0.307953189795
1605	1604	0.0
4225	1958	0.418136585285
1714	922	0.0
2562	3112	0.378836920125
40	1929	0.436263721365
2983	597	0.0
2314	2756	0.0
4621	2447	0.0
1898	4697	0.0
4621	2509	0.0
3844	1720	0.0
1720	1434	0.0
1082	3916	0.350952396297
1823	1413	0.581525854013
2007	3673	0.0
4970	2314	0.42200080018
4000	2824	0.367145873944
2344	2756	0.0
4225	2480	0.581525854013
2420	1950	0.0
976	2496	0.290578937289
1764	2380	0.369027914788
1915	545	0.0
2556	4255	0.0
1720	3235	0.0
4225	2540	0.0
312	1567	0.0
4376	3195	0.394269177455
3316	4481	0.0
2423	1549	0.0
1351	1604	0.394983107738
2007	2041	0.0
3316	2467	0.0
1764	4248	0.414707780015
4248	5008	0.400954704294
4000	2981	0.373639484921
4481	4697	0.0
1605	982	0.0
3345	457	0.0
1898	50	0.0
746	313	0.0
1786	3844	0.0
40	457	0.398225058193
4503	2447	0.286935649352
1785	3166	0.0
3844	922	0.322840415886
1898	4481	0.0
2001	2726	0.0
3253	1958	0.328909960648
545	2756	0.0
1823	4276	0.401989192066
1846	5	0.397684439033
4062	2447	0.0
1530	2653	0.0
2116	785	0.395957064455
3841	2981	0.397901273616
3320	1785	0.0
1847	1950	0.0
1082	4503	0.288366398336
4446	5079	0.291476067866
2420	2983	0.0
2619	5235	0.0
2522	877	0.0
5121	2756	0.0
1251	5149	0.394983107738
1847	982	0.0
1650	1714	0.0
3873	3105	0.390472574279
40	804	0.339764709479
1254	1549	0.0
1517	3673	0.0
3320	1150	0.409022306058
2423	4371	0.0
1786	1549	0.0
1847	3253	0.0
238	313	0.0
5037	4481	0.0
4062	2645	0.581525854013
3320	3105	0.315001135856
4506	922	0.323294081446
5149	922	0.322840415886
5032	677	0.400954704294
4255	3982	0.0
1358	3543	0.412002885008
677	1634	0.414707780015
3251	1786	0.0
5079	4188	0.400954704294
4225	677	0.579304729994
3217	3112	0.59955320946
3105	4481	0.0
4314	3195	0.369111709488
3864	976	0.311778509331
1720	2619	0.0
3873	2287	0.428118498988
3537	4255	0.0
456	3724	0.0
50	1720	0.0
1847	4481	0.0
1150	4772	0.0
1254	4446	0.0
3844	4937	0.401545371648
4376	3112	0.415892447207
50	2287	0.383468311968
2689	3537	0.400954704294
933	2423	0.0
1898	5037	0.0
4970	1463	0.316114727094
3195	2444	0.404381352563
1254	4275	0.0
765	1567	0.0
2391	3864	0.389006061813
1915	4000	0.0
1786	3916	0.0
3235	4481	0.0
40	3465	0.436263721365
1847	4225	0.0
1634	4347	0.0
1605	1791	0.0
1769	3320	0.381181007415
2391	545	0.412206575033
4376	3756	0.430532167211
3235	4630	0.0
1351	3543	0.386634031258
1251	4255	0.0
4276	741	0.400954704294
1251	2467	0.0
1828	4446	0.347872459819
1720	2467	0.0
982	1093	0.0
2612	5286	0.0
1567	4630	0.405418788259
5037	5235	0.0
2983	4718	0.309033739414
1251	2756	0.0
3543	804	0.326808216372
3616	4481	0.0
3465	4000	0.398225058193
3537	677	0.443210519471
4475	4697	0.0
1605	208	0.0
578	5212	0.419167872621
17	3235	0.0
4970	2562	0.370017330185
3145	804	0.380639094645
3195	4371	0.0
2116	504	1.0
2522	4627	0.0
4275	4248	0.581525854013
4933	4888	0.427376385409
40	312	0.0
2733	1162	0.317829999478
1036	2540	0.0
4314	4503	0.289556880638
4692	1251	0.0
5121	4371	0.0
3217	1342	0.572892911407
3345	1720	0.0
1254	2562	0.0
1720	545	0.0
5212	5	0.398527571694
5032	4888	0.401989192066
1720	2612	0.0
5037	1547	0.0
4314	235	0.0
3844	1714	0.0
3465	1547	0.0
1769	2875	0.0
1824	4621	0.385401755689
2983	5008	0.310607326061
1786	4481	0.0
4826	4888	0.581525854013
5149	1604	0.400954704294
4225	1535	0.0
4225	1634	0.414707780015
3844	2983	0.322840415886
1714	3673	0.0
1605	2447	0.0
2464	4248	0.0
2850	4238	0.0
4826	1544	0.0
5212	3320	0.390182738778
457	3166	0.0
4188	457	0.398225058193
4970	2824	0.383871591149
5121	2423	0.0
1915	4621	0.0
1605	2689	0.0
2464	2447	0.0
4275	4475	0.34079068241
4062	2756	0.0
1786	1915	0.0
40	4481	0.0
1358	1640	0.331786681734
982	2480	0.40730493696
4692	1634	0.0
1351	922	0.307150493429
1075	2420	0.0
1251	2556	0.0
1517	545	0.335474952243
922	313	0.0
4503	1720	0.0
1714	785	0.0
2172	3982	0.0
4000	2726	0.38046575476
583	4347	0.0
3320	2556	0.0
1254	3916	0.0
1036	2726	0.0
3195	3608	0.0
4062	4937	0.413428333584
3841	1162	0.379008087855
3982	5235	0.0
5	3543	0.394872850674
5037	3724	0.0
5079	3537	0.400954704294
2496	804	0.318224788754
3582	4772	0.0
1828	1958	0.419361126284
741	2981	0.40730493696
5079	621	0.0
40	4886	0.407022389062
1254	2981	0.0
4229	1604	0.0
2172	4062	0.0
2875	1463	0.0
1067	2983	0.0
2447	4718	0.0
4376	1463	0.365673527499
4276	2287	0.37459057506
1212	1549	0.0
741	457	0.398225058193
1038	4355	0.0
1038	1574	0.0
1915	3105	0.0
1847	4188	0.0
621	2540	0.0
40	2653	0.0
4225	4506	0.423709113725
3105	1544	0.0
4276	1384	0.392105764649
3253	2344	0.328909960648
3065	2480	0.581525854013
1351	4188	0.394983107738
4569	1604	0.400954704294
4937	4630	0.413428333584
976	1714	0.0
1846	4481	0.0
4937	2496	0.333888518219
4238	1150	0.0
3316	4000	0.398225058193
2172	597	0.0
4503	2423	0.0
2391	4937	0.413428333584
1342	1958	0.371166513605
4569	1251	0.394983107738
3537	2619	0.400954704294
1785	4772	0.0
3465	677	0.418265613881
2001	1547	0.0
1714	1162	0.0
1764	2041	0.0
1901	3166	0.0
4371	1093	0.0
2689	3673	0.0
2423	2653	0.0
1786	4475	0.0
1358	5149	0.422870924391
1605	5235	0.0
1650	2287	0.0
2467	2689	0.0
2794	313	0.0
5140	976	0.307814062021
1351	3982	0.0
2467	1093	0.0
4225	2726	0.417053772692
3616	3756	0.0
4692	4630	0.0
1958	3112	0.414707780015
2007	5	0.0
3235	4248	0.0
1650	3582	0.0
1605	4225	0.0
4503	2467	0.0
4276	877	0.0
1036	4481	0.0
4225	5149	0.422870924391
4937	4275	0.413428333584
1898	640	0.0
5121	2562	0.392105764649
1251	1634	0.364795872256
3673	741	0.0
5079	4937	0.383468311968
4376	4569	0.409551452938
2391	2689	0.400954704294
1212	1547	0.0
2007	3864	0.0
4225	4933	0.581525854013
765	2681	0.0
1901	2556	0.0
1067	1530	0.0
1714	3537	0.0
3316	3105	0.333507565338
1524	5107	0.0
3320	2447	0.0
16	5283	0.0
3465	1524	0.0
1898	2653	0.0
1351	746	0.0
2556	2540	0.0
1720	2884	0.0
1254	5121	0.0
17	3864	0.310425884073
1720	2314	0.0
4937	1567	0.405418788259
4697	4718	0.0
1547	2756	0.0
4371	877	0.0
3841	4188	0.778040308207
1650	1251	0.0
1511	2447	0.0
4225	1901	0.0
982	1413	0.40730493696
3537	2314	0.443210519471
2726	2619	0.400954704294
982	5235	0.0
3145	1524	0.0
3582	1150	0.413428333584
4276	3756	0.369111709488
1530	457	0.381181007415
1511	1898	0.0
4276	583	0.0
4276	2726	0.400954704294
2562	4627	0.0
982	4238	0.0
4503	2983	0.310607326061
17	4697	0.0
4503	1413	0.343126642788
5037	3543	0.0
1358	3065	0.424152175826
4225	1549	0.0
5	2619	0.383468311968
4248	313	0.0
1067	877	0.0
4355	5149	0.0
1251	2480	0.394983107738
1524	2794	0.0
3864	1714	0.0
1769	545	0.317535686899
1823	2756	0.0
2850	1604	0.400954704294
1714	1901	0.0
3543	3756	0.378836920125
746	1093	0.0
1901	4697	0.0
1823	5	0.439651167411
1075	3217	0.0
2447	5008	0.0
1358	4225	0.422870924391
4692	2850	0.0
456	5283	0.338356685185
933	922	0.32739643914
1254	2756	0.0
1605	1898	0.0
4937	4627	0.0
3616	3608	0.0
1162	5286	0.307972899125
4225	3756	0.443592150751
2496	2824	0.316700956697
3316	1898	0.0
1036	1764	0.0
3724	3916	0.0
1358	2794	0.0
238	4481	0.0
3251	4481	0.0
4376	456	0.382931324224
1720	3724	0.0
741	2522	0.40730493696
4225	982	0.40730493696
4355	3756	0.0
2681	5235	0.0
1251	1791	0.394983107738
1824	2001	0.0
982	1212	0.373639484921
1511	235	0.0
1823	3673	0.0
2689	1093	0.0
1517	1162	0.317829999478
1764	3253	0.326808216372
1535	4886	0.0
4276	4238	0.0
312	4248	0.0
4970	1950	0.0
4621	2287	0.378454369114
4355	2756	0.0
2562	4718	0.367145873944
4569	3235	0.0
456	2041	0.0
3844	1384	0.412002885008
1720	4621	0.0
50	1413	0.400954704294
1517	504	0.393099687587
4446	1384	0.302417073513
4255	804	0.0
1358	2007	0.0
4970	3537	0.42200080018
1764	578	0.414707780015
5107	3112	0.0
3864	313	0.0
1358	3145	0.401545371648
1511	4062	0.0
4569	3320	0.399331732682
1567	4718	0.364245356276
1254	2119	0.0
741	2314	0.436263721365
1547	1791	0.0
3724	4188	0.0
4314	2287	0.383468311968
1714	2001	0.0
3195	5032	0.369111709488
5	2287	0.371263576598
1823	4062	0.581525854013
1823	1785	0.0
1901	3195	0.0
3841	4225	0.778040308207
1119	1351	0.0
3345	2726	0.0
238	2645	0.0
5121	4630	0.545504075387
1254	765	0.0
4225	5292	0.424517892515
4506	597	0.0
4276	5079	0.383468311968
3145	3217	0.72598587336
2467	3195	0.0
1605	2041	0.0
4937	4248	0.413428333584
2850	3673	0.0
2726	877	0.0
1650	2423	0.0
17	1251	0.335293690698
3608	1567	0.0
3345	2509	0.0
4376	4692	0.0
4314	4371	0.0
1574	3255	0.0
235	2681	0.0
1514	3320	0.0
3195	3217	0.394269177455
3072	2464	0.0
1764	2619	0.383468311968
208	2981	0.0
2726	1929	0.417053772692
3844	3916	0.365235688651
545	2612	0.0
4225	2116	0.581525854013
2423	4630	0.0
3195	1434	0.403322099002
2689	4347	0.0
1574	4255	0.0
4275	1929	0.581525854013
456	804	0.311831609709
1605	4238	0.0
2733	1567	0.373770358465
40	1605	0.0
578	2681	0.345152597814
3873	1958	0.419361126284
1714	504	0.0
3145	640	0.0
1634	804	0.326808216372
1254	1067	0.0
5283	1463	0.311046805299
1915	3864	0.0
1915	621	0.0
3345	4248	0.0
982	456	0.336172016921
4503	4718	0.288366398336
1251	4506	0.394983107738
4225	746	0.0
1082	1358	0.384466574213
4569	4062	0.420152824522
2619	804	0.318224788754
2509	1567	0.0
2467	4481	0.0
4225	5032	0.400954704294
3864	2562	0.310425884073
4225	2612	0.0
4229	982	0.0
545	3543	0.327995389006
3345	545	0.0
3345	4225	0.0
1824	1785	0.0
4446	2824	0.296318479402
1251	845	0.394983107738
3217	5008	0.392105764649
4229	1785	0.0
3724	5286	0.0
4376	1567	0.40650034671
457	4718	0.381181007415
5079	2612	0.0
504	1929	0.581525854013
3537	2287	0.417846902632
4376	238	0.0
3465	2496	0.389006061813
1413	1150	0.581525854013
746	3543	0.0
456	111	0.349563675618
457	2653	0.0
3255	3112	0.0
16	1067	0.0
238	3982	0.0
4970	1929	0.42200080018
1463	4481	0.0
3673	1162	0.0
5037	1544	0.0
4276	2824	0.369111709488
5079	5149	0.400954704294
1901	1524	0.0
3112	4630	0.414707780015
5140	597	0.0
3345	4355	0.0
3251	2875	0.0
1251	621	0.0
5	1162	0.332068308009
1530	2447	0.0
5121	1093	0.0
4276	545	0.319291385545
1517	1547	0.0
3634	3112	0.59955320946
111	313	0.0
4225	2380	0.448467709038
4314	208	0.0
4506	4347	0.0
2001	1785	0.0
3916	4248	0.40730493696
4446	111	0.306889019742
3916	5149	0.365235688651
2562	1785	0.0
1524	1604	0.0
3105	4772	0.0
2423	3255	0.0
238	2653	0.0
3105	1150	0.389006061813
2875	312	0.0
5212	1463	0.314685732748
1342	2884	0.0
16	5149	0.0
4225	2496	0.389006061813
3112	3166	0.0
4692	1162	0.0
4188	1535	0.0
5079	3112	0.414707780015
504	621	0.0
1162	1791	0.319317423617
1828	2314	0.581525854013
1846	5079	0.397684439033
40	2116	0.437716164943
1901	2653	0.0
746	2619	0.0
5140	4238	0.0
1036	578	0.0
2467	4255	0.0
1036	1517	0.0
1082	4238	0.0
2423	3543	0.0
5037	1150	0.0
1511	1605	0.0
1082	1791	0.378836920125
4627	1547	0.0
3251	4225	0.422870924391
4225	4248	0.581525854013
1254	4238	0.0
1915	578	0.0
17	5107	0.0
4503	1714	0.0
1358	1511	0.0
1650	2850	0.0
976	2756	0.0
1038	1604	0.0
3316	4225	0.443592150751
1605	3724	0.0
3864	1530	0.356576189801
3864	4248	0.389006061813
1605	2496	0.0
804	3756	0.338554191506
5037	3465	0.0
1634	4000	0.367145873944
3345	4276	0.0
4503	877	0.308282797813
1769	1067	0.0
1824	1547	0.0
4225	785	0.394983107738
4314	3320	0.383468311968
1549	4347	0.0
741	3105	0.329733060273
457	2314	0.398225058193
3537	2001	0.0
3844	597	0.0
4376	2041	0.0
4225	4371	0.0
4276	2496	0.310425884073
1038	3316	0.0
1824	2689	0.400954704294
1574	111	0.439651167411
5037	2619	0.0
3065	208	0.0
1764	4314	0.383468311968
1846	4506	0.418136585285
2522	765	0.0
1251	3195	0.364795872256
17	2562	0.357176260043
1915	785	0.0
2467	877	0.0
4937	804	0.32602003197
1823	3112	0.415892447207
17	545	0.319291385545
4276	4481	0.0
2556	3105	0.0
1351	1567	0.361968111369
3345	2540	0.0
5	2480	0.438172980912
1823	545	0.414058486926
1075	5	0.0
2496	4481	0.0
1511	877	0.0
111	1150	0.438172980912
2420	2001	0.0
4475	4772	0.0
17	2540	0.0
4225	3235	0.0
2423	545	0.0
3673	2726	0.0
3072	457	0.351113004354
4481	3756	0.0
4970	4275	0.42200080018
3543	1791	0.404626536149
3873	3195	0.404381352563
4347	4630	0.0
1605	3235	0.0
4225	2875	0.0
1824	3537	0.412064003149
5032	2824	0.369111709488
40	1530	0.41233209465
3841	3582	0.403466612427
40	3673	0.0
2119	4347	0.0
3873	3844	0.424152175826
5212	4937	0.398527571694
4225	5107	0.0
1786	1958	0.0
2981	2619	0.383468311968
1251	1530	0.378454369114
982	2496	0.314035310606
4276	4630	0.400954704294
1824	1530	0.385401755689
238	4937	0.0
