3917	1876	1.0
1876	3917	1.0
1650	2527	0.01
2527	1650	0.01
4181	1236	0.01
1236	4181	0.01
365	1254	1.0
1254	365	1.0
3880	733	0.01
733	3880	0.01
5212	4899	1.0
4899	5212	1.0
1875	610	1.0
610	1875	1.0
1875	5063	1.0
5063	1875	1.0
3164	578	1.0
578	3164	1.0
2447	1251	1.0
1251	2447	1.0
352	2013	0.01
2013	352	0.01
270	650	0.01
650	270	0.01
1496	1266	0.01
1266	1496	0.01
2784	471	1.0
471	2784	1.0
4782	876	0.01
876	4782	0.01
5212	4210	0.01
4210	5212	0.01
365	5145	1.0
5145	365	1.0
2578	2463	0.01
2463	2578	0.01
3080	1138	1.0
1138	3080	1.0
5166	4677	1.0
4677	5166	1.0
1138	4181	1.0
4181	1138	1.0
15	1935	0.01
1935	15	0.01
1496	914	1.0
914	1496	1.0
4795	4494	1.0
4494	4795	1.0
1665	615	1.0
615	1665	1.0
2527	1898	0.01
1898	2527	0.01
4676	3023	0.01
3023	4676	0.01
1236	5132	1.0
5132	1236	1.0
429	412	0.01
412	429	0.01
1665	1601	1.0
1601	1665	1.0
1876	1601	1.0
1601	1876	1.0
5166	2219	1.0
2219	5166	1.0
1254	4908	1.0
4908	1254	1.0
3889	2719	1.0
2719	3889	1.0
1562	5265	0.01
5265	1562	0.01
1918	2659	1.0
2659	1918	1.0
4210	1876	1.0
1876	4210	1.0
1251	2582	1.0
2582	1251	1.0
4140	2738	0.01
2738	4140	0.01
2726	302	0.01
302	2726	0.01
4928	3211	0.01
3211	4928	0.01
2783	471	1.0
471	2783	1.0
3917	1169	0.01
1169	3917	0.01
5266	2582	1.0
2582	5266	1.0
914	1876	1.0
1876	914	1.0
3889	4140	0.01
4140	3889	0.01
4055	15	0.01
15	4055	0.01
4677	132	0.01
132	4677	0.01
243	132	0.01
132	243	0.01
4782	1249	0.01
1249	4782	0.01
5132	1427	1.0
1427	5132	1.0
2463	2105	0.01
2105	2463	0.01
1138	1840	1.0
1840	1138	1.0
2283	1427	1.0
1427	2283	1.0
2262	2582	1.0
2582	2262	1.0
1193	1562	0.01
1562	1193	0.01
2283	3323	1.0
3323	2283	1.0
3846	3609	1.0
3609	3846	1.0
2462	5132	1.0
5132	2462	1.0
1102	4276	1.0
4276	1102	1.0
2527	352	0.01
352	2527	0.01
3990	1427	1.0
1427	3990	1.0
3609	3211	0.01
3211	3609	0.01
1875	3323	1.0
3323	1875	1.0
1138	615	1.0
615	1138	1.0
4181	1876	0.01
1876	4181	0.01
1601	5265	1.0
5265	1601	1.0
5132	3808	1.0
3808	5132	1.0
5212	2206	1.0
2206	5212	1.0
2784	5166	1.0
5166	2784	1.0
4928	3112	0.01
3112	4928	0.01
1876	2219	1.0
2219	1876	1.0
607	2933	1.0
2933	607	1.0
5166	3854	1.0
3854	5166	1.0
1102	3846	0.01
3846	1102	0.01
243	2358	1.0
2358	243	1.0
1254	4276	0.01
4276	1254	0.01
1138	3917	1.0
3917	1138	1.0
3164	246	1.0
246	3164	1.0
5132	4210	1.0
4210	5132	1.0
914	1254	1.0
1254	914	1.0
2738	243	0.01
243	2738	0.01
1875	941	1.0
941	1875	1.0
3952	1193	0.01
1193	3952	0.01
3080	870	1.0
870	3080	1.0
4245	1772	0.01
1772	4245	0.01
5132	5063	1.0
5063	5132	1.0
5132	1193	1.0
1193	5132	1.0
3854	2719	1.0
2719	3854	1.0
2262	243	0.01
243	2262	0.01
1875	1601	1.0
1601	1875	1.0
2206	1251	1.0
1251	2206	1.0
1780	5266	0.01
5266	1780	0.01
2527	3609	0.01
3609	2527	0.01
3112	4677	1.0
4677	3112	1.0
1251	2219	1.0
2219	1251	1.0
323	15	0.01
15	323	0.01
2783	607	1.0
607	2783	1.0
2272	4677	0.01
4677	2272	0.01
1138	1169	1.0
1169	1138	1.0
1102	471	1.0
471	1102	1.0
3065	4210	0.01
4210	3065	0.01
471	2933	1.0
2933	471	1.0
4707	688	1.0
688	4707	1.0
1251	1650	1.0
1650	1251	1.0
2272	5033	0.01
5033	2272	0.01
2783	2463	0.01
2463	2783	0.01
532	2726	0.01
2726	532	0.01
246	3323	0.01
3323	246	0.01
5127	402	0.01
402	5127	0.01
2783	4348	1.0
4348	2783	1.0
4928	4899	0.01
4899	4928	0.01
2783	4276	1.0
4276	2783	1.0
2543	688	0.01
688	2543	0.01
434	4276	1.0
4276	434	1.0
211	510	0.01
510	211	0.01
3854	3164	1.0
3164	3854	1.0
3447	4928	1.0
4928	3447	1.0
2726	434	0.01
434	2726	0.01
2283	2669	1.0
2669	2283	1.0
789	1254	1.0
1254	789	1.0
789	5166	1.0
5166	789	1.0
2783	4494	1.0
4494	2783	1.0
471	3889	1.0
3889	471	1.0
1851	2105	0.01
2105	1851	0.01
352	3164	0.01
3164	352	0.01
2783	4181	1.0
4181	2783	1.0
5212	3808	0.01
3808	5212	0.01
471	2719	1.0
2719	471	1.0
3854	1898	1.0
1898	3854	1.0
1496	3917	1.0
3917	1496	1.0
2305	2316	1.0
2316	2305	1.0
3211	5063	0.01
5063	3211	0.01
2447	4276	1.0
4276	2447	1.0
532	1047	0.01
1047	532	0.01
1665	5212	1.0
5212	1665	1.0
3917	5095	0.01
5095	3917	0.01
1138	4677	1.0
4677	1138	1.0
4815	107	0.01
107	4815	0.01
2463	4348	0.01
4348	2463	0.01
870	2156	0.01
2156	870	0.01
2206	1193	0.01
1193	2206	0.01
1151	5070	1.0
5070	1151	1.0
2743	615	0.01
615	2743	0.01
3917	1935	1.0
1935	3917	1.0
1236	365	1.0
365	1236	1.0
1236	3511	1.0
3511	1236	1.0
941	4908	1.0
4908	941	1.0
615	4181	1.0
4181	615	1.0
5265	3511	0.01
3511	5265	0.01
1138	4672	1.0
4672	1138	1.0
3609	2305	1.0
2305	3609	1.0
499	1068	0.01
1068	499	0.01
302	5265	1.0
5265	302	1.0
804	3990	0.01
3990	804	0.01
2461	615	0.01
615	2461	0.01
5166	5265	1.0
5265	5166	1.0
1799	4908	0.01
4908	1799	0.01
1665	132	0.01
132	1665	0.01
941	5266	1.0
5266	941	1.0
4907	1496	0.01
1496	4907	0.01
1665	1249	0.01
1249	1665	0.01
4245	4672	1.0
4672	4245	1.0
5166	5127	1.0
5127	5166	1.0
4672	211	0.01
211	4672	0.01
789	941	1.0
941	789	1.0
5212	2719	1.0
2719	5212	1.0
1935	2582	1.0
2582	1935	1.0
3164	1928	1.0
1928	3164	1.0
789	365	1.0
365	789	1.0
2156	2305	1.0
2305	2156	1.0
616	4494	0.01
4494	616	0.01
4677	1047	0.01
1047	4677	0.01
1047	5070	0.01
5070	1047	0.01
3829	3511	0.01
3511	3829	0.01
5266	1357	1.0
1357	5266	1.0
1254	2219	1.0
2219	1254	1.0
2462	3511	1.0
3511	2462	1.0
2920	1650	0.01
1650	2920	0.01
4494	370	0.01
370	4494	0.01
3854	1928	0.01
1928	3854	0.01
1496	365	1.0
365	1496	1.0
365	5121	1.0
5121	365	1.0
2527	1236	0.01
1236	2527	0.01
5145	688	0.01
688	5145	0.01
4908	52	0.01
52	4908	0.01
4707	499	0.01
499	4707	0.01
3846	1427	0.01
1427	3846	0.01
1356	1875	0.01
1875	1356	0.01
5265	2283	1.0
2283	5265	1.0
370	4300	0.01
4300	370	0.01
1889	52	0.01
52	1889	0.01
3175	4815	0.01
4815	3175	0.01
1236	1601	1.0
1601	1236	1.0
578	3829	0.01
3829	578	0.01
5180	2463	0.01
2463	5180	0.01
1898	302	0.01
302	1898	0.01
4276	4928	1.0
4928	4276	1.0
5180	3611	0.01
3611	5180	0.01
2933	1780	0.01
1780	2933	0.01
107	2358	0.01
2358	107	0.01
5180	4210	0.01
4210	5180	0.01
2687	2105	0.01
2105	2687	0.01
3511	4677	1.0
4677	3511	1.0
4169	1876	1.0
1876	4169	1.0
932	4245	0.01
4245	932	0.01
52	4815	0.01
4815	52	0.01
2272	15	0.01
15	2272	0.01
2272	4169	0.01
4169	2272	0.01
3609	2582	1.0
2582	3609	1.0
2447	4506	1.0
4506	2447	1.0
5132	932	1.0
932	5132	1.0
52	876	0.01
876	52	0.01
5132	3880	1.0
3880	5132	1.0
2719	4672	1.0
4672	2719	1.0
5132	2582	1.0
2582	5132	1.0
2139	5166	0.01
5166	2139	0.01
2784	1356	0.01
1356	2784	0.01
1102	2206	1.0
2206	1102	1.0
607	1780	0.01
1780	607	0.01
365	5212	1.0
5212	365	1.0
3323	4494	0.01
4494	3323	0.01
2784	5265	1.0
5265	2784	1.0
2219	4494	1.0
4494	2219	1.0
616	5166	0.01
5166	616	0.01
3447	688	1.0
688	3447	1.0
3112	1876	1.0
1876	3112	1.0
402	17	0.01
17	402	0.01
4899	2582	1.0
2582	4899	1.0
2783	3175	0.01
3175	2783	0.01
1898	2933	1.0
2933	1898	1.0
3164	2659	1.0
2659	3164	1.0
1562	5266	1.0
5266	1562	1.0
5132	3917	1.0
3917	5132	1.0
615	914	0.01
914	615	0.01
5132	3829	1.0
3829	5132	1.0
5212	3543	1.0
3543	5212	1.0
5121	1427	0.01
1427	5121	0.01
725	914	0.01
914	725	0.01
1875	5266	1.0
5266	1875	1.0
4677	3609	0.01
3609	4677	0.01
4907	5180	0.01
5180	4907	0.01
870	4908	0.01
4908	870	0.01
2756	804	0.01
804	2756	0.01
3952	616	0.01
616	3952	0.01
4169	688	0.01
688	4169	0.01
4795	2669	1.0
2669	4795	1.0
2447	650	0.01
650	2447	0.01
5265	4494	1.0
4494	5265	1.0
1918	1266	0.01
1266	1918	0.01
49	52	0.01
52	49	0.01
471	5212	1.0
5212	471	1.0
2206	2659	1.0
2659	2206	1.0
3854	1875	1.0
1875	3854	1.0
4169	2582	1.0
2582	4169	1.0
3114	1601	1.0
1601	3114	1.0
789	2783	1.0
2783	789	1.0
2206	2582	1.0
2582	2206	1.0
4300	2086	0.01
2086	4300	0.01
2719	2933	1.0
2933	2719	1.0
1840	5321	0.01
5321	1840	0.01
4907	1935	1.0
1935	4907	1.0
1102	2719	1.0
2719	1102	1.0
4707	3080	0.01
3080	4707	0.01
1193	941	1.0
941	1193	1.0
3112	4672	1.0
4672	3112	1.0
5070	1772	0.01
1772	5070	0.01
2462	4055	0.01
4055	2462	0.01
4718	3917	0.01
3917	4718	0.01
49	1427	0.01
1427	49	0.01
5166	3511	1.0
3511	5166	1.0
5166	3917	1.0
3917	5166	1.0
2462	1138	1.0
1138	2462	1.0
1665	4245	1.0
4245	1665	1.0
302	3511	1.0
3511	302	1.0
365	211	1.0
211	365	1.0
1875	1538	0.01
1538	1875	0.01
607	3609	1.0
3609	607	1.0
2543	2461	0.01
2461	2543	0.01
1266	5266	0.01
5266	1266	0.01
941	3611	0.01
3611	941	0.01
1898	1254	0.01
1254	1898	0.01
2743	78	0.01
78	2743	0.01
789	5265	1.0
5265	789	1.0
4210	5150	0.01
5150	4210	0.01
789	2219	1.0
2219	789	1.0
5023	5095	0.01
5095	5023	0.01
4140	1851	0.01
1851	4140	0.01
5180	615	0.01
615	5180	0.01
1236	4795	1.0
4795	1236	1.0
270	5321	0.01
5321	270	0.01
2447	1138	0.01
1138	2447	0.01
914	2219	1.0
2219	914	1.0
4676	4707	0.01
4707	4676	0.01
1562	1266	1.0
1266	1562	1.0
5070	365	0.01
365	5070	0.01
17	4136	0.01
4136	17	0.01
1665	4276	1.0
4276	1665	1.0
1102	5166	1.0
5166	1102	1.0
2659	5033	0.01
5033	2659	0.01
4245	2582	1.0
2582	4245	1.0
5212	5265	1.0
5265	5212	1.0
5212	2219	1.0
2219	5212	1.0
5266	4672	1.0
4672	5266	1.0
4245	859	0.01
859	4245	0.01
4506	3889	0.01
3889	4506	0.01
5132	941	1.0
941	5132	1.0
52	5121	0.01
5121	52	0.01
4276	859	0.01
859	4276	0.01
4672	1562	0.01
1562	4672	0.01
502	578	0.01
578	502	0.01
1236	3917	1.0
3917	1236	1.0
3112	1274	1.0
1274	3112	1.0
870	4210	1.0
4210	870	1.0
243	1169	0.01
1169	243	0.01
5023	3611	0.01
3611	5023	0.01
2784	352	0.01
352	2784	0.01
2582	4795	1.0
4795	2582	1.0
914	2659	1.0
2659	914	1.0
243	932	0.01
932	243	0.01
4300	4928	0.01
4928	4300	0.01
2461	3990	0.01
3990	2461	0.01
3880	1745	1.0
1745	3880	1.0
402	607	0.01
607	402	0.01
5127	4348	0.01
4348	5127	0.01
2578	1918	0.01
1918	2578	0.01
2783	5166	1.0
5166	2783	1.0
1799	107	0.01
107	1799	0.01
1780	4181	0.01
4181	1780	0.01
1266	2272	0.01
2272	1266	0.01
3846	1918	0.01
1918	3846	0.01
2206	725	0.01
725	2206	0.01
3808	1650	0.01
1650	3808	0.01
876	3211	0.01
3211	876	0.01
1102	3323	1.0
3323	1102	1.0
2933	4494	1.0
4494	2933	1.0
2156	3990	1.0
3990	2156	1.0
4140	4030	0.01
4030	4140	0.01
1274	4389	0.01
4389	1274	0.01
1840	3543	1.0
3543	1840	1.0
246	365	0.01
365	246	0.01
2784	365	1.0
365	2784	1.0
3917	941	1.0
941	3917	1.0
2784	246	1.0
246	2784	1.0
3511	5212	0.01
5212	3511	0.01
859	1538	0.01
1538	859	0.01
510	1138	0.01
1138	510	0.01
2582	4677	1.0
4677	2582	1.0
2783	2582	1.0
2582	2783	1.0
1928	2582	1.0
2582	1928	1.0
4276	5265	1.0
5265	4276	1.0
615	3447	0.01
3447	615	0.01
932	1935	0.01
1935	932	0.01
1193	2582	1.0
2582	1193	1.0
1745	3065	0.01
3065	1745	0.01
5070	5212	1.0
5212	5070	1.0
1138	3829	0.01
3829	1138	0.01
941	5127	1.0
5127	941	1.0
2756	2461	0.01
2461	2756	0.01
2462	4908	0.01
4908	2462	0.01
2719	4494	1.0
4494	2719	1.0
4677	2669	0.01
2669	4677	0.01
941	2588	1.0
2588	941	1.0
5132	1138	0.01
1138	5132	0.01
2206	941	1.0
941	2206	1.0
578	1427	1.0
1427	578	1.0
2730	688	0.01
688	2730	0.01
5023	2447	0.01
2447	5023	0.01
932	3323	0.01
3323	932	0.01
4908	5321	0.01
5321	4908	0.01
434	3080	1.0
3080	434	1.0
5166	3543	1.0
3543	5166	1.0
4169	2358	1.0
2358	4169	1.0
1138	3323	1.0
3323	1138	1.0
1151	5063	0.01
5063	1151	0.01
4677	1840	0.01
1840	4677	0.01
1102	3854	1.0
3854	1102	1.0
615	3808	0.01
3808	615	0.01
4276	3854	1.0
3854	4276	1.0
2543	1601	0.01
1601	2543	0.01
17	2933	0.01
2933	17	0.01
789	4494	1.0
4494	789	1.0
5132	3211	1.0
3211	5132	1.0
3112	1138	1.0
1138	3112	1.0
5070	3543	1.0
3543	5070	1.0
2461	4506	1.0
4506	2461	1.0
1266	3112	0.01
3112	1266	0.01
1193	789	0.01
789	1193	0.01
1772	5321	0.01
5321	1772	0.01
3889	5212	1.0
5212	3889	1.0
3447	1875	1.0
1875	3447	1.0
17	352	0.01
352	17	0.01
936	2463	0.01
2463	936	0.01
1236	3889	1.0
3889	1236	1.0
2578	4498	0.01
4498	2578	0.01
1138	3511	1.0
3511	1138	1.0
2283	3080	0.01
3080	2283	0.01
499	1898	0.01
1898	499	0.01
4718	4030	0.01
4030	4718	0.01
2783	2907	0.01
2907	2783	0.01
5063	3112	0.01
3112	5063	0.01
365	607	0.01
607	365	0.01
610	4672	0.01
4672	610	0.01
1254	4300	1.0
4300	1254	1.0
3112	270	1.0
270	3112	1.0
4928	2784	0.01
2784	4928	0.01
2358	2316	0.01
2316	2358	0.01
5212	2582	1.0
2582	5212	1.0
1772	1538	0.01
1538	1772	0.01
1102	2582	1.0
2582	1102	1.0
5265	3323	0.01
3323	5265	0.01
3917	2933	0.01
2933	3917	0.01
471	4389	0.01
4389	471	0.01
1840	2262	0.01
2262	1840	0.01
270	2139	0.01
2139	270	0.01
2784	1876	1.0
1876	2784	1.0
616	1138	1.0
1138	616	1.0
1876	1935	1.0
1935	1876	1.0
1665	365	0.01
365	1665	0.01
2783	3854	1.0
3854	2783	1.0
941	2262	1.0
2262	941	1.0
4726	17	0.01
17	4726	0.01
3323	3543	0.01
3543	3323	0.01
688	2588	0.01
2588	688	0.01
4494	1840	0.01
1840	4494	0.01
4245	3917	0.01
3917	4245	0.01
4136	2156	0.01
2156	4136	0.01
2447	4494	1.0
4494	2447	1.0
5132	4899	1.0
4899	5132	1.0
1138	2305	1.0
2305	1138	1.0
2424	2527	0.01
2527	2424	0.01
3543	2719	0.01
2719	3543	0.01
1251	1935	0.01
1935	1251	0.01
789	429	0.01
429	789	0.01
870	4676	1.0
4676	870	1.0
4136	5212	0.01
5212	4136	0.01
789	1665	1.0
1665	789	1.0
733	4181	0.01
4181	733	0.01
1851	2462	0.01
2462	1851	0.01
650	616	0.01
616	650	0.01
3112	2156	1.0
2156	3112	1.0
2738	3323	0.01
3323	2738	0.01
914	5121	1.0
5121	914	1.0
2738	733	0.01
733	2738	0.01
4506	1254	1.0
1254	4506	1.0
2206	3164	1.0
3164	2206	1.0
1251	5321	1.0
5321	1251	1.0
2305	3808	0.01
3808	2305	0.01
5121	4300	0.01
4300	5121	0.01
5321	3112	0.01
3112	5321	0.01
3065	4928	0.01
4928	3065	0.01
2784	1254	1.0
1254	2784	1.0
3447	4276	1.0
4276	3447	1.0
1665	1898	1.0
1898	1665	1.0
2582	1650	1.0
1650	2582	1.0
2783	5265	1.0
5265	2783	1.0
3990	2659	1.0
2659	3990	1.0
5132	246	1.0
246	5132	1.0
4276	607	1.0
607	4276	1.0
4494	3114	0.01
3114	4494	0.01
914	578	1.0
578	914	1.0
2206	1898	1.0
1898	2206	1.0
2738	5145	0.01
5145	2738	0.01
3889	132	0.01
132	3889	0.01
2527	5132	1.0
5132	2527	1.0
471	2283	1.0
2283	471	1.0
52	4494	0.01
4494	52	0.01
3175	4795	1.0
4795	3175	1.0
2687	1102	0.01
1102	2687	0.01
1254	2933	1.0
2933	1254	1.0
471	3323	1.0
3323	471	1.0
1562	4348	0.01
4348	1562	0.01
615	2659	1.0
2659	615	1.0
1665	4506	0.01
4506	1665	0.01
1992	3990	0.01
3990	1992	0.01
2783	2933	1.0
2933	2783	1.0
3854	5212	1.0
5212	3854	1.0
3543	932	0.01
932	3543	0.01
1274	2582	1.0
2582	1274	1.0
578	5265	1.0
5265	578	1.0
3990	2588	1.0
2588	3990	1.0
2784	2588	0.01
2588	2784	0.01
4276	2669	0.01
2669	4276	0.01
3543	688	0.01
688	3543	0.01
615	2206	1.0
2206	615	1.0
1898	607	1.0
607	1898	1.0
15	607	0.01
607	15	0.01
914	3917	1.0
3917	914	1.0
2262	3917	0.01
3917	2262	0.01
352	1562	0.01
1562	352	0.01
434	2447	1.0
2447	434	1.0
2139	607	0.01
607	2139	0.01
1992	1650	0.01
1650	1992	0.01
3511	578	1.0
578	3511	1.0
2206	607	1.0
607	2206	1.0
4506	5265	1.0
5265	4506	1.0
3846	4494	0.01
4494	3846	0.01
1102	2272	0.01
2272	1102	0.01
5166	914	1.0
914	5166	1.0
1875	5070	0.01
5070	1875	0.01
352	2759	0.01
2759	352	0.01
1875	246	1.0
246	1875	1.0
2447	4795	1.0
4795	2447	1.0
1876	4899	1.0
4899	1876	1.0
1102	941	1.0
941	1102	1.0
3609	5266	1.0
5266	3609	1.0
1102	3808	0.01
3808	1102	0.01
323	3854	0.01
3854	323	0.01
5265	2719	1.0
2719	5265	1.0
3889	3952	0.01
3952	3889	0.01
2283	4494	1.0
4494	2283	1.0
607	2669	1.0
2669	607	1.0
615	2719	1.0
2719	615	1.0
5127	2719	0.01
2719	5127	0.01
2578	1357	0.01
1357	2578	0.01
1875	1745	1.0
1745	1875	1.0
3880	941	1.0
941	3880	1.0
3846	1254	1.0
1254	3846	1.0
3447	941	1.0
941	3447	1.0
1889	789	0.01
789	1889	0.01
2206	2933	1.0
2933	2206	1.0
1496	804	0.01
804	1496	0.01
2784	2582	1.0
2582	2784	1.0
3543	2588	0.01
2588	3543	0.01
2461	5265	0.01
5265	2461	0.01
4181	2719	1.0
2719	4181	1.0
434	2462	0.01
2462	434	0.01
932	4672	1.0
4672	932	1.0
434	4140	0.01
4140	434	0.01
5265	1799	0.01
1799	5265	0.01
2920	2659	0.01
2659	2920	0.01
5166	2283	1.0
2283	5166	1.0
4718	243	0.01
243	4718	0.01
1601	3917	0.01
3917	1601	0.01
429	725	0.01
725	429	0.01
789	2463	0.01
2463	789	0.01
1047	1875	0.01
1875	1047	0.01
4795	3323	1.0
3323	4795	1.0
914	4210	1.0
4210	914	1.0
2206	4672	1.0
4672	2206	1.0
412	2659	0.01
2659	412	0.01
3323	2105	0.01
2105	3323	0.01
1251	5265	1.0
5265	1251	1.0
2783	3323	1.0
3323	2783	1.0
323	302	0.01
302	323	0.01
2756	1745	0.01
1745	2756	0.01
1935	2283	1.0
2283	1935	1.0
471	2582	1.0
2582	471	1.0
1876	4300	0.01
4300	1876	0.01
3065	4300	0.01
4300	3065	0.01
3543	1357	1.0
1357	3543	1.0
1151	2013	0.01
2013	1151	0.01
2783	1935	1.0
1935	2783	1.0
1266	941	0.01
941	1266	0.01
4276	3990	1.0
3990	4276	1.0
789	2659	1.0
2659	789	1.0
5166	941	1.0
941	5166	1.0
2105	725	0.01
725	2105	0.01
5070	2659	1.0
2659	5070	1.0
2783	365	0.01
365	2783	0.01
5166	4907	1.0
4907	5166	1.0
3164	1889	1.0
1889	3164	1.0
1601	5063	1.0
5063	1601	1.0
243	3609	1.0
3609	243	1.0
615	2527	0.01
2527	615	0.01
1274	5265	1.0
5265	1274	1.0
5132	4677	1.0
4677	5132	1.0
5265	4672	1.0
4672	5265	1.0
1665	2659	1.0
2659	1665	1.0
3880	1601	1.0
1601	3880	1.0
2447	859	0.01
859	2447	0.01
5033	412	0.01
412	5033	0.01
132	1650	0.01
1650	132	0.01
2669	3552	0.01
3552	2669	0.01
789	3447	1.0
3447	789	1.0
941	4140	0.01
4140	941	0.01
2219	2719	1.0
2719	2219	1.0
4300	870	0.01
870	4300	0.01
5132	4030	1.0
4030	5132	1.0
5132	1772	1.0
1772	5132	1.0
1193	3701	0.01
3701	1193	0.01
1665	3323	1.0
3323	1665	1.0
876	2272	0.01
2272	876	0.01
4795	4348	0.01
4348	4795	0.01
4795	2358	1.0
2358	4795	1.0
3164	2920	0.01
2920	3164	0.01
1840	1357	1.0
1357	1840	1.0
4389	4055	0.01
4055	4389	0.01
2272	5121	0.01
5121	2272	0.01
2219	3175	0.01
3175	2219	0.01
3846	2719	1.0
2719	3846	1.0
365	1650	1.0
1650	365	1.0
941	4677	1.0
4677	941	1.0
870	3917	1.0
3917	870	1.0
3917	725	0.01
725	3917	0.01
3990	1898	0.01
1898	3990	0.01
2783	1898	1.0
1898	2783	1.0
3164	4494	1.0
4494	3164	1.0
2462	941	1.0
941	2462	1.0
2582	1169	0.01
1169	2582	0.01
876	4030	0.01
4030	876	0.01
2756	1562	0.01
1562	2756	0.01
2206	4181	1.0
4181	2206	1.0
3829	876	0.01
876	3829	0.01
4907	610	0.01
610	4907	0.01
352	1875	0.01
1875	352	0.01
1254	1935	1.0
1935	1254	1.0
1427	4210	0.01
4210	1427	0.01
607	2719	1.0
2719	607	1.0
615	2730	0.01
2730	615	0.01
2783	1665	1.0
1665	2783	1.0
5095	2726	0.01
2726	5095	0.01
1898	5265	1.0
5265	1898	1.0
1665	5132	0.01
5132	1665	0.01
4506	365	1.0
365	4506	1.0
532	2719	0.01
2719	532	0.01
2784	1875	0.01
1875	2784	0.01
789	4707	1.0
4707	789	1.0
3854	2206	1.0
2206	3854	1.0
1851	3323	0.01
3323	1851	0.01
1427	3114	0.01
3114	1427	0.01
3112	2283	1.0
2283	3112	1.0
2461	2582	1.0
2582	2461	1.0
5127	2933	0.01
2933	5127	0.01
3065	2447	0.01
2447	3065	0.01
4210	2013	0.01
2013	4210	0.01
4498	5212	0.01
5212	4498	0.01
4928	78	0.01
78	4928	0.01
804	352	0.01
352	804	0.01
4276	1898	1.0
1898	4276	1.0
2272	2105	0.01
2105	2272	0.01
532	1357	0.01
1357	532	0.01
1889	502	0.01
502	1889	0.01
2759	941	0.01
941	2759	0.01
3112	1427	1.0
1427	3112	1.0
3854	1151	0.01
1151	3854	0.01
2013	607	0.01
607	2013	0.01
2086	3114	0.01
3114	2086	0.01
3917	2659	1.0
2659	3917	1.0
1138	1251	1.0
1251	1138	1.0
2139	2461	0.01
2461	2139	0.01
3854	5265	1.0
5265	3854	1.0
2447	1898	1.0
1898	2447	1.0
2582	4908	1.0
4908	2582	1.0
78	1274	0.01
1274	78	0.01
2588	1772	0.01
1772	2588	0.01
3917	1266	0.01
1266	3917	0.01
4928	5070	0.01
5070	4928	0.01
471	941	1.0
941	471	1.0
3889	4245	1.0
4245	3889	1.0
1254	2582	1.0
2582	1254	1.0
4707	1928	0.01
1928	4707	0.01
789	2283	1.0
2283	789	1.0
941	1357	1.0
1357	941	1.0
2013	578	0.01
578	2013	0.01
615	941	1.0
941	615	1.0
3447	4506	1.0
4506	3447	1.0
3080	1898	1.0
1898	3080	1.0
2447	3854	1.0
3854	2447	1.0
2743	4055	0.01
4055	2743	0.01
1151	3164	0.01
3164	1151	0.01
5132	1745	1.0
1745	5132	1.0
2783	3889	1.0
3889	2783	1.0
4136	15	0.01
15	4136	0.01
616	2659	1.0
2659	616	1.0
5132	5150	1.0
5150	5132	1.0
4795	1427	1.0
1427	4795	1.0
323	4782	0.01
4782	323	0.01
2206	1876	0.01
1876	2206	0.01
3164	5265	1.0
5265	3164	1.0
1840	578	1.0
578	1840	1.0
941	4300	1.0
4300	941	1.0
3889	4795	1.0
4795	3889	1.0
804	5150	0.01
5150	804	0.01
4169	4676	0.01
4676	4169	0.01
2462	132	0.01
132	2462	0.01
4181	2283	1.0
2283	4181	1.0
3511	2933	0.01
2933	3511	0.01
5095	2305	0.01
2305	5095	0.01
1251	1254	1.0
1254	1251	1.0
3609	2659	1.0
2659	3609	1.0
5166	3211	0.01
3211	5166	0.01
1840	3609	1.0
3609	1840	1.0
936	615	0.01
615	936	0.01
4795	4899	0.01
4899	4795	0.01
1236	1102	1.0
1102	1236	1.0
4815	4672	1.0
4672	4815	1.0
2920	1665	0.01
1665	2920	0.01
607	4718	0.01
4718	607	0.01
5023	4676	0.01
4676	5023	0.01
2105	4782	0.01
4782	2105	0.01
5166	1650	1.0
1650	5166	1.0
3609	728	0.01
728	3609	0.01
1780	2759	0.01
2759	1780	0.01
4795	1928	0.01
1928	4795	0.01
3846	365	1.0
365	3846	1.0
4276	2933	1.0
2933	4276	1.0
4815	5070	1.0
5070	4815	1.0
1601	5212	0.01
5212	1601	0.01
2105	789	0.01
789	2105	0.01
2687	4498	0.01
4498	2687	0.01
5180	5212	0.01
5212	5180	0.01
5095	3609	0.01
3609	5095	0.01
4210	2358	1.0
2358	4210	1.0
4276	3889	1.0
3889	4276	1.0
5132	471	1.0
471	5132	1.0
941	4348	1.0
4348	941	1.0
49	4030	0.01
4030	49	0.01
4672	52	0.01
52	4672	0.01
4707	2305	0.01
2305	4707	0.01
5212	1251	1.0
1251	5212	1.0
1236	1772	0.01
1772	1236	0.01
2719	2206	0.01
2206	2719	0.01
211	2783	0.01
2783	211	0.01
532	932	0.01
932	532	0.01
2669	429	0.01
429	2669	0.01
733	1068	0.01
1068	733	0.01
2527	4795	0.01
4795	2527	0.01
1254	941	1.0
941	1254	1.0
2756	4815	0.01
4815	2756	0.01
3447	2582	1.0
2582	3447	1.0
4506	688	1.0
688	4506	1.0
365	4907	1.0
4907	365	1.0
2783	3211	0.01
3211	2783	0.01
870	2206	1.0
2206	870	1.0
3080	789	0.01
789	3080	0.01
2462	2582	1.0
2582	2462	1.0
302	4140	0.01
4140	302	0.01
365	941	1.0
941	365	1.0
2784	2933	1.0
2933	2784	1.0
1102	1427	1.0
1427	1102	1.0
1236	914	1.0
914	1236	1.0
4210	4677	1.0
4677	4210	1.0
1562	2719	1.0
2719	1562	1.0
3880	243	1.0
243	3880	1.0
914	941	1.0
941	914	1.0
2272	1068	0.01
1068	2272	0.01
2659	2358	1.0
2358	2659	1.0
3112	914	1.0
914	3112	1.0
3080	1357	1.0
1357	3080	1.0
616	5132	1.0
5132	616	1.0
2447	2719	1.0
2719	2447	1.0
5180	936	0.01
936	5180	0.01
2462	2669	1.0
2669	2462	1.0
5121	3112	0.01
3112	5121	0.01
4276	1601	0.01
1601	4276	0.01
4300	1772	0.01
1772	4300	0.01
5265	5145	1.0
5145	5265	1.0
5070	2206	1.0
2206	5070	1.0
1650	2933	0.01
2933	1650	0.01
1889	2933	1.0
2933	1889	1.0
1427	434	0.01
434	1427	0.01
4210	2933	0.01
2933	4210	0.01
4795	402	0.01
402	4795	0.01
941	510	1.0
510	941	1.0
3112	870	1.0
870	3112	1.0
2156	688	0.01
688	2156	0.01
4506	914	0.01
914	4506	0.01
1889	1538	0.01
1538	1889	0.01
3080	1665	1.0
1665	3080	1.0
4782	2139	0.01
2139	4782	0.01
107	4907	0.01
4907	107	0.01
4276	3323	1.0
3323	4276	1.0
3701	532	0.01
532	3701	0.01
3880	3917	1.0
3917	3880	1.0
1918	1889	0.01
1889	1918	0.01
3112	2669	1.0
2669	3112	1.0
2358	4815	0.01
4815	2358	0.01
1745	2784	0.01
2784	1745	0.01
914	1650	1.0
1650	914	1.0
4506	2659	1.0
2659	4506	1.0
941	1650	1.0
1650	941	1.0
5132	1601	1.0
1601	5132	1.0
5166	2719	1.0
2719	5166	1.0
2582	2726	0.01
2726	2582	0.01
1918	1898	0.01
1898	1918	0.01
615	4672	1.0
4672	615	1.0
1068	1138	0.01
1138	1068	0.01
5132	5145	1.0
5145	5132	1.0
1102	4348	1.0
4348	1102	1.0
3112	941	1.0
941	3112	1.0
688	15	0.01
15	688	0.01
941	1274	1.0
1274	941	1.0
3164	2305	1.0
2305	3164	1.0
3023	789	0.01
789	3023	0.01
789	2358	1.0
2358	789	1.0
3829	1254	1.0
1254	3829	1.0
2447	3080	0.01
3080	2447	0.01
2272	412	0.01
412	2272	0.01
243	1357	1.0
1357	243	1.0
1251	2933	1.0
2933	1251	1.0
5132	3323	1.0
3323	5132	1.0
5166	2316	1.0
2316	5166	1.0
1236	4210	1.0
4210	1236	1.0
1193	3609	0.01
3609	1193	0.01
2139	3323	0.01
3323	2139	0.01
3552	2283	1.0
2283	3552	1.0
2907	3543	0.01
3543	2907	0.01
1236	3552	0.01
3552	1236	0.01
1102	2933	1.0
2933	1102	1.0
3846	1138	1.0
1138	3846	1.0
650	49	0.01
49	650	0.01
607	1935	1.0
1935	607	1.0
1875	932	1.0
932	1875	1.0
3080	2219	1.0
2219	3080	1.0
5132	4494	0.01
4494	5132	0.01
365	502	0.01
502	365	0.01
4276	1840	1.0
1840	4276	1.0
1840	1851	0.01
1851	1840	0.01
1236	4300	1.0
4300	1236	1.0
4908	1496	0.01
1496	4908	0.01
4795	3065	0.01
3065	4795	0.01
1799	1427	1.0
1427	1799	1.0
3511	1935	1.0
1935	3511	1.0
5321	876	0.01
876	5321	0.01
5070	4498	0.01
4498	5070	0.01
1249	2013	1.0
2013	1249	1.0
1840	2461	0.01
2461	1840	0.01
876	132	0.01
132	876	0.01
2920	2933	0.01
2933	2920	0.01
578	402	0.01
402	578	0.01
402	3609	0.01
3609	402	0.01
2907	2262	0.01
2262	2907	0.01
2156	2659	1.0
2659	2156	1.0
5121	733	0.01
733	5121	0.01
936	2543	0.01
2543	936	0.01
5166	2669	1.0
2669	5166	1.0
4506	941	1.0
941	4506	1.0
2669	1935	0.01
1935	2669	0.01
1169	3854	0.01
3854	1169	0.01
107	733	0.01
733	107	0.01
3854	5266	1.0
5266	3854	1.0
3889	2527	0.01
2527	3889	0.01
471	1357	1.0
1357	471	1.0
1274	1889	0.01
1889	1274	0.01
5265	4676	1.0
4676	5265	1.0
2462	270	0.01
270	2462	0.01
932	2659	1.0
2659	932	1.0
4506	2206	1.0
2206	4506	1.0
3854	2933	1.0
2933	3854	1.0
859	1935	0.01
1935	859	0.01
211	2305	1.0
2305	211	1.0
3164	1357	1.0
1357	3164	1.0
1799	1772	0.01
1772	1799	0.01
412	1254	0.01
1254	412	0.01
1496	1650	1.0
1650	1496	1.0
2527	2219	0.01
2219	2527	0.01
4181	1745	1.0
1745	4181	1.0
52	1138	0.01
1138	52	0.01
1249	1236	0.01
1236	1249	0.01
5166	2933	1.0
2933	5166	1.0
2582	2588	1.0
2588	2582	1.0
914	1840	1.0
1840	914	1.0
3846	2659	1.0
2659	3846	1.0
2783	1840	0.01
1840	2783	0.01
2719	5145	1.0
5145	2719	1.0
2783	4210	0.01
4210	2783	0.01
2578	4908	0.01
4908	2578	0.01
1650	5145	0.01
5145	1650	0.01
3917	510	0.01
510	3917	0.01
5132	3552	0.01
3552	5132	0.01
1840	2659	1.0
2659	1840	1.0
5132	2669	1.0
2669	5132	1.0
402	2907	0.01
2907	402	0.01
3511	2582	1.0
2582	3511	1.0
4907	1851	0.01
1851	4907	0.01
4136	1889	0.01
1889	4136	0.01
3114	78	0.01
78	3114	0.01
3323	2669	1.0
2669	3323	1.0
4506	1251	1.0
1251	4506	1.0
3164	323	0.01
323	3164	0.01
3609	1169	1.0
1169	3609	1.0
4726	471	0.01
471	4726	0.01
1236	936	0.01
936	1236	0.01
2719	2659	1.0
2659	2719	1.0
1538	1169	0.01
1169	1538	0.01
5212	4677	1.0
4677	5212	1.0
2305	3829	0.01
3829	2305	0.01
4795	4676	1.0
4676	4795	1.0
3447	1935	1.0
1935	3447	1.0
5132	1875	1.0
1875	5132	1.0
2659	2588	0.01
2588	2659	0.01
429	1251	0.01
1251	429	0.01
616	1601	1.0
1601	616	1.0
941	3609	1.0
3609	941	1.0
804	3065	0.01
3065	804	0.01
5121	2461	0.01
2461	5121	0.01
3065	578	0.01
578	3065	0.01
1138	3447	0.01
3447	1138	0.01
5166	4494	1.0
4494	5166	1.0
4181	5063	0.01
5063	4181	0.01
1935	4672	1.0
4672	1935	1.0
1254	2424	0.01
2424	1254	0.01
5127	1562	0.01
1562	5127	0.01
5212	4672	1.0
4672	5212	1.0
4899	941	1.0
941	4899	1.0
3889	2933	1.0
2933	3889	1.0
270	936	0.01
936	270	0.01
3846	4245	1.0
4245	3846	1.0
3447	4348	1.0
4348	3447	1.0
1935	3880	0.01
3880	1935	0.01
3889	4136	0.01
4136	3889	0.01
1169	1427	0.01
1427	1169	0.01
5166	4795	1.0
4795	5166	1.0
78	859	0.01
859	78	0.01
3112	4169	0.01
4169	3112	0.01
804	5070	0.01
5070	804	0.01
1875	2219	1.0
2219	1875	1.0
2283	2659	1.0
2659	2283	1.0
3701	4300	0.01
4300	3701	0.01
876	3880	0.01
3880	876	0.01
2783	1251	1.0
1251	2783	1.0
1249	1538	0.01
1538	1249	0.01
4136	4782	0.01
4782	4136	0.01
2219	2669	0.01
2669	2219	0.01
365	4300	1.0
4300	365	1.0
725	2669	0.01
2669	725	0.01
932	2272	0.01
2272	932	0.01
1799	3854	0.01
3854	1799	0.01
352	1918	0.01
1918	352	0.01
5132	607	1.0
607	5132	1.0
733	3854	0.01
3854	733	0.01
615	2582	1.0
2582	615	1.0
2726	1898	0.01
1898	2726	0.01
49	4672	0.01
4672	49	0.01
1496	3880	1.0
3880	1496	1.0
1799	1274	0.01
1274	1799	0.01
2219	4030	0.01
4030	2219	0.01
1193	3065	0.01
3065	1193	0.01
243	2582	1.0
2582	243	1.0
5166	1898	1.0
1898	5166	1.0
2305	2659	1.0
2659	2305	1.0
1249	2582	0.01
2582	1249	0.01
434	4928	1.0
4928	434	1.0
78	2358	0.01
2358	78	0.01
1151	725	0.01
725	1151	0.01
607	2316	1.0
2316	607	1.0
914	5266	1.0
5266	914	1.0
1249	1935	1.0
1935	1249	1.0
1151	1274	0.01
1274	1151	0.01
870	2305	1.0
2305	870	1.0
2588	3080	0.01
3080	2588	0.01
1799	5145	1.0
5145	1799	1.0
5121	1254	1.0
1254	5121	1.0
5166	3164	1.0
3164	5166	1.0
3917	4300	1.0
4300	3917	1.0
3611	1356	0.01
1356	3611	0.01
49	4899	0.01
4899	49	0.01
2783	941	1.0
941	2783	1.0
5212	2933	1.0
2933	5212	1.0
1254	5266	1.0
5266	1254	1.0
2784	3112	1.0
3112	2784	1.0
1102	2783	1.0
2783	1102	1.0
2582	2283	0.01
2283	2582	0.01
302	2447	0.01
2447	302	0.01
859	2759	0.01
2759	859	0.01
2156	3552	0.01
3552	2156	0.01
2588	578	0.01
578	2588	0.01
2305	2783	0.01
2783	2305	0.01
2462	2920	0.01
2920	2462	0.01
2920	3917	0.01
3917	2920	0.01
610	1357	0.01
1357	610	0.01
789	4908	0.01
4908	789	0.01
3917	1562	1.0
1562	3917	1.0
270	5127	0.01
5127	270	0.01
4181	302	0.01
302	4181	0.01
1138	243	1.0
243	1138	1.0
2262	4907	0.01
4907	2262	0.01
52	471	0.01
471	52	0.01
789	2933	1.0
2933	789	1.0
5265	2933	1.0
2933	5265	1.0
3552	733	0.01
733	3552	0.01
1068	5150	0.01
5150	1068	0.01
4707	429	0.01
429	4707	0.01
4276	4672	1.0
4672	4276	1.0
1898	932	1.0
932	1898	1.0
2582	5127	1.0
5127	2582	1.0
4677	2659	1.0
2659	4677	1.0
4276	4506	1.0
4506	4276	1.0
1138	2719	1.0
2719	1138	1.0
2730	370	0.01
370	2730	0.01
1538	4136	0.01
4136	1538	0.01
3112	2219	1.0
2219	3112	1.0
5132	4055	1.0
4055	5132	1.0
607	4672	1.0
4672	607	1.0
2726	607	0.01
607	2726	0.01
5145	3112	0.01
3112	5145	0.01
3080	4300	1.0
4300	3080	1.0
5145	4210	0.01
4210	5145	0.01
2013	323	0.01
323	2013	0.01
2463	2730	0.01
2730	2463	0.01
3854	4795	1.0
4795	3854	1.0
1665	2206	1.0
2206	1665	1.0
2086	4136	0.01
4136	2086	0.01
2784	5132	1.0
5132	2784	1.0
5132	1889	0.01
1889	5132	0.01
4169	365	1.0
365	4169	1.0
2907	5180	0.01
5180	2907	0.01
1928	1935	1.0
1935	1928	1.0
2305	1068	0.01
1068	2305	0.01
1935	5321	1.0
5321	1935	1.0
1918	3609	1.0
3609	1918	1.0
4210	3917	1.0
3917	4210	1.0
2933	4672	1.0
4672	2933	1.0
246	4676	0.01
4676	246	0.01
4907	1254	1.0
1254	4907	1.0
4055	2219	0.01
2219	4055	0.01
365	3917	1.0
3917	365	1.0
870	1650	1.0
1650	870	1.0
1601	2588	1.0
2588	1601	1.0
1102	2219	1.0
2219	1102	1.0
3112	5166	1.0
5166	3112	1.0
1665	2719	1.0
2719	1665	1.0
2687	1992	0.01
1992	2687	0.01
5132	4506	1.0
4506	5132	1.0
3112	2588	0.01
2588	3112	0.01
2461	1251	1.0
1251	2461	1.0
2783	5212	1.0
5212	2783	1.0
3543	2316	0.01
2316	3543	0.01
1138	3609	1.0
3609	1138	1.0
3854	1254	1.0
1254	3854	1.0
5095	1875	0.01
1875	5095	0.01
52	2086	0.01
2086	52	0.01
1928	4677	0.01
4677	1928	0.01
578	211	0.01
211	578	0.01
4494	2358	1.0
2358	4494	1.0
1357	3889	0.01
3889	1357	0.01
688	1562	0.01
1562	688	0.01
2726	4169	0.01
4169	2726	0.01
1496	4498	0.01
4498	1496	0.01
1935	616	0.01
616	1935	0.01
5166	4672	1.0
4672	5166	1.0
1889	5265	1.0
5265	1889	1.0
1357	2659	1.0
2659	1357	1.0
5132	1799	1.0
1799	5132	1.0
1102	4672	1.0
4672	1102	1.0
1665	3543	1.0
3543	1665	1.0
2783	2659	1.0
2659	2783	1.0
4908	5265	0.01
5265	4908	0.01
2783	3543	1.0
3543	2783	1.0
471	5265	1.0
5265	471	1.0
2783	932	1.0
932	2783	1.0
4815	914	0.01
914	4815	0.01
932	5023	0.01
5023	932	0.01
2156	2283	1.0
2283	2156	1.0
302	1875	1.0
1875	302	1.0
323	4928	0.01
4928	323	0.01
17	270	0.01
270	17	0.01
4245	941	1.0
941	4245	1.0
5166	5212	1.0
5212	5166	1.0
2447	4928	1.0
4928	2447	1.0
1254	1928	0.01
1928	1254	0.01
2759	5070	0.01
5070	2759	0.01
1772	3917	1.0
3917	1772	1.0
4676	1356	0.01
1356	4676	0.01
243	5180	0.01
5180	243	0.01
4815	4795	0.01
4795	4815	0.01
471	1840	0.01
1840	471	0.01
5265	4055	1.0
4055	5265	1.0
1538	5033	0.01
5033	1538	0.01
4030	3323	1.0
3323	4030	1.0
3447	5070	1.0
5070	3447	1.0
5033	370	0.01
370	5033	0.01
914	4169	1.0
4169	914	1.0
941	3023	0.01
3023	941	0.01
4169	941	1.0
941	4169	1.0
5166	2659	1.0
2659	5166	1.0
1840	870	1.0
870	1840	1.0
2582	2578	1.0
2578	2582	1.0
1254	4348	0.01
4348	1254	0.01
1254	2358	1.0
2358	1254	1.0
365	1935	1.0
1935	365	1.0
2783	4672	1.0
4672	2783	1.0
1138	2206	1.0
2206	1138	1.0
3701	1249	0.01
1249	3701	0.01
2219	1935	1.0
1935	2219	1.0
52	728	0.01
728	52	0.01
4140	3112	0.01
3112	4140	0.01
4908	4136	0.01
4136	4908	0.01
5132	2262	1.0
2262	5132	1.0
5166	3889	1.0
3889	5166	1.0
4030	5145	0.01
5145	4030	0.01
3211	578	0.01
578	3211	0.01
5266	2659	1.0
2659	5266	1.0
1665	3854	1.0
3854	1665	1.0
5212	4676	1.0
4676	5212	1.0
2783	4677	1.0
4677	2783	1.0
2783	2719	1.0
2719	2783	1.0
870	607	1.0
607	870	1.0
3112	1254	1.0
1254	3112	1.0
1138	2156	1.0
2156	1138	1.0
1876	936	0.01
936	1876	0.01
132	1249	0.01
1249	132	0.01
471	1665	1.0
1665	471	1.0
2013	2659	0.01
2659	2013	0.01
1357	1427	1.0
1427	1357	1.0
1251	2283	1.0
2283	1251	1.0
3917	370	0.01
370	3917	0.01
3511	4055	1.0
4055	3511	1.0
211	616	0.01
616	211	0.01
5127	5132	0.01
5132	5127	0.01
4908	1875	0.01
1875	4908	0.01
302	4276	1.0
4276	302	1.0
3880	2578	0.01
2578	3880	0.01
2784	1935	1.0
1935	2784	1.0
15	365	0.01
365	15	0.01
5132	615	1.0
615	5132	1.0
2578	49	0.01
49	2578	0.01
3880	429	0.01
429	3880	0.01
1935	4300	1.0
4300	1935	1.0
5132	936	1.0
936	5132	1.0
2156	2588	1.0
2588	2156	1.0
2462	2659	1.0
2659	2462	1.0
1665	302	0.01
302	1665	0.01
5070	2719	1.0
2719	5070	1.0
3846	870	1.0
870	3846	1.0
1254	1650	1.0
1650	1254	1.0
2156	4672	1.0
4672	2156	1.0
5132	610	1.0
610	5132	1.0
1875	1254	1.0
1254	1875	1.0
3323	1562	0.01
1562	3323	0.01
2283	3211	0.01
3211	2283	0.01
3447	1251	1.0
1251	3447	1.0
725	1102	0.01
1102	725	0.01
402	789	0.01
789	402	0.01
3511	3917	1.0
3917	3511	1.0
941	1935	1.0
1935	941	1.0
610	3211	0.01
3211	610	0.01
3447	607	0.01
607	3447	0.01
5212	578	1.0
578	5212	1.0
3808	1780	0.01
1780	3808	0.01
5145	2907	0.01
2907	5145	0.01
1496	1254	1.0
1254	1496	1.0
2784	2105	0.01
2105	2784	0.01
4181	5145	0.01
5145	4181	0.01
941	1928	1.0
1928	941	1.0
3880	2687	0.01
2687	3880	0.01
1918	2719	1.0
2719	1918	1.0
3080	4210	1.0
4210	3080	1.0
789	471	1.0
471	789	1.0
1889	1151	0.01
1151	1889	0.01
4245	3880	0.01
3880	4245	0.01
4928	1898	1.0
1898	4928	1.0
1138	1665	1.0
1665	1138	1.0
1236	2933	1.0
2933	1236	1.0
5132	4676	1.0
4676	5132	1.0
2907	4782	0.01
4782	2907	0.01
3164	2582	1.0
2582	3164	1.0
2907	1427	0.01
1427	2907	0.01
4389	2527	0.01
2527	4389	0.01
5063	532	0.01
532	5063	0.01
471	4494	0.01
4494	471	0.01
1780	4506	1.0
4506	1780	1.0
532	1992	0.01
1992	532	0.01
1254	5265	1.0
5265	1254	1.0
941	3211	0.01
3211	941	0.01
1898	2719	1.0
2719	1898	1.0
1538	1193	0.01
1193	1538	0.01
2219	4300	1.0
4300	2219	1.0
4928	3164	0.01
3164	4928	0.01
2262	2527	0.01
2527	2262	0.01
2206	1928	0.01
1928	2206	0.01
4300	1538	0.01
1538	4300	0.01
3880	2316	0.01
2316	3880	0.01
2784	941	1.0
941	2784	1.0
2206	5265	1.0
5265	2206	1.0
2156	3889	1.0
3889	2156	1.0
4726	5033	0.01
5033	4726	0.01
243	2920	0.01
2920	243	0.01
914	1851	0.01
1851	914	0.01
4795	616	0.01
616	4795	0.01
4899	2743	0.01
2743	4899	0.01
1876	246	1.0
246	1876	1.0
4672	1918	0.01
1918	4672	0.01
2206	1935	1.0
1935	2206	1.0
3164	941	1.0
941	3164	1.0
2907	3552	0.01
3552	2907	0.01
725	1427	0.01
1427	725	0.01
1935	2659	1.0
2659	1935	1.0
3112	3164	1.0
3164	3112	1.0
4136	1254	0.01
1254	4136	0.01
1665	1840	0.01
1840	1665	0.01
5266	2719	1.0
2719	5266	1.0
616	499	0.01
499	616	0.01
2316	270	0.01
270	2316	0.01
4276	2719	1.0
2719	4276	1.0
2447	4707	1.0
4707	2447	1.0
2219	2013	1.0
2013	2219	1.0
2687	607	0.01
607	2687	0.01
4276	1875	1.0
1875	4276	1.0
1251	2719	1.0
2719	1251	1.0
2086	532	0.01
532	2086	0.01
365	3065	0.01
3065	365	0.01
2783	1138	1.0
1138	2783	1.0
365	5180	0.01
5180	365	0.01
5070	1928	0.01
1928	5070	0.01
2719	3323	1.0
3323	2719	1.0
3112	365	1.0
365	3112	1.0
5166	2206	1.0
2206	5166	1.0
5166	4210	1.0
4210	5166	1.0
1780	2527	0.01
2527	1780	0.01
5212	941	1.0
941	5212	1.0
2582	4300	1.0
4300	2582	1.0
941	4795	1.0
4795	941	1.0
610	243	0.01
243	610	0.01
4506	1875	1.0
1875	4506	1.0
5145	2588	0.01
2588	5145	0.01
607	2283	1.0
2283	607	1.0
578	4494	0.01
4494	578	0.01
1665	270	0.01
270	1665	0.01
1875	365	0.01
365	1875	0.01
870	5266	1.0
5266	870	1.0
1249	270	0.01
270	1249	0.01
5166	1935	1.0
1935	5166	1.0
2719	4677	1.0
4677	2719	1.0
1236	4782	0.01
4782	1236	0.01
2424	1236	0.01
1236	2424	0.01
2933	3164	0.01
3164	2933	0.01
365	2659	1.0
2659	365	1.0
1254	2283	1.0
2283	1254	1.0
5212	2588	1.0
2588	5212	1.0
3323	3447	0.01
3447	3323	0.01
1562	1928	0.01
1928	1562	0.01
2588	2669	1.0
2669	2588	1.0
804	4181	0.01
4181	804	0.01
2447	3447	1.0
3447	2447	1.0
3447	2462	0.01
2462	3447	0.01
1274	1935	1.0
1935	1274	1.0
3552	4030	0.01
4030	3552	0.01
3447	5265	1.0
5265	3447	1.0
3112	3609	1.0
3609	3112	1.0
471	4672	1.0
4672	471	1.0
1102	4676	1.0
4676	1102	1.0
4136	3880	0.01
3880	4136	0.01
4245	302	0.01
302	4245	0.01
4348	4181	0.01
4181	4348	0.01
1745	2447	0.01
2447	1745	0.01
434	4899	0.01
4899	434	0.01
1918	1357	1.0
1357	1918	1.0
4169	932	0.01
932	4169	0.01
3609	510	0.01
510	3609	0.01
3917	3112	0.01
3112	3917	0.01
1236	1274	1.0
1274	1236	1.0
3164	2719	1.0
2719	3164	1.0
2156	246	1.0
246	2156	1.0
2447	2783	1.0
2783	2447	1.0
607	4795	1.0
4795	607	1.0
1772	3211	0.01
3211	1772	0.01
1236	3880	1.0
3880	1236	1.0
243	2659	1.0
2659	243	1.0
132	2527	0.01
2527	132	0.01
941	2578	1.0
2578	941	1.0
3112	1650	1.0
1650	3112	1.0
499	1875	1.0
1875	499	1.0
1251	1538	0.01
1538	1251	0.01
941	2219	1.0
2219	941	1.0
107	1851	0.01
1851	107	0.01
615	4907	0.01
4907	615	0.01
2783	2283	1.0
2283	2783	1.0
1601	3952	0.01
3952	1601	0.01
2730	4245	0.01
4245	2730	0.01
4348	4677	0.01
4677	4348	0.01
471	3609	0.01
3609	471	0.01
5150	5265	1.0
5265	5150	1.0
3880	4677	1.0
4677	3880	1.0
3175	246	0.01
246	3175	0.01
615	4815	0.01
4815	615	0.01
4245	2659	1.0
2659	4245	1.0
365	4677	0.01
4677	365	0.01
2543	1898	0.01
1898	2543	0.01
5166	510	1.0
510	5166	1.0
2784	4498	0.01
4498	2784	0.01
1138	1918	1.0
1918	1138	1.0
1665	3990	1.0
3990	1665	1.0
15	3164	0.01
3164	15	0.01
4276	1251	1.0
1251	4276	1.0
578	1898	1.0
1898	578	1.0
1840	2582	1.0
2582	1840	1.0
1665	4494	1.0
4494	1665	1.0
1772	4506	0.01
4506	1772	0.01
1935	2719	1.0
2719	1935	1.0
616	3543	1.0
3543	616	1.0
941	2582	1.0
2582	941	1.0
5166	1254	1.0
1254	5166	1.0
1138	2283	1.0
2283	1138	1.0
4181	4795	1.0
4795	4181	1.0
4815	5265	1.0
5265	4815	1.0
5132	3175	1.0
3175	5132	1.0
1889	2743	0.01
2743	1889	0.01
302	5132	1.0
5132	302	1.0
3990	914	0.01
914	3990	0.01
502	5265	1.0
5265	502	1.0
2156	914	1.0
914	2156	1.0
2582	510	1.0
510	2582	1.0
1356	2578	0.01
2578	1356	0.01
3854	1251	1.0
1251	3854	1.0
1102	1665	1.0
1665	1102	1.0
1047	1889	0.01
1889	1047	0.01
789	4795	1.0
4795	789	1.0
1799	1601	0.01
1601	1799	0.01
1935	5212	0.01
5212	1935	0.01
2756	3080	0.01
3080	2756	0.01
4795	5127	0.01
5127	4795	0.01
246	4300	1.0
4300	246	1.0
132	532	0.01
532	132	0.01
3880	2582	1.0
2582	3880	1.0
3447	4494	1.0
4494	3447	1.0
789	2719	1.0
2719	789	1.0
941	243	1.0
243	941	1.0
3447	3065	0.01
3065	3447	0.01
3065	1780	0.01
1780	3065	0.01
3164	2669	1.0
2669	3164	1.0
1851	870	0.01
870	1851	0.01
370	1266	0.01
1266	370	0.01
2461	941	1.0
941	2461	1.0
5132	650	1.0
650	5132	1.0
246	4672	1.0
4672	246	1.0
5166	532	0.01
532	5166	0.01
5023	1169	0.01
1169	5023	0.01
1357	2687	0.01
2687	1357	0.01
1780	2283	1.0
2283	1780	1.0
2783	3952	0.01
3952	2783	0.01
1138	365	0.01
365	1138	0.01
5166	2358	1.0
2358	5166	1.0
1799	3323	1.0
3323	1799	1.0
3552	5212	0.01
5212	3552	0.01
5212	4348	1.0
4348	5212	1.0
1102	5265	1.0
5265	1102	1.0
4928	1047	0.01
1047	4928	0.01
1427	2659	1.0
2659	1427	1.0
471	1889	0.01
1889	471	0.01
132	4494	0.01
4494	132	0.01
2262	2424	0.01
2424	2262	0.01
859	2305	1.0
2305	859	1.0
17	2659	0.01
2659	17	0.01
3211	1274	0.01
1274	3211	0.01
3854	607	1.0
607	3854	1.0
471	1601	0.01
1601	471	0.01
1236	1254	1.0
1254	1236	1.0
4300	4169	0.01
4169	4300	0.01
1780	2756	0.01
2756	1780	0.01
402	876	0.01
876	402	0.01
2272	3952	0.01
3952	2272	0.01
471	607	1.0
607	471	1.0
2139	1047	0.01
1047	2139	0.01
5166	365	1.0
365	5166	1.0
1840	607	0.01
607	1840	0.01
3114	5070	0.01
5070	3114	0.01
3611	4672	0.01
4672	3611	0.01
2582	4348	1.0
4348	2582	1.0
471	1898	1.0
1898	471	1.0
4389	1665	0.01
1665	4389	0.01
3112	4245	1.0
4245	3112	1.0
1251	5150	0.01
5150	1251	0.01
510	1249	0.01
1249	510	0.01
3846	2219	1.0
2219	3846	1.0
789	3889	1.0
3889	789	1.0
1251	1745	1.0
1745	1251	1.0
1840	941	1.0
941	1840	1.0
1251	941	1.0
941	1251	1.0
1851	5321	0.01
5321	1851	0.01
914	1918	1.0
1918	914	1.0
243	3543	0.01
3543	243	0.01
1193	107	0.01
107	1193	0.01
3543	5265	1.0
5265	3543	1.0
1665	2283	1.0
2283	1665	1.0
1665	4672	1.0
4672	1665	1.0
365	1889	1.0
1889	365	1.0
914	3880	1.0
3880	914	1.0
4815	941	1.0
941	4815	1.0
434	17	0.01
17	434	0.01
1138	5266	1.0
5266	1138	1.0
578	1068	0.01
1068	578	0.01
4707	1875	1.0
1875	4707	1.0
323	1169	0.01
1169	323	0.01
1876	532	0.01
532	1876	0.01
3829	3880	1.0
3880	3829	1.0
789	17	0.01
17	789	0.01
1169	4136	0.01
4136	1169	0.01
4245	5070	0.01
5070	4245	0.01
1875	2582	1.0
2582	1875	1.0
3829	1876	1.0
1876	3829	1.0
4276	2206	1.0
2206	4276	1.0
1169	2659	1.0
2659	1169	1.0
3846	1357	1.0
1357	3846	1.0
4928	1068	0.01
1068	4928	0.01
4506	4707	1.0
4707	4506	1.0
4676	270	0.01
270	4676	0.01
2719	932	1.0
932	2719	1.0
1840	2719	1.0
2719	1840	1.0
402	2316	0.01
2316	402	0.01
1047	2219	0.01
2219	1047	0.01
211	3065	0.01
3065	211	0.01
107	2527	0.01
2527	107	0.01
2719	2730	0.01
2730	2719	0.01
2719	510	1.0
510	2719	1.0
2447	2582	1.0
2582	2447	1.0
4276	5212	1.0
5212	4276	1.0
4276	5166	1.0
5166	4276	1.0
936	429	0.01
429	936	0.01
5166	4181	0.01
4181	5166	0.01
499	3611	0.01
3611	499	0.01
914	365	1.0
365	914	1.0
5145	1236	0.01
1236	5145	0.01
2582	5121	0.01
5121	2582	0.01
1138	1427	1.0
1427	1138	1.0
4169	1889	0.01
1889	4169	0.01
4136	1427	0.01
1427	4136	0.01
4245	1876	0.01
1876	4245	0.01
4907	4707	0.01
4707	4907	0.01
725	4795	0.01
4795	725	0.01
2588	2305	0.01
2305	2588	0.01
5180	2272	0.01
2272	5180	0.01
4672	2659	1.0
2659	4672	1.0
3112	2659	1.0
2659	3112	1.0
4030	2283	0.01
2283	4030	0.01
2687	2463	0.01
2463	2687	0.01
3846	4181	1.0
4181	3846	1.0
1665	2588	1.0
2588	1665	1.0
859	936	0.01
936	859	0.01
1935	5145	0.01
5145	1935	0.01
499	502	0.01
502	499	0.01
3846	2933	1.0
2933	3846	1.0
578	2305	1.0
2305	578	1.0
4815	2759	0.01
2759	4815	0.01
1102	4782	0.01
4782	1102	0.01
2461	5132	1.0
5132	2461	1.0
1898	5180	0.01
5180	1898	0.01
4506	2582	1.0
2582	4506	1.0
