Category	Term	Count	%	PValue	Genes	List Total	Pop Hits	Pop Total	Fold Enrichment	Bonferroni	Benjamini	FDR
GOTERM_BP_FAT	GO:0007017~microtubule-based process	25	10.0	8.878627566375212E-10	3127858, 3126687, 3129384, 3123097, 3126485, 3124490, 3128056, 3127422, 3128740, 3125998, 3123193, 3126017, 3127307, 3126464, 3123604, 3126809, 3125101, 3124845, 3128939, 3129316, 3122590, 3125659, 3126910, 3127789, 3124057	237	117	4870	4.390710086912619	9.846393423940114E-7	9.846393423940114E-7	1.42129014113479E-6
GOTERM_BP_FAT	GO:0051129~negative regulation of cellular component organization	16	6.4	2.5741405645299258E-8	3126687, 3127858, 3123097, 3126495, 3124432, 3125278, 3129598, 3129316, 3123211, 3125659, 3124645, 3128740, 3123415, 3127307, 3124057, 3128123	237	55	4870	5.977752205600306	2.854681179154106E-5	1.4273507762285753E-5	4.1206817136263396E-5
GOTERM_BP_FAT	GO:0000226~microtubule cytoskeleton organization	20	8.0	3.278717947497965E-7	3126687, 3127858, 3129384, 3123097, 3126485, 3124490, 3125101, 3128056, 3124845, 3128939, 3129316, 3127422, 3122590, 3128740, 3126910, 3125998, 3123193, 3126017, 3127789, 3127307	237	103	4870	3.990004506165253	3.6354378188585557E-4	1.2119594849313575E-4	5.248556597781118E-4
GOTERM_BP_FAT	GO:0030705~cytoskeleton-dependent intracellular transport	10	4.0	5.705978383032268E-7	3126687, 3127858, 3123097, 3126485, 3126809, 3123193, 3127789, 3127307, 3126464, 3129316	237	23	4870	8.93414052467437	6.325930118413758E-4	1.581857831152167E-4	9.134087293971582E-4
GOTERM_BP_FAT	GO:0051647~nucleus localization	10	4.0	8.747362893494717E-7	3126687, 3127858, 3123097, 3128351, 3126485, 3126809, 3126910, 3127307, 3126464, 3129316	237	24	4870	8.561884669479605	9.696125908613684E-4	1.939977738439902E-4	0.0014002680793989697
GOTERM_BP_FAT	GO:0040023~establishment of nucleus localization	10	4.0	8.747362893494717E-7	3126687, 3127858, 3123097, 3128351, 3126485, 3126809, 3126910, 3127307, 3126464, 3129316	237	24	4870	8.561884669479605	9.696125908613684E-4	1.939977738439902E-4	0.0014002680793989697
GOTERM_BP_FAT	GO:0051248~negative regulation of protein metabolic process	13	5.2	8.777710084629738E-7	3127858, 3126687, 3123097, 3126485, 3129598, 3127700, 3129316, 3123211, 3128740, 3126910, 3124057, 3128123, 3123415	237	45	4870	5.93624003750586	9.729748283213713E-4	1.6222825217138137E-4	0.0014051259917158276
GOTERM_BP_FAT	GO:0000278~mitotic cell cycle	36	14.399999999999999	1.3599403270788708E-6	3126687, 3127858, 3129384, 3123097, 3128099, 3126485, 3124490, 3128056, 3123056, 3129765, 3123211, 3124645, 3125528, 3128740, 3125998, 3123193, 3126017, 3127307, 3126464, 3126990, 3126568, 3129520, 3126495, 3126809, 3124845, 3128871, 3128939, 3127700, 3129316, 3122590, 3126071, 3124344, 3126751, 3126910, 3126070, 3127789	237	309	4870	2.3940027036991522	0.001507038124143989	2.1543034130777627E-4	0.002176969355938141
GOTERM_BP_FAT	GO:0007010~cytoskeleton organization	29	11.600000000000001	1.9374118525818008E-6	3126687, 3127858, 3124756, 3129384, 3123097, 3126485, 3124490, 3125278, 3128056, 3127422, 3128740, 3125998, 3123193, 3126017, 3123415, 3127307, 3129357, 3123645, 3125101, 3124845, 3128939, 3129316, 3125968, 3122590, 3125659, 3126910, 3127923, 3128145, 3127789	237	221	4870	2.69641254749222	0.002146285254742919	2.685379154757639E-4	0.003101362517354822
GOTERM_BP_FAT	GO:0007018~microtubule-based movement	9	3.5999999999999996	4.787299989696026E-6	3127858, 3129384, 3123097, 3126485, 3128740, 3126809, 3127307, 3126464, 3129316	237	22	4870	8.406214039125432	0.0052950598827546935	5.897291965336615E-4	0.007663231345456101
GOTERM_BP_FAT	GO:0007097~nuclear migration	9	3.5999999999999996	7.0362078037279334E-6	3127858, 3123097, 3128351, 3126485, 3126809, 3126910, 3127307, 3126464, 3129316	237	23	4870	8.040726472206934	0.0077728161174359656	7.80013821611858E-4	0.011262962083935513
GOTERM_BP_FAT	GO:0048285~organelle fission	25	10.0	1.6604949618333653E-5	3126687, 3129384, 3123097, 3126485, 3128056, 3129765, 3124645, 3128740, 3126017, 3127307, 3126990, 3126464, 3125873, 3126495, 3124545, 3126809, 3124845, 3128871, 3128939, 3127700, 3129316, 3122590, 3124344, 3126070, 3128471	237	194	4870	2.6480055678802903	0.018246521156356277	0.0016726942139276835	0.02657788046237508
GOTERM_BP_FAT	GO:0048590~non-developmental growth	10	4.0	2.2897703256185675E-5	3124756, 3128209, 3127553, 3125998, 3123645, 3128145, 3129442, 3123193, 3125101, 3127789	237	34	4870	6.043683296103252	0.0250741319484018	0.0021139161623273672	0.0366483306745935
GOTERM_BP_FAT	GO:0007117~budding cell bud growth	10	4.0	2.2897703256185675E-5	3124756, 3128209, 3127553, 3125998, 3123645, 3128145, 3129442, 3123193, 3125101, 3127789	237	34	4870	6.043683296103252	0.0250741319484018	0.0021139161623273672	0.0366483306745935
GOTERM_BP_FAT	GO:0051294~establishment of spindle orientation	6	2.4	9.311088555020032E-5	3127858, 3125998, 3126910, 3123193, 3127789, 3127307	237	11	4870	11.208285385500576	0.0981118597959475	0.00791197880604022	0.14894774589380155
GOTERM_BP_FAT	GO:0040001~establishment of mitotic spindle localization	6	2.4	9.311088555020032E-5	3127858, 3125998, 3126910, 3123193, 3127789, 3127307	237	11	4870	11.208285385500576	0.0981118597959475	0.00791197880604022	0.14894774589380155
GOTERM_BP_FAT	GO:0051293~establishment of spindle localization	6	2.4	9.311088555020032E-5	3127858, 3125998, 3126910, 3123193, 3127789, 3127307	237	11	4870	11.208285385500576	0.0981118597959475	0.00791197880604022	0.14894774589380155
GOTERM_BP_FAT	GO:0051653~spindle localization	6	2.4	9.311088555020032E-5	3127858, 3125998, 3126910, 3123193, 3127789, 3127307	237	11	4870	11.208285385500576	0.0981118597959475	0.00791197880604022	0.14894774589380155
GOTERM_BP_FAT	GO:0000132~establishment of mitotic spindle orientation	6	2.4	9.311088555020032E-5	3127858, 3125998, 3126910, 3123193, 3127789, 3127307	237	11	4870	11.208285385500576	0.0981118597959475	0.00791197880604022	0.14894774589380155
GOTERM_BP_FAT	GO:0007021~tubulin complex assembly	5	2.0	1.6766734883778646E-4	3123211, 3128992, 3125528, 3124432, 3126568	237	7	4870	14.677516576250754	0.16969209731814516	0.013194936245299882	0.26806434836784687
GOTERM_BP_FAT	GO:0051656~establishment of organelle localization	14	5.6000000000000005	1.907917925227259E-4	3126687, 3127858, 3123097, 3126485, 3128351, 3129357, 3126809, 3129316, 3126910, 3125998, 3123193, 3127789, 3127307, 3126464	237	85	4870	3.384462645817821	0.19071835684520178	0.014008178469230859	0.30498249477860506
GOTERM_BP_FAT	GO:0010970~microtubule-based transport	7	2.8000000000000003	1.9352827316362656E-4	3127858, 3123097, 3126485, 3126809, 3127307, 3126464, 3129316	237	19	4870	7.570508549855652	0.19317107772787767	0.013325643476158389	0.3093504349128695
GOTERM_BP_FAT	GO:0030473~nuclear migration along microtubule	7	2.8000000000000003	1.9352827316362656E-4	3127858, 3123097, 3126485, 3126809, 3127307, 3126464, 3129316	237	19	4870	7.570508549855652	0.19317107772787767	0.013325643476158389	0.3093504349128695
GOTERM_BP_FAT	GO:0006461~protein complex assembly	26	10.4	2.1192326734999228E-4	3126687, 3127142, 3124756, 3127529, 3123097, 3124432, 3125044, 3129598, 3128223, 3128863, 3123211, 3128740, 3125528, 3126568, 3126464, 3124054, 3128420, 3125873, 3128992, 3126809, 3123667, 3129316, 3128495, 3125034, 3124057, 3128123	237	241	4870	2.216853126039533	0.20946694699279167	0.013731196932369683	0.338707664794069
GOTERM_BP_FAT	GO:0070271~protein complex biogenesis	26	10.4	2.1192326734999228E-4	3126687, 3127142, 3124756, 3127529, 3123097, 3124432, 3125044, 3129598, 3128223, 3128863, 3123211, 3128740, 3125528, 3126568, 3126464, 3124054, 3128420, 3125873, 3128992, 3126809, 3123667, 3129316, 3128495, 3125034, 3124057, 3128123	237	241	4870	2.216853126039533	0.20946694699279167	0.013731196932369683	0.338707664794069
GOTERM_BP_FAT	GO:0000280~nuclear division	22	8.799999999999999	2.1676833304873217E-4	3126687, 3129384, 3123097, 3126485, 3126495, 3126809, 3128056, 3124845, 3128871, 3128939, 3127700, 3129316, 3129765, 3122590, 3124645, 3124344, 3128740, 3126017, 3126070, 3127307, 3126990, 3126464	237	186	4870	2.4304704868200173	0.21370413613249406	0.013267979536256469	0.3464387299608851
GOTERM_BP_FAT	GO:0007118~budding cell apical bud growth	6	2.4	2.3939220122667955E-4	3128209, 3127553, 3123645, 3128145, 3129442, 3127789	237	13	4870	9.483933787731257	0.23319115572023597	0.013877425869457727	0.3825312318245677
GOTERM_BP_FAT	GO:0040007~growth	18	7.199999999999999	3.1322278761164825E-4	3127664, 3124756, 3129084, 3127553, 3123342, 3123645, 3125101, 3123026, 3128203, 3128209, 3123032, 3125998, 3128145, 3129442, 3123193, 3127789, 3123415, 3123241	237	138	4870	2.680242157402312	0.2934903965774952	0.017220919525130385	0.5002300341210519
GOTERM_BP_FAT	GO:0051726~regulation of cell cycle	21	8.4	3.2776452604232E-4	3126687, 3123083, 3124756, 3126513, 3123097, 3126495, 3127553, 3129619, 3128871, 3128064, 3127700, 3129316, 3123056, 3129765, 3122590, 3124645, 3125535, 3126751, 3128740, 3128145, 3124991	237	178	4870	2.4242639738301808	0.3047963412044732	0.01716293543588543	0.5233967220178548
GOTERM_BP_FAT	GO:0048308~organelle inheritance	12	4.8	3.6158282819609715E-4	3125968, 3127760, 3127989, 3129357, 3125873, 3127553, 3123645, 3123193, 3127789, 3123415, 3125000, 3123578	237	68	4870	3.626209977661951	0.3303953868824099	0.01806518998876072	0.5772536736099121
GOTERM_BP_FAT	GO:0051640~organelle localization	16	6.4	3.8028636546995825E-4	3126687, 3127858, 3123097, 3125873, 3126485, 3128351, 3129357, 3126809, 3123645, 3129316, 3126910, 3125998, 3123193, 3127789, 3127307, 3126464	237	115	4870	2.8589249678957986	0.3441464685312967	0.018172751296602785	0.6070280371847092
GOTERM_BP_FAT	GO:0031109~microtubule polymerization or depolymerization	4	1.6	4.335669860140205E-4	3127858, 3129384, 3123097, 3128740	237	4	4870	20.548523206751053	0.38179184183128934	0.019839310809086297	0.6918002145040236
GOTERM_BP_FAT	GO:0007019~microtubule depolymerization	4	1.6	4.335669860140205E-4	3127858, 3129384, 3123097, 3128740	237	4	4870	20.548523206751053	0.38179184183128934	0.019839310809086297	0.6918002145040236
GOTERM_BP_FAT	GO:0043933~macromolecular complex subunit organization	43	17.2	4.728552310928503E-4	3126687, 3127858, 3127142, 3124756, 3129384, 3123097, 3128099, 3127529, 3125044, 3124432, 3129598, 3128223, 3128863, 3123211, 3125528, 3128740, 3127495, 3123076, 3126464, 3126568, 3122867, 3124054, 3128420, 3129543, 3125873, 3128992, 3126495, 3126246, 3126809, 3123169, 3123645, 3123667, 3129316, 3129194, 3125659, 3128574, 3125489, 3124632, 3128495, 3129430, 3125034, 3128123, 3124057	237	519	4870	1.702478801330049	0.4081609003560749	0.020762252741069798	0.7542663850126363
GOTERM_BP_FAT	GO:0007049~cell cycle	49	19.6	6.382723882085886E-4	3127858, 3127142, 3123097, 3125372, 3127422, 3123056, 3129765, 3123211, 3125528, 3128740, 3125998, 3123193, 3126464, 3126990, 3126568, 3129520, 3124525, 3129008, 3126809, 3126805, 3124845, 3128064, 3129316, 3122590, 3126071, 3127923, 3126070, 3124085, 3126687, 3129384, 3128099, 3126485, 3124490, 3128056, 3126703, 3124645, 3126017, 3127307, 3123076, 3126495, 3128871, 3128939, 3127700, 3122991, 3124344, 3126751, 3126910, 3128145, 3127789	237	627	4870	1.6058654499693807	0.5074060491214671	0.02686597711012495	1.0168668210825182
GOTERM_BP_FAT	GO:0000741~karyogamy	7	2.8000000000000003	7.825122524003676E-4	3127422, 3126485, 3126809, 3128056, 3127307, 3126464, 3129316	237	24	4870	5.993319268635724	0.5802709099828809	0.03164211888160273	1.2453164073736755
GOTERM_BP_FAT	GO:0007114~cell budding	13	5.2	7.940392917634982E-4	3124756, 3126495, 3127553, 3123645, 3125101, 3127422, 3128209, 3125998, 3128145, 3129442, 3123193, 3127789, 3123241	237	86	4870	3.106172112648416	0.5856065404527082	0.03097233785801856	1.2635517846183997
GOTERM_BP_FAT	GO:0019954~asexual reproduction	13	5.2	7.940392917634982E-4	3124756, 3126495, 3127553, 3123645, 3125101, 3127422, 3128209, 3125998, 3128145, 3129442, 3123193, 3127789, 3123241	237	86	4870	3.106172112648416	0.5856065404527082	0.03097233785801856	1.2635517846183997
GOTERM_BP_FAT	GO:0051494~negative regulation of cytoskeleton organization	5	2.0	8.958674033826058E-4	3126687, 3125659, 3123097, 3125278, 3123415	237	10	4870	10.274261603375527	0.6298926743372597	0.03369384100801176	1.4245032684692682
GOTERM_BP_FAT	GO:0007059~chromosome segregation	19	7.6	9.286671106534695E-4	3124525, 3129384, 3123097, 3126495, 3126356, 3126809, 3128056, 3124845, 3128939, 3127700, 3129316, 3122590, 3124645, 3128740, 3126017, 3126070, 3123076, 3127307, 3126464	237	165	4870	2.3661935813834547	0.6431252272399111	0.03376255997363886	1.4762947216686473
GOTERM_BP_FAT	GO:0022403~cell cycle phase	36	14.399999999999999	9.588231580397435E-4	3126687, 3127858, 3127142, 3129384, 3123097, 3128099, 3126485, 3124490, 3128056, 3123056, 3129765, 3124645, 3126703, 3128740, 3126017, 3127307, 3126464, 3126990, 3129520, 3124525, 3129008, 3126495, 3126809, 3126805, 3128064, 3124845, 3128871, 3128939, 3127700, 3129316, 3122590, 3126071, 3124344, 3126751, 3126070, 3124085	237	422	4870	1.75295458635791	0.6548737488090937	0.03373541050965645	1.523889267366596
GOTERM_BP_FAT	GO:0010564~regulation of cell cycle process	14	5.6000000000000005	9.603710682688569E-4	3123083, 3126687, 3126513, 3123097, 3126495, 3127553, 3128871, 3128064, 3127700, 3129765, 3122590, 3124645, 3125535, 3128145	237	100	4870	2.8767932489451478	0.6554662635939733	0.03275054806379507	1.5263317141812838
GOTERM_BP_FAT	GO:0002098~tRNA wobble uridine modification	7	2.8000000000000003	0.0012336902387709006	3125557, 3123348, 3129419, 3127516, 3123241, 3123026, 3122950	237	26	4870	5.532294709509899	0.7456406158843059	0.040636335764950404	1.9567126499941523
GOTERM_BP_FAT	GO:0002097~tRNA wobble base modification	7	2.8000000000000003	0.0012336902387709006	3125557, 3123348, 3129419, 3127516, 3123241, 3123026, 3122950	237	26	4870	5.532294709509899	0.7456406158843059	0.040636335764950404	1.9567126499941523
GOTERM_BP_FAT	GO:0000279~M phase	30	12.0	0.0013926520396079743	3126687, 3127858, 3129384, 3123097, 3126485, 3128056, 3123056, 3129765, 3124645, 3126703, 3128740, 3126017, 3127307, 3126990, 3126464, 3124525, 3129008, 3126495, 3126809, 3126805, 3128064, 3124845, 3128871, 3128939, 3127700, 3129316, 3122590, 3124344, 3126070, 3124085	237	335	4870	1.84016625732099	0.7868006324038912	0.04443901558999441	2.2062094833258383
GOTERM_BP_FAT	GO:0006400~tRNA modification	11	4.3999999999999995	0.001434851023058259	3126426, 3125557, 3123348, 3124335, 3129419, 3127516, 3122458, 3123241, 3124985, 3123026, 3122950	237	68	4870	3.3240258128567888	0.7965616932425648	0.04447746209350356	2.2723424029705064
GOTERM_BP_FAT	GO:0033043~regulation of organelle organization	13	5.2	0.00145587456900162	3126687, 3123097, 3129357, 3126495, 3125044, 3125278, 3125372, 3124845, 3128871, 3123667, 3125659, 3122590, 3123415	237	92	4870	2.903595670519171	0.80125672072437	0.04388942071935886	2.305274192926532
GOTERM_BP_FAT	GO:0065003~macromolecular complex assembly	34	13.600000000000001	0.0014830792667359684	3126687, 3127142, 3124756, 3123097, 3128099, 3127529, 3125044, 3124432, 3129598, 3128223, 3128863, 3123211, 3125528, 3128740, 3127495, 3123076, 3126464, 3126568, 3124054, 3128420, 3125873, 3128992, 3126809, 3126246, 3123667, 3129316, 3129194, 3125489, 3124632, 3128495, 3129430, 3125034, 3128123, 3124057	237	400	4870	1.7466244725738398	0.8071718208658631	0.043510330567740674	2.347872846449317
GOTERM_BP_FAT	GO:0048284~organelle fusion	11	4.3999999999999995	0.0016081995310741352	3127422, 3123090, 3126485, 3122500, 3126809, 3128120, 3125050, 3128056, 3127307, 3126464, 3129316	237	69	4870	3.2758515257139367	0.8321910125507895	0.04588570997007291	2.5435690989135895
GOTERM_BP_FAT	GO:0007067~mitosis	19	7.6	0.0019556046589354627	3126687, 3129384, 3123097, 3126495, 3126809, 3124845, 3128871, 3127700, 3129316, 3129765, 3122590, 3124645, 3124344, 3128740, 3126017, 3126070, 3127307, 3126990, 3126464	237	176	4870	2.218306482546989	0.8859238372744019	0.05414293883065091	3.0850074084957657
GOTERM_BP_FAT	GO:0051493~regulation of cytoskeleton organization	8	3.2	0.0019951364930253894	3126687, 3125659, 3123097, 3129357, 3125278, 3128871, 3124845, 3123415	237	38	4870	4.326004885631801	0.8908264582651299	0.05386537792419954	3.1464395827283886
GOTERM_BP_FAT	GO:0045229~external encapsulating structure organization	24	9.6	0.0021292381691858913	3124780, 3124756, 3125681, 3129008, 3129084, 3124116, 3129036, 3127553, 3129619, 3123645, 3124174, 3125101, 3128825, 3122759, 3123056, 3125968, 3128024, 3125998, 3129252, 3127923, 3123193, 3127789, 3126990, 3129520	237	251	4870	1.9647990317212165	0.9059419012293088	0.056024152030250685	3.3545607172253633
GOTERM_BP_FAT	GO:0007047~cell wall organization	24	9.6	0.0021292381691858913	3124780, 3124756, 3125681, 3129008, 3129084, 3124116, 3129036, 3127553, 3129619, 3123645, 3124174, 3125101, 3128825, 3122759, 3123056, 3125968, 3128024, 3125998, 3129252, 3127923, 3123193, 3127789, 3126990, 3129520	237	251	4870	1.9647990317212165	0.9059419012293088	0.056024152030250685	3.3545607172253633
GOTERM_BP_FAT	GO:0000087~M phase of mitotic cell cycle	19	7.6	0.0022199081522257446	3126687, 3129384, 3123097, 3126495, 3126809, 3124845, 3128871, 3127700, 3129316, 3129765, 3122590, 3124645, 3124344, 3128740, 3126017, 3126070, 3127307, 3126990, 3126464	237	178	4870	2.193381690608259	0.9149584027918662	0.0569927459813061	3.49503971567493
GOTERM_BP_FAT	GO:0051301~cell division	30	12.0	0.0023973222122918927	3126687, 3124756, 3129384, 3123097, 3125372, 3122759, 3127422, 3129765, 3124645, 3128740, 3128209, 3125998, 3129442, 3123193, 3126017, 3123076, 3126990, 3126495, 3127553, 3123645, 3125101, 3124845, 3128871, 3127700, 3129316, 3122590, 3127923, 3128145, 3127789, 3123241	237	347	4870	1.7765293838689675	0.9301791241210193	0.06002579221195126	3.769361538259308
GOTERM_BP_FAT	GO:0022402~cell cycle process	41	16.400000000000002	0.002533396107061393	3126687, 3127858, 3127142, 3129384, 3123097, 3128099, 3126485, 3124490, 3128056, 3127422, 3123056, 3129765, 3124645, 3126703, 3128740, 3125998, 3123193, 3126017, 3127307, 3126464, 3126990, 3129520, 3124525, 3129008, 3126495, 3126809, 3126805, 3128064, 3124845, 3128871, 3128939, 3127700, 3129316, 3122590, 3126071, 3124344, 3126751, 3126910, 3126070, 3127789, 3124085	237	530	4870	1.589602738635459	0.9399814224553343	0.06193319965694222	3.97926664501449
GOTERM_BP_FAT	GO:0034621~cellular macromolecular complex subunit organization	35	14.000000000000002	0.0026774198794147952	3126687, 3127858, 3127142, 3124756, 3129384, 3123097, 3128099, 3127529, 3125044, 3124432, 3128863, 3123211, 3125528, 3128740, 3127495, 3123076, 3126464, 3126568, 3122867, 3124054, 3129543, 3128992, 3126495, 3126809, 3123169, 3126246, 3123645, 3123667, 3129194, 3125659, 3128574, 3125489, 3124632, 3129430, 3125034	237	431	4870	1.6686735782744475	0.9488626808221747	0.06393654992528253	4.20096743297832
GOTERM_BP_FAT	GO:0000742~karyogamy during conjugation with cellular fusion	6	2.4	0.0027514025691356427	3127422, 3126809, 3128056, 3127307, 3126464, 3129316	237	21	4870	5.8710066305003	0.9529013457051128	0.06426611039469166	4.31466488888309
GOTERM_BP_FAT	GO:0048610~reproductive cellular process	23	9.2	0.0030882685480733375	3124756, 3129008, 3126495, 3127553, 3126809, 3123645, 3125101, 3128056, 3128064, 3129316, 3125567, 3127422, 3122991, 3125968, 3128209, 3125998, 3128145, 3129442, 3123193, 3124085, 3127789, 3127307, 3126464	237	243	4870	1.944921949610182	0.9676191870025427	0.07038313368823768	4.830766816102916
GOTERM_BP_FAT	GO:0006984~ER-nuclear signaling pathway	12	4.8	0.0032084547402110725	3124780, 3128024, 3127350, 3129084, 3124116, 3128559, 3129619, 3123645, 3127923, 3124713, 3122759, 3123578	237	88	4870	2.802071346375144	0.9716717763637536	0.07155844639557085	5.014267836798325
GOTERM_BP_FAT	GO:0043242~negative regulation of protein complex disassembly	4	1.6	0.0034013415468266478	3126687, 3123097, 3125278, 3123415	237	7	4870	11.742013261000602	0.9771434474405017	0.0742143964520815	5.308075371231102
GOTERM_BP_FAT	GO:0051261~protein depolymerization	4	1.6	0.0034013415468266478	3127858, 3129384, 3123097, 3128740	237	7	4870	11.742013261000602	0.9771434474405017	0.0742143964520815	5.308075371231102
GOTERM_BP_FAT	GO:0010605~negative regulation of macromolecule metabolic process	24	9.6	0.00390919358039039	3126687, 3127858, 3128304, 3126513, 3122867, 3129084, 3123097, 3126485, 3129598, 3128064, 3127700, 3129316, 3123211, 3126071, 3126703, 3128740, 3126910, 3124991, 3123370, 3123415, 3124057, 3128123, 3129520, 3123578	237	263	4870	1.875150406699716	0.9870128073035703	0.08320907505099595	6.0775721449739635
GOTERM_BP_FAT	GO:0007033~vacuole organization	9	3.5999999999999996	0.004059515277549771	3127422, 3128198, 3123090, 3127989, 3125863, 3127553, 3123645, 3123193, 3127789	237	54	4870	3.4247538677918423	0.9890143480158737	0.08465498577666852	6.304212478092175
GOTERM_BP_FAT	GO:0000011~vacuole inheritance	5	2.0	0.004805859696883242	3127989, 3127553, 3123645, 3123193, 3127789	237	15	4870	6.849507735583685	0.9952163263219497	0.0976395965712501	7.421904975057214
GOTERM_BP_FAT	GO:0030472~mitotic spindle organization in nucleus	6	2.4	0.005103114219614116	3127858, 3128740, 3128056, 3124845, 3127307, 3128939	237	24	4870	5.137130801687763	0.9965653599542621	0.10152252651588467	7.863569633762824
GOTERM_BP_FAT	GO:0008033~tRNA processing	13	5.2	0.0052293667981578975	3123348, 3129419, 3127516, 3122458, 3122950, 3123026, 3126426, 3125557, 3122511, 3124335, 3129733, 3123241, 3124985	237	107	4870	2.496549548483773	0.9970162797818931	0.10208286137195177	8.050559017656278
GOTERM_BP_FAT	GO:0000743~nuclear migration during conjugation with cellular fusion	4	1.6	0.005248585413168334	3126809, 3127307, 3126464, 3129316	237	8	4870	10.274261603375527	0.997079528065812	0.1006736300293023	8.07899198322829
GOTERM_BP_FAT	GO:0043623~cellular protein complex assembly	14	5.6000000000000005	0.006597378110975506	3126687, 3124054, 3124756, 3127529, 3128992, 3125044, 3124432, 3126809, 3123667, 3128863, 3123211, 3125528, 3126568, 3126464	237	124	4870	2.3199945556009256	0.9993514256018412	0.12285637615790546	10.054000561556077
GOTERM_BP_FAT	GO:0007005~mitochondrion organization	24	9.6	0.006680666843080976	3127181, 3128449, 3127529, 3129357, 3125873, 3125660, 3125044, 3124545, 3123645, 3126245, 3128223, 3126785, 3128216, 3128863, 3128024, 3124632, 3129731, 3124361, 3123193, 3125050, 3127443, 3128471, 3127789, 3127943	237	275	4870	1.793325661680092	0.9994090140816623	0.1222698788638934	10.174644770809637
GOTERM_BP_FAT	GO:0000073~spindle pole body separation	3	1.2	0.006791834527008892	3126687, 3129384, 3128740	237	3	4870	20.548523206751053	0.9994779981572652	0.12217460911220768	10.335435431449703
GOTERM_BP_FAT	GO:0030010~establishment of cell polarity	13	5.2	0.007012389652836338	3124780, 3127858, 3127553, 3123645, 3125101, 3128209, 3126910, 3125998, 3128145, 3129442, 3123193, 3127789, 3127307	237	111	4870	2.4065837989888625	0.9995919557915145	0.12389862966002674	10.653643412901193
GOTERM_BP_FAT	GO:0006997~nucleus organization	10	4.0	0.007450408637848908	3127422, 3128574, 3126485, 3124968, 3126809, 3123169, 3128056, 3127307, 3126464, 3129316	237	72	4870	2.8539615564932017	0.9997498466507754	0.12909636070810604	11.28246272211867
GOTERM_BP_FAT	GO:0007052~mitotic spindle organization	8	3.2	0.007713299225897174	3126687, 3127858, 3122590, 3128740, 3128056, 3124845, 3127307, 3128939	237	48	4870	3.424753867791842	0.9998135242658496	0.1313143225866753	11.657873060954415
GOTERM_BP_FAT	GO:0007266~Rho protein signal transduction	5	2.0	0.00960869892734771	3128209, 3127553, 3125998, 3128145, 3129442	237	18	4870	5.707923112986403	0.9999776251458803	0.1586123512327664	14.320769631272679
GOTERM_BP_FAT	GO:0044087~regulation of cellular component biogenesis	6	2.4	0.010077806560684523	3129357, 3129619, 3125278, 3125998, 3128145, 3123415	237	28	4870	4.403254972875226	0.9999867694889597	0.1633097498266558	14.968113707126507
GOTERM_BP_FAT	GO:0032535~regulation of cellular component size	13	5.2	0.010549797726580015	3124116, 3129357, 3123342, 3125278, 3123645, 3122759, 3123026, 3128203, 3123032, 3125998, 3128145, 3127789, 3123415	237	117	4870	2.283169245194562	0.9999922038307368	0.16788060492923607	15.614806983249075
GOTERM_BP_FAT	GO:0022413~reproductive process in single-celled organism	17	6.800000000000001	0.010670739077386674	3124756, 3129008, 3126495, 3127553, 3123645, 3125101, 3128064, 3125567, 3122991, 3125968, 3128209, 3125998, 3128145, 3129442, 3123193, 3124085, 3127789	237	176	4870	1.984800537015727	0.9999931921920444	0.1672631093250745	15.779769668686006
GOTERM_BP_FAT	GO:0007051~spindle organization	8	3.2	0.01072663422488603	3126687, 3127858, 3122590, 3128740, 3128056, 3124845, 3127307, 3128939	237	51	4870	3.223297757921734	0.9999936056671589	0.16574286845055175	15.855907842879112
GOTERM_BP_FAT	GO:0006457~protein folding	12	4.8	0.013853982546621268	3123211, 3127722, 3128992, 3125528, 3125044, 3124432, 3123564, 3129598, 3123667, 3128123, 3124057, 3126568	237	107	4870	2.304507275523483	0.9999998090943832	0.2061952158067405	20.014516815810733
GOTERM_BP_FAT	GO:0051300~spindle pole body organization	5	2.0	0.014101050581749361	3127422, 3126687, 3129384, 3128740, 3124490	237	20	4870	5.137130801687763	0.9999998554108037	0.20674327537149306	20.334706325661834
GOTERM_BP_FAT	GO:0031023~microtubule organizing center organization	5	2.0	0.014101050581749361	3127422, 3126687, 3129384, 3128740, 3124490	237	20	4870	5.137130801687763	0.9999998554108037	0.20674327537149306	20.334706325661834
GOTERM_BP_FAT	GO:0019953~sexual reproduction	23	9.2	0.014146569896680459	3124756, 3129008, 3124116, 3126495, 3127553, 3126809, 3125101, 3128056, 3128064, 3122759, 3129316, 3125567, 3127422, 3128209, 3125998, 3127923, 3128145, 3129442, 3123193, 3124085, 3127789, 3127307, 3126464	237	277	4870	1.7061950677085713	0.9999998626280137	0.204666548836004	20.393566142993592
GOTERM_BP_FAT	GO:0007163~establishment or maintenance of cell polarity	13	5.2	0.015335540728334903	3124780, 3127858, 3127553, 3123645, 3125101, 3128209, 3126910, 3125998, 3128145, 3129442, 3123193, 3127789, 3127307	237	123	4870	2.1717951356728755	0.9999999639684207	0.2171710027393552	21.916629172675872
GOTERM_BP_FAT	GO:0000819~sister chromatid segregation	10	4.0	0.016890556699283982	3122590, 3124525, 3129384, 3123097, 3128740, 3126809, 3126070, 3127307, 3126464, 3129316	237	82	4870	2.505917464237933	0.9999999937558786	0.23362159563268292	23.86738481916012
GOTERM_BP_FAT	GO:0032970~regulation of actin filament-based process	4	1.6	0.01785492933809762	3125659, 3129357, 3125278, 3123415	237	12	4870	6.849507735583684	0.999999997897257	0.24232467932718826	25.054127885038458
GOTERM_BP_FAT	GO:0032956~regulation of actin cytoskeleton organization	4	1.6	0.01785492933809762	3125659, 3129357, 3125278, 3123415	237	12	4870	6.849507735583684	0.999999997897257	0.24232467932718826	25.054127885038458
GOTERM_BP_FAT	GO:0030029~actin filament-based process	12	4.8	0.017866173521808814	3125968, 3125659, 3129357, 3125278, 3125998, 3123645, 3127923, 3128145, 3123193, 3125101, 3127789, 3123415	237	111	4870	2.2214619682974113	0.9999999979237859	0.23957126005191154	25.06786196572257
GOTERM_BP_FAT	GO:0007242~intracellular signaling cascade	16	6.4	0.018780243532142193	3124780, 3127553, 3125101, 3126952, 3123056, 3129765, 3124768, 3127989, 3128209, 3128495, 3125998, 3126194, 3124145, 3127923, 3128145, 3129442	237	172	4870	1.9114905308605632	0.99999999926072	0.24732840602084527	26.176483500360693
GOTERM_BP_FAT	GO:0051276~chromosome organization	29	11.600000000000001	0.019478412834481876	3129384, 3123097, 3128099, 3126356, 3125372, 3127346, 3129128, 3128740, 3123193, 3127307, 3126464, 3123338, 3122867, 3126513, 3124525, 3129543, 3126495, 3126809, 3126805, 3128064, 3123667, 3129316, 3122991, 3122590, 3125535, 3126717, 3124968, 3125034, 3126070	237	387	4870	1.5398118165265648	0.9999999996642702	0.2523817993073657	27.012873363865463
GOTERM_BP_FAT	GO:0007346~regulation of mitotic cell cycle	10	4.0	0.019522660473869635	3126687, 3129765, 3122590, 3123097, 3124645, 3126495, 3127553, 3129619, 3128145, 3127700	237	84	4870	2.4462527627084585	0.9999999996806588	0.25000911269891346	27.065580455109185
GOTERM_BP_FAT	GO:0030447~filamentous growth	12	4.8	0.020170522118807745	3128203, 3127664, 3129084, 3128209, 3127553, 3123032, 3125998, 3123342, 3123645, 3128145, 3123241, 3123415	237	113	4870	2.1821440573540944	0.9999999998465717	0.2543341945189481	27.833228337483963
GOTERM_BP_FAT	GO:0007023~post-chaperonin tubulin folding pathway	3	1.2	0.02122011035675698	3129598, 3128123, 3124057	237	5	4870	12.329113924050633	0.9999999999532581	0.2628424086121244	29.06082330083568
GOTERM_BP_FAT	GO:0000092~mitotic anaphase B	3	1.2	0.02122011035675698	3126687, 3129384, 3128740	237	5	4870	12.329113924050633	0.9999999999532581	0.2628424086121244	29.06082330083568
GOTERM_BP_FAT	GO:0032505~reproduction of a single-celled organism	19	7.6	0.021865342118380232	3124756, 3129008, 3126495, 3127553, 3123645, 3125101, 3128064, 3125567, 3127422, 3122991, 3125968, 3128209, 3125998, 3128145, 3129442, 3123193, 3124085, 3127789, 3123241	237	223	4870	1.7507710355527808	0.9999999999775043	0.26681013180101	29.80573822671645
GOTERM_BP_FAT	GO:0032990~cell part morphogenesis	4	1.6	0.02239607064071784	3125873, 3124545, 3125050, 3128471	237	13	4870	6.32262252515417	0.9999999999876775	0.26947726753094425	30.41295657892996
GOTERM_BP_FAT	GO:0070584~mitochondrion morphogenesis	4	1.6	0.02239607064071784	3125873, 3124545, 3125050, 3128471	237	13	4870	6.32262252515417	0.9999999999876775	0.26947726753094425	30.41295657892996
GOTERM_BP_FAT	GO:0043244~regulation of protein complex disassembly	4	1.6	0.02239607064071784	3126687, 3123097, 3125278, 3123415	237	13	4870	6.32262252515417	0.9999999999876775	0.26947726753094425	30.41295657892996
GOTERM_BP_FAT	GO:0010639~negative regulation of organelle organization	6	2.4	0.02255618142521601	3126687, 3125659, 3123097, 3126495, 3125278, 3123415	237	34	4870	3.626209977661951	0.9999999999897243	0.26828265935275064	30.5951737338259
GOTERM_BP_FAT	GO:0032989~cellular component morphogenesis	18	7.199999999999999	0.022893879883261088	3127858, 3124780, 3125873, 3126495, 3127553, 3124545, 3123645, 3125101, 3128209, 3125998, 3126910, 3128145, 3129442, 3123193, 3125050, 3128471, 3127789, 3127307	237	208	4870	1.7782375851996106	0.9999999999929954	0.26891465435864403	30.978032203964823
GOTERM_BP_FAT	GO:0034622~cellular macromolecular complex assembly	24	9.6	0.023855301915233103	3126687, 3127142, 3124756, 3124054, 3128099, 3127529, 3128992, 3124432, 3125044, 3126809, 3126246, 3123667, 3128863, 3129194, 3123211, 3125489, 3125528, 3124632, 3129430, 3127495, 3125034, 3123076, 3126464, 3126568	237	308	4870	1.6011836265000823	0.999999999997649	0.2757399194882757	32.05720958283751
GOTERM_BP_FAT	GO:0007265~Ras protein signal transduction	6	2.4	0.02530934432773543	3124768, 3128209, 3127553, 3125998, 3128145, 3129442	237	35	4870	3.522603978300181	0.9999999999995499	0.28712187954638135	33.65933070757183
GOTERM_BP_FAT	GO:0001300~chronological cell aging	5	2.0	0.026589728528822958	3125873, 3123193, 3125050, 3128471, 3126990	237	24	4870	4.280942334739803	0.9999999999998952	0.2964479381369025	35.04071452333457
GOTERM_BP_FAT	GO:0022604~regulation of cell morphogenesis	5	2.0	0.026589728528822958	3124116, 3125998, 3128145, 3123164, 3129520	237	24	4870	4.280942334739803	0.9999999999998952	0.2964479381369025	35.04071452333457
GOTERM_BP_FAT	GO:0060249~anatomical structure homeostasis	8	3.2	0.02690126082112425	3122991, 3123338, 3127346, 3124968, 3125372, 3126805, 3126070, 3123667	237	61	4870	2.694888289409974	0.9999999999999265	0.2964755080349123	35.372717966310184
GOTERM_BP_FAT	GO:0032200~telomere organization	8	3.2	0.02690126082112425	3122991, 3123338, 3127346, 3124968, 3125372, 3126805, 3126070, 3123667	237	61	4870	2.694888289409974	0.9999999999999265	0.2964755080349123	35.372717966310184
GOTERM_BP_FAT	GO:0000723~telomere maintenance	8	3.2	0.02690126082112425	3122991, 3123338, 3127346, 3124968, 3125372, 3126805, 3126070, 3123667	237	61	4870	2.694888289409974	0.9999999999999265	0.2964755080349123	35.372717966310184
GOTERM_BP_FAT	GO:0009451~RNA modification	12	4.8	0.028402343915452846	3126426, 3125557, 3123348, 3124335, 3129419, 3124968, 3127516, 3122458, 3123241, 3124985, 3123026, 3122950	237	119	4870	2.0721199872354004	0.9999999999999868	0.30739072445050586	36.95025859752318
GOTERM_BP_FAT	GO:0030036~actin cytoskeleton organization	11	4.3999999999999995	0.029894236513008102	3125968, 3125659, 3129357, 3125278, 3125998, 3123645, 3127923, 3128145, 3123193, 3125101, 3123415	237	105	4870	2.1527024311834437	0.9999999999999976	0.31783330616637273	38.48231319799517
GOTERM_BP_FAT	GO:0032447~protein urmylation	3	1.2	0.03082242494710813	3125557, 3127516, 3123241	237	6	4870	10.274261603375527	0.9999999999999991	0.32301871987278197	39.41780195221117
GOTERM_BP_FAT	GO:0000266~mitochondrial fission	3	1.2	0.03082242494710813	3125873, 3124545, 3128471	237	6	4870	10.274261603375527	0.9999999999999991	0.32301871987278197	39.41780195221117
GOTERM_BP_FAT	GO:0031578~mitotic cell cycle spindle orientation checkpoint	3	1.2	0.03082242494710813	3129765, 3124645, 3127700	237	6	4870	10.274261603375527	0.9999999999999991	0.32301871987278197	39.41780195221117
GOTERM_BP_FAT	GO:0000090~mitotic anaphase	3	1.2	0.03082242494710813	3126687, 3129384, 3128740	237	6	4870	10.274261603375527	0.9999999999999991	0.32301871987278197	39.41780195221117
GOTERM_BP_FAT	GO:0000070~mitotic sister chromatid segregation	9	3.5999999999999996	0.03172716441313027	3122590, 3129384, 3123097, 3128740, 3126809, 3126070, 3127307, 3126464, 3129316	237	77	4870	2.401775439750123	0.9999999999999997	0.3278578349260508	40.31680764679459
GOTERM_BP_FAT	GO:0000902~cell morphogenesis	14	5.6000000000000005	0.031846032544175465	3124780, 3127858, 3126495, 3127553, 3123645, 3125101, 3128209, 3126910, 3125998, 3128145, 3129442, 3123193, 3127789, 3127307	237	152	4870	1.892627137463913	0.9999999999999998	0.32592629148100527	40.43398848317884
GOTERM_BP_FAT	GO:0032880~regulation of protein localization	4	1.6	0.03318030721635198	3125998, 3124991, 3129520, 3123578	237	15	4870	5.479606188466947	0.9999999999999999	0.33419138113149216	41.73460887124813
GOTERM_BP_FAT	GO:0007096~regulation of exit from mitosis	5	2.0	0.03924032110133435	3129765, 3124645, 3127553, 3128145, 3127700	237	27	4870	3.805282075324269	1.0	0.3795800050720388	47.313745303056606
GOTERM_BP_FAT	GO:0010648~negative regulation of cell communication	4	1.6	0.03941400901966163	3124768, 3127722, 3124991, 3129520	237	16	4870	5.137130801687763	1.0	0.37775002007882075	47.46601027396934
GOTERM_BP_FAT	GO:0009968~negative regulation of signal transduction	4	1.6	0.03941400901966163	3124768, 3127722, 3124991, 3129520	237	16	4870	5.137130801687763	1.0	0.37775002007882075	47.46601027396934
GOTERM_BP_FAT	GO:0046854~phosphoinositide phosphorylation	3	1.2	0.041790858307478806	3125330, 3126194, 3126952	237	7	4870	8.806509945750452	1.0	0.392461909017336	49.50867544932297
GOTERM_BP_FAT	GO:0046834~lipid phosphorylation	3	1.2	0.041790858307478806	3125330, 3126194, 3126952	237	7	4870	8.806509945750452	1.0	0.392461909017336	49.50867544932297
GOTERM_BP_FAT	GO:0051322~anaphase	3	1.2	0.041790858307478806	3126687, 3129384, 3128740	237	7	4870	8.806509945750452	1.0	0.392461909017336	49.50867544932297
GOTERM_BP_FAT	GO:0007264~small GTPase mediated signal transduction	9	3.5999999999999996	0.04379859422034006	3129765, 3124768, 3127989, 3128209, 3127553, 3125998, 3128145, 3129442, 3125101	237	82	4870	2.25532571781414	1.0	0.40391966837207294	51.17586364563117
GOTERM_BP_FAT	GO:0031577~spindle checkpoint	5	2.0	0.0441007401913747	3129765, 3123097, 3124645, 3126495, 3127700	237	28	4870	3.6693791440626886	1.0	0.40289318129677154	51.422245893761186
GOTERM_BP_FAT	GO:0016310~phosphorylation	17	6.800000000000001	0.04869218712733767	3124780, 3125330, 3123083, 3124756, 3127108, 3127553, 3127744, 3124713, 3128223, 3128825, 3126952, 3122759, 3124344, 3126194, 3127923, 3128418, 3129520	237	211	4870	1.655568220449137	1.0	0.4315738148063736	55.025770791061724
GOTERM_BP_FAT	GO:0007004~telomere maintenance via telomerase	4	1.6	0.053513778021934515	3127346, 3124968, 3125372, 3126070	237	18	4870	4.566338490389123	1.0	0.45995261842695057	58.53918698089906
GOTERM_BP_FAT	GO:0010833~telomere maintenance via telomere lengthening	4	1.6	0.053513778021934515	3127346, 3124968, 3125372, 3126070	237	18	4870	4.566338490389123	1.0	0.45995261842695057	58.53918698089906
GOTERM_BP_FAT	GO:0080135~regulation of cellular response to stress	3	1.2	0.053971615938333016	3129374, 3126513, 3125535	237	8	4870	7.705696202531645	1.0	0.4595230078388187	58.859073870056356
GOTERM_BP_FAT	GO:0007119~budding cell isotropic bud growth	3	1.2	0.053971615938333016	3123645, 3128145, 3123193	237	8	4870	7.705696202531645	1.0	0.4595230078388187	58.859073870056356
GOTERM_BP_FAT	GO:0048309~endoplasmic reticulum inheritance	3	1.2	0.053971615938333016	3127760, 3125000, 3123578	237	8	4870	7.705696202531645	1.0	0.4595230078388187	58.859073870056356
GOTERM_BP_FAT	GO:0016237~microautophagy	6	2.4	0.05505099028197557	3127422, 3128198, 3123090, 3127989, 3125863, 3124140	237	43	4870	2.8672357962908452	1.0	0.4629940726166083	59.60408794288079
GOTERM_BP_FAT	GO:0042592~homeostatic process	19	7.6	0.05745596304066858	3123338, 3125330, 3127761, 3127740, 3127181, 3125863, 3126495, 3124140, 3129059, 3125372, 3126805, 3123667, 3122991, 3127346, 3124968, 3128156, 3124145, 3126399, 3126070	237	250	4870	1.5616877637130804	1.0	0.4744749381877106	61.21882288160072
GOTERM_BP_FAT	GO:0000001~mitochondrion inheritance	5	2.0	0.06060962223068936	3129357, 3125873, 3123645, 3123193, 3127789	237	31	4870	3.314277936572751	1.0	0.4899246906344251	63.244641154489045
GOTERM_BP_FAT	GO:0048311~mitochondrion distribution	5	2.0	0.06060962223068936	3129357, 3125873, 3123645, 3123193, 3127789	237	31	4870	3.314277936572751	1.0	0.4899246906344251	63.244641154489045
GOTERM_BP_FAT	GO:0006944~membrane fusion	8	3.2	0.061941697414073425	3127422, 3128198, 3123090, 3127989, 3125863, 3122500, 3128120, 3125050	237	73	4870	2.2518929541644988	1.0	0.49432221142825816	64.07015614262974
GOTERM_BP_FAT	GO:0043624~cellular protein complex disassembly	7	2.8000000000000003	0.0643516626482214	3127858, 3125659, 3129384, 3123097, 3126495, 3128740, 3127495	237	59	4870	2.4379603804619894	1.0	0.504670079474051	65.51966345220922
GOTERM_BP_FAT	GO:0043241~protein complex disassembly	7	2.8000000000000003	0.0643516626482214	3127858, 3125659, 3129384, 3123097, 3126495, 3128740, 3127495	237	59	4870	2.4379603804619894	1.0	0.504670079474051	65.51966345220922
GOTERM_BP_FAT	GO:0007568~aging	8	3.2	0.06572791529254404	3124768, 3129658, 3125873, 3124968, 3123193, 3125050, 3128471, 3126990	237	74	4870	2.221461968297411	1.0	0.5089964575625561	66.32264724489974
GOTERM_BP_FAT	GO:0007093~mitotic cell cycle checkpoint	5	2.0	0.06674660647488262	3129765, 3123097, 3124645, 3126495, 3127700	237	32	4870	3.210706751054852	1.0	0.5112789506237814	66.90568161571059
GOTERM_BP_FAT	GO:0030832~regulation of actin filament length	3	1.2	0.06722249360700061	3129357, 3125278, 3123415	237	9	4870	6.849507735583685	1.0	0.5105982730623948	67.1747940024374
GOTERM_BP_FAT	GO:0032271~regulation of protein polymerization	3	1.2	0.06722249360700061	3129357, 3125278, 3123415	237	9	4870	6.849507735583685	1.0	0.5105982730623948	67.1747940024374
GOTERM_BP_FAT	GO:0030833~regulation of actin filament polymerization	3	1.2	0.06722249360700061	3129357, 3125278, 3123415	237	9	4870	6.849507735583685	1.0	0.5105982730623948	67.1747940024374
GOTERM_BP_FAT	GO:0008064~regulation of actin polymerization or depolymerization	3	1.2	0.06722249360700061	3129357, 3125278, 3123415	237	9	4870	6.849507735583685	1.0	0.5105982730623948	67.1747940024374
GOTERM_BP_FAT	GO:0006399~tRNA metabolic process	14	5.6000000000000005	0.06740889722370128	3123348, 3123644, 3129419, 3127516, 3122458, 3122950, 3123026, 3126426, 3125557, 3122511, 3124335, 3129733, 3123241, 3124985	237	170	4870	1.6922313229089105	1.0	0.5083800426701686	67.27964425636968
GOTERM_BP_FAT	GO:0008361~regulation of cell size	10	4.0	0.0735457310994045	3128203, 3124116, 3123032, 3125998, 3123342, 3123645, 3128145, 3127789, 3122759, 3123026	237	107	4870	1.9204227296029022	1.0	0.5370591903800657	70.56130181839899
GOTERM_BP_FAT	GO:0042493~response to drug	11	4.3999999999999995	0.07677513705209389	3127404, 3129765, 3124525, 3123909, 3122792, 3128471, 3128064, 3123370, 3123241, 3129520, 3126990	237	124	4870	1.822852865115013	1.0	0.5498186878523161	72.16170975264642
GOTERM_BP_FAT	GO:0051646~mitochondrion localization	5	2.0	0.07994538744714283	3129357, 3125873, 3123645, 3123193, 3127789	237	34	4870	3.021841648051626	1.0	0.5617821233937628	73.65316447118052
GOTERM_BP_FAT	GO:0006914~autophagy	12	4.8	0.08522743724916701	3127422, 3125968, 3128198, 3127761, 3123090, 3127989, 3125863, 3122500, 3125805, 3124632, 3124140, 3122756	237	143	4870	1.7243515977693193	1.0	0.5828224815695953	75.97292832774845
GOTERM_BP_FAT	GO:0016049~cell growth	8	3.2	0.08671951302305196	3128203, 3123032, 3125998, 3123342, 3123645, 3128145, 3127789, 3123026	237	79	4870	2.0808631095444103	1.0	0.5862341099709315	76.59266590145435
GOTERM_BP_FAT	GO:0016044~membrane organization	19	7.6	0.08746687585088841	3128198, 3127760, 3123090, 3125863, 3128449, 3124116, 3128260, 3124140, 3128223, 3128825, 3127422, 3127989, 3122500, 3129214, 3129252, 3123193, 3125050, 3128120, 3127789	237	264	4870	1.4788709883646594	1.0	0.5863256397240952	76.89742121252243
GOTERM_BP_FAT	GO:0007020~microtubule nucleation	4	1.6	0.08778788816752607	3123097, 3126017, 3128056, 3128939	237	22	4870	3.7360951285001915	1.0	0.5845656382129486	77.0271762856672
GOTERM_BP_FAT	GO:0007015~actin filament organization	7	2.8000000000000003	0.08802105046803106	3125659, 3129357, 3125998, 3123645, 3127923, 3128145, 3123193	237	64	4870	2.2474947257383966	1.0	0.582447817407477	77.12099316413519
GOTERM_BP_FAT	GO:0007569~cell aging	7	2.8000000000000003	0.08802105046803106	3129658, 3125873, 3124968, 3123193, 3125050, 3128471, 3126990	237	64	4870	2.2474947257383966	1.0	0.582447817407477	77.12099316413519
GOTERM_BP_FAT	GO:0050849~negative regulation of calcium-mediated signaling	2	0.8	0.09458102068943897	3124991, 3129520	237	2	4870	20.548523206751053	1.0	0.6069395754476771	79.61791605967676
GOTERM_BP_FAT	GO:0030834~regulation of actin filament depolymerization	2	0.8	0.09458102068943897	3125278, 3123415	237	2	4870	20.548523206751053	1.0	0.6069395754476771	79.61791605967676
GOTERM_BP_FAT	GO:0050848~regulation of calcium-mediated signaling	2	0.8	0.09458102068943897	3124991, 3129520	237	2	4870	20.548523206751053	1.0	0.6069395754476771	79.61791605967676
GOTERM_BP_FAT	GO:0051693~actin filament capping	2	0.8	0.09458102068943897	3125278, 3123415	237	2	4870	20.548523206751053	1.0	0.6069395754476771	79.61791605967676
GOTERM_BP_FAT	GO:0051016~barbed-end actin filament capping	2	0.8	0.09458102068943897	3125278, 3123415	237	2	4870	20.548523206751053	1.0	0.6069395754476771	79.61791605967676
GOTERM_BP_FAT	GO:0030050~vesicle transport along actin filament	2	0.8	0.09458102068943897	3123193, 3127789	237	2	4870	20.548523206751053	1.0	0.6069395754476771	79.61791605967676
GOTERM_BP_FAT	GO:0030835~negative regulation of actin filament depolymerization	2	0.8	0.09458102068943897	3125278, 3123415	237	2	4870	20.548523206751053	1.0	0.6069395754476771	79.61791605967676
GOTERM_BP_FAT	GO:0007109~cytokinesis, completion of separation	3	1.2	0.09641926142252641	3126687, 3128209, 3129442	237	11	4870	5.604142692750288	1.0	0.611275680431203	80.27034633110134
