0.0	0.339933993399
0.0	0.339933993399
0.0	0.339933993399
0.0	0.50495049505
0.0	0.00990099009901
0.0	0.257425742574
0.0	0.50495049505
0.4527802898754039	0.339933993399
0.0	0.339933993399
0.0	0.257425742574
0.0	0.339933993399
0.0	0.339933993399
0.0	0.339933993399
0.0	0.00990099009901
0.0	0.00990099009901
0.0	0.00990099009901
0.0	0.00990099009901
0.0	0.00990099009901
0.35279826060285013	0.00990099009901
0.0	0.00990099009901
0.0	0.00990099009901
0.0	0.257425742574
0.0	1.0
0.0	0.00990099009901
0.2857870041096516	0.00990099009901
0.2951529533350514	0.00990099009901
0.4191746758241013	0.00990099009901
0.0	0.00990099009901
0.0	0.00990099009901
0.2857870041096516	0.00990099009901
0.2951529533350514	0.00990099009901
0.2951529533350514	0.00990099009901
0.0	0.00990099009901
0.2951529533350514	0.00990099009901
0.0	0.00990099009901
0.0	0.00990099009901
0.4191746758241013	0.00990099009901
0.0	0.00990099009901
0.0	0.00990099009901
0.0	0.00990099009901
0.0	0.50495049505
0.0	1.0
0.0	0.00990099009901
0.0	0.00990099009901
0.0	0.00990099009901
0.0	0.00990099009901
0.35279826060285013	0.00990099009901
0.2857870041096516	0.00990099009901
0.2951529533350514	0.00990099009901
0.2951529533350514	0.00990099009901
0.2857870041096516	0.00990099009901
0.2857870041096516	0.00990099009901
0.4191746758241013	0.00990099009901
0.2857870041096516	0.00990099009901
0.0	0.00990099009901
0.0	0.00990099009901
0.0	0.00990099009901
0.0	0.00990099009901
0.0	1.0
0.0	0.00990099009901
0.2951529533350514	0.00990099009901
0.0	0.00990099009901
0.3208125039780817	0.00990099009901
0.0	0.00990099009901
0.4668301889484036	0.00990099009901
0.0	0.00990099009901
0.0	0.00990099009901
0.0	0.00990099009901
0.0	0.00990099009901
0.0	0.00990099009901
0.0	0.00990099009901
0.0	0.00990099009901
0.0	0.00990099009901
0.0	0.00990099009901
0.0	0.00990099009901
0.0	0.00990099009901
0.0	0.00990099009901
0.0	1.0
0.0	0.00990099009901
0.0	0.00990099009901
0.0	0.00990099009901
0.0	0.00990099009901
0.0	0.00990099009901
0.0	0.00990099009901
0.0	0.00990099009901
0.0	0.00990099009901
0.0	0.00990099009901
0.0	0.00990099009901
0.0	0.00990099009901
0.0	0.50495049505
0.0	0.00990099009901
0.0	0.00990099009901
0.0	0.00990099009901
0.0	0.00990099009901
0.0	1.0
0.0	0.50495049505
0.0	0.00990099009901
0.0	0.00990099009901
0.0	0.00990099009901
0.0	0.00990099009901
0.0	0.00990099009901
0.0	0.00990099009901
0.0	0.00990099009901
0.0	0.00990099009901
0.0	1.0
0.0	0.00990099009901
0.0	0.50495049505
0.0	0.00990099009901
0.0	0.00990099009901
0.0	0.50495049505
0.0	0.00990099009901
0.0	0.00990099009901
0.0	0.00990099009901
0.0	0.339933993399
0.0	0.00990099009901
0.0	0.00990099009901
0.0	0.00990099009901
0.0	0.00990099009901
0.0	0.00990099009901
0.0	0.00990099009901
0.0	0.00990099009901
0.0	1.0
0.41773384439665945	0.00990099009901
0.45394366906490746	0.00990099009901
0.45394366906490746	0.00990099009901
0.5543641247583185	0.00990099009901
0.45394366906490746	0.00990099009901
0.0	0.00990099009901
0.45394366906490746	0.00990099009901
0.41773384439665945	0.00990099009901
0.4527802898754039	0.00990099009901
0.5543641247583185	0.00990099009901
0.4191746758241013	0.00990099009901
0.0	0.00990099009901
0.4527802898754039	0.00990099009901
0.0	0.00990099009901
0.0	1.0
0.41773384439665945	0.00990099009901
0.0	0.00990099009901
0.45394366906490746	1.0
0.41773384439665945	0.00990099009901
0.0	0.00990099009901
0.0	0.00990099009901
0.0	0.00990099009901
0.45394366906490746	0.00990099009901
0.0	0.00990099009901
0.3575483547788013	0.339933993399
0.2857870041096516	0.00990099009901
0.0	0.00990099009901
0.45394366906490746	1.0
0.0	0.50495049505
0.2951529533350514	0.00990099009901
0.2951529533350514	0.00990099009901
0.0	0.00990099009901
0.0	0.00990099009901
0.0	0.00990099009901
0.0	0.50495049505
0.0	0.00990099009901
0.0	0.00990099009901
0.0	0.00990099009901
0.0	0.00990099009901
0.0	1.0
0.0	0.00990099009901
0.0	0.00990099009901
0.0	0.257425742574
0.0	0.00990099009901
0.0	0.00990099009901
0.2857870041096516	0.00990099009901
0.0	0.00990099009901
0.0	0.00990099009901
0.3575483547788013	0.00990099009901
0.0	0.50495049505
0.0	0.00990099009901
0.0	0.00990099009901
0.0	0.00990099009901
0.0	0.00990099009901
0.0	1.0
0.0	0.00990099009901
0.0	0.00990099009901
0.0	0.00990099009901
0.0	0.00990099009901
0.0	0.50495049505
0.0	0.00990099009901
0.0	0.50495049505
0.0	1.0
0.0	0.00990099009901
0.0	1.0
0.0	0.00990099009901
0.0	1.0
0.0	0.00990099009901
0.0	0.00990099009901
0.0	1.0
0.0	0.00990099009901
0.0	0.50495049505
0.0	1.0
0.0	0.00990099009901
0.0	0.339933993399
0.0	0.50495049505
0.0	0.00990099009901
0.0	0.00990099009901
0.0	0.00990099009901
0.0	0.00990099009901
0.0	0.00990099009901
0.0	0.00990099009901
0.0	0.00990099009901
0.0	0.00990099009901
0.0	0.00990099009901
0.0	0.00990099009901
0.0	0.00990099009901
0.0	0.00990099009901
0.0	0.00990099009901
0.41773384439665945	0.00990099009901
0.2951529533350514	0.00990099009901
0.2829938660532667	0.339933993399
0.0	0.00990099009901
0.2829938660532667	1.0
0.0	0.00990099009901
0.0	0.00990099009901
0.3575483547788013	1.0
0.0	0.339933993399
0.0	0.00990099009901
0.2951529533350514	0.00990099009901
0.0	0.339933993399
0.0	0.00990099009901
0.2857870041096516	0.00990099009901
0.2829938660532667	0.00990099009901
0.3575483547788013	0.339933993399
0.3575483547788013	0.00990099009901
0.4527802898754039	0.00990099009901
0.2829938660532667	0.00990099009901
0.3575483547788013	0.00990099009901
0.0	0.00990099009901
0.3575483547788013	0.50495049505
0.0	0.00990099009901
0.2829938660532667	0.50495049505
0.0	0.00990099009901
0.2951529533350514	0.00990099009901
0.0	0.00990099009901
0.0	0.00990099009901
0.2829938660532667	0.50495049505
0.41773384439665945	0.00990099009901
0.41773384439665945	0.00990099009901
0.2951529533350514	0.00990099009901
0.0	0.00990099009901
0.2829938660532667	0.00990099009901
0.0	0.00990099009901
0.2951529533350514	0.00990099009901
0.0	0.00990099009901
0.0	0.339933993399
0.2857870041096516	0.00990099009901
0.2951529533350514	0.00990099009901
0.2951529533350514	0.00990099009901
0.2857870041096516	0.00990099009901
0.2857870041096516	0.00990099009901
0.4191746758241013	0.00990099009901
0.2857870041096516	0.00990099009901
0.0	0.00990099009901
0.0	0.339933993399
0.0	0.00990099009901
0.4191746758241013	0.00990099009901
0.45394366906490746	1.0
0.45394366906490746	0.00990099009901
0.41773384439665945	0.00990099009901
0.41773384439665945	0.00990099009901
0.0	0.50495049505
0.6367737608109642	0.00990099009901
0.4527802898754039	0.50495049505
0.0	0.00990099009901
0.0	0.339933993399
0.0	0.00990099009901
0.0	1.0
0.4668301889484036	0.00990099009901
0.0	0.00990099009901
0.4527802898754039	0.00990099009901
0.0	0.00990099009901
0.0	0.00990099009901
0.0	0.00990099009901
0.0	0.00990099009901
0.0	0.50495049505
0.5543641247583185	0.00990099009901
0.4191746758241013	0.00990099009901
0.4527802898754039	0.50495049505
0.0	0.50495049505
0.5543641247583185	0.00990099009901
0.0	0.00990099009901
0.0	0.00990099009901
0.0	1.0
0.0	0.00990099009901
0.4191746758241013	0.00990099009901
0.0	0.00990099009901
0.4527802898754039	0.00990099009901
0.0	0.00990099009901
0.4527802898754039	0.00990099009901
0.0	0.50495049505
0.4527802898754039	0.50495049505
0.0	0.00990099009901
0.0	0.00990099009901
0.2951529533350514	0.00990099009901
0.0	0.339933993399
0.2857870041096516	0.00990099009901
0.2857870041096516	0.00990099009901
0.4191746758241013	0.00990099009901
0.0	0.00990099009901
0.2857870041096516	0.00990099009901
0.0	0.00990099009901
0.0	0.00990099009901
0.2951529533350514	0.00990099009901
0.0	0.00990099009901
0.3575483547788013	1.0
0.2829938660532667	0.00990099009901
0.2829938660532667	0.00990099009901
0.4191746758241013	0.00990099009901
0.4527802898754039	0.339933993399
0.3575483547788013	0.339933993399
0.45394366906490746	0.00990099009901
0.45394366906490746	0.00990099009901
0.0	0.00990099009901
0.2857870041096516	0.00990099009901
0.0	0.00990099009901
0.2857870041096516	0.00990099009901
0.3575483547788013	0.00990099009901
0.3575483547788013	0.50495049505
0.3575483547788013	0.00990099009901
0.0	0.50495049505
0.4527802898754039	0.00990099009901
0.0	0.50495049505
0.3575483547788013	1.0
0.2951529533350514	0.00990099009901
0.0	0.00990099009901
0.0	0.00990099009901
0.3575483547788013	1.0
0.0	0.00990099009901
0.0	0.50495049505
0.41773384439665945	0.00990099009901
0.0	0.00990099009901
0.0	1.0
0.2829938660532667	0.50495049505
0.45394366906490746	0.00990099009901
0.0	0.00990099009901
0.0	0.00990099009901
0.0	0.00990099009901
0.0	0.00990099009901
0.0	0.00990099009901
0.3575483547788013	0.00990099009901
0.0	1.0
0.0	0.00990099009901
0.2857870041096516	0.00990099009901
0.0	0.00990099009901
0.0	0.00990099009901
0.0	0.257425742574
0.0	0.00990099009901
0.0	0.00990099009901
0.0	0.00990099009901
0.0	0.00990099009901
0.0	0.00990099009901
0.0	0.00990099009901
0.0	0.257425742574
0.2857870041096516	0.50495049505
0.0	0.00990099009901
0.2857870041096516	0.00990099009901
0.0	0.00990099009901
0.45394366906490746	1.0
0.0	0.00990099009901
0.0	0.00990099009901
0.0	0.00990099009901
0.0	0.00990099009901
0.0	0.00990099009901
0.0	0.339933993399
0.0	0.00990099009901
0.3575483547788013	0.00990099009901
0.3575483547788013	0.00990099009901
0.0	0.50495049505
0.2857870041096516	0.00990099009901
0.0	0.00990099009901
0.45394366906490746	0.00990099009901
0.0	0.00990099009901
0.0	0.00990099009901
0.2857870041096516	0.00990099009901
0.0	0.00990099009901
0.3575483547788013	0.339933993399
0.0	0.00990099009901
0.45394366906490746	0.00990099009901
0.4527802898754039	0.00990099009901
0.3575483547788013	0.50495049505
0.0	0.00990099009901
0.0	0.00990099009901
0.0	0.00990099009901
0.0	0.00990099009901
0.3575483547788013	0.00990099009901
0.0	0.00990099009901
0.0	1.0
0.4527802898754039	0.50495049505
0.2857870041096516	0.00990099009901
0.3575483547788013	0.50495049505
0.45394366906490746	0.00990099009901
0.2829938660532667	0.00990099009901
0.0	0.00990099009901
0.0	0.00990099009901
0.2857870041096516	0.00990099009901
0.0	0.00990099009901
0.0	0.00990099009901
0.3575483547788013	0.00990099009901
0.2829938660532667	0.00990099009901
0.2829938660532667	1.0
0.0	0.00990099009901
0.0	0.339933993399
0.2857870041096516	0.00990099009901
0.2829938660532667	0.00990099009901
0.2951529533350514	0.00990099009901
0.2829938660532667	0.00990099009901
0.2951529533350514	0.00990099009901
0.3575483547788013	0.50495049505
0.4527802898754039	0.00990099009901
0.2857870041096516	0.00990099009901
0.3575483547788013	1.0
0.45394366906490746	0.00990099009901
0.3575483547788013	0.00990099009901
0.3575483547788013	0.00990099009901
0.0	0.00990099009901
0.0	0.00990099009901
0.0	0.00990099009901
0.2857870041096516	0.00990099009901
0.3575483547788013	0.00990099009901
0.3575483547788013	0.00990099009901
0.0	0.00990099009901
0.3575483547788013	0.339933993399
0.2829938660532667	0.339933993399
0.2951529533350514	0.00990099009901
0.0	0.00990099009901
0.0	0.00990099009901
0.0	0.00990099009901
0.0	0.00990099009901
0.2951529533350514	0.00990099009901
0.2951529533350514	0.00990099009901
0.0	1.0
0.41773384439665945	0.00990099009901
0.0	0.00990099009901
0.2951529533350514	0.00990099009901
0.0	0.00990099009901
0.2829938660532667	0.50495049505
0.0	0.50495049505
0.0	0.00990099009901
0.0	1.0
0.41773384439665945	0.00990099009901
0.0	0.00990099009901
0.0	0.00990099009901
0.0	0.00990099009901
0.2951529533350514	0.00990099009901
0.0	0.00990099009901
0.41773384439665945	0.00990099009901
0.0	0.00990099009901
0.0	0.00990099009901
0.0	0.00990099009901
0.0	0.00990099009901
0.2951529533350514	0.00990099009901
0.0	0.00990099009901
0.0	1.0
0.0	0.00990099009901
0.0	0.00990099009901
0.0	0.00990099009901
0.0	0.00990099009901
0.2829938660532667	0.00990099009901
0.0	0.00990099009901
0.0	0.00990099009901
0.0	0.00990099009901
0.2951529533350514	0.00990099009901
0.2857870041096516	0.00990099009901
0.2951529533350514	0.00990099009901
0.2951529533350514	0.00990099009901
0.2857870041096516	0.00990099009901
0.0	0.00990099009901
0.0	0.00990099009901
0.2951529533350514	0.00990099009901
0.2829938660532667	0.00990099009901
0.2829938660532667	0.00990099009901
0.0	0.00990099009901
0.0	0.00990099009901
0.2829938660532667	0.00990099009901
0.0	0.00990099009901
0.0	0.00990099009901
0.41773384439665945	0.00990099009901
0.2951529533350514	0.00990099009901
0.2829938660532667	0.00990099009901
0.41773384439665945	0.00990099009901
0.45394366906490746	0.00990099009901
0.41773384439665945	0.00990099009901
0.41773384439665945	0.00990099009901
0.45394366906490746	0.00990099009901
0.45394366906490746	0.00990099009901
0.5543641247583185	0.00990099009901
0.45394366906490746	0.00990099009901
0.0	0.00990099009901
0.0	0.00990099009901
0.0	0.00990099009901
0.0	0.00990099009901
0.2951529533350514	0.339933993399
0.4191746758241013	0.00990099009901
0.45394366906490746	0.00990099009901
0.0	1.0
0.3575483547788013	0.50495049505
0.3575483547788013	0.50495049505
0.3208125039780817	0.00990099009901
0.0	0.00990099009901
0.2857870041096516	0.00990099009901
0.2857870041096516	0.00990099009901
0.0	1.0
0.0	0.257425742574
0.0	0.00990099009901
0.0	0.00990099009901
0.0	0.00990099009901
0.0	0.00990099009901
0.4191746758241013	0.00990099009901
0.2829938660532667	0.00990099009901
0.2829938660532667	0.00990099009901
0.0	1.0
0.2829938660532667	0.339933993399
0.0	0.00990099009901
0.3575483547788013	0.339933993399
0.0	0.00990099009901
0.2951529533350514	0.00990099009901
0.0	0.00990099009901
0.41773384439665945	0.00990099009901
0.0	0.00990099009901
0.2951529533350514	0.00990099009901
0.0	0.00990099009901
0.2951529533350514	0.00990099009901
0.0	0.00990099009901
0.41773384439665945	0.00990099009901
0.41773384439665945	0.00990099009901
0.0	0.00990099009901
0.5543641247583185	0.00990099009901
0.0	0.00990099009901
0.0	0.00990099009901
0.45394366906490746	0.00990099009901
0.0	0.00990099009901
0.45394366906490746	0.00990099009901
0.41773384439665945	0.50495049505
0.0	0.50495049505
0.4527802898754039	0.50495049505
0.0	0.00990099009901
0.0	0.50495049505
0.0	0.50495049505
0.0	0.50495049505
0.4527802898754039	0.50495049505
0.3575483547788013	0.339933993399
0.0	1.0
0.4527802898754039	0.00990099009901
0.2951529533350514	0.339933993399
0.2829938660532667	0.339933993399
0.2829938660532667	0.50495049505
0.3575483547788013	0.339933993399
0.0	1.0
0.4191746758241013	0.00990099009901
0.0	0.00990099009901
0.0	0.00990099009901
0.2829938660532667	0.00990099009901
0.2829938660532667	0.50495049505
0.3575483547788013	0.50495049505
0.3575483547788013	0.339933993399
0.3575483547788013	0.257425742574
0.0	0.00990099009901
0.2857870041096516	0.00990099009901
0.0	0.00990099009901
0.2857870041096516	0.00990099009901
0.45394366906490746	0.00990099009901
0.4191746758241013	0.00990099009901
0.2857870041096516	0.00990099009901
0.2951529533350514	0.00990099009901
0.3575483547788013	0.257425742574
0.2857870041096516	0.00990099009901
0.45394366906490746	0.00990099009901
0.0	0.00990099009901
0.2951529533350514	0.00990099009901
0.0	0.00990099009901
0.2951529533350514	0.00990099009901
0.2857870041096516	0.00990099009901
0.2857870041096516	0.00990099009901
0.3575483547788013	0.339933993399
0.0	0.00990099009901
0.3575483547788013	1.0
0.2951529533350514	0.00990099009901
0.0	0.339933993399
0.0	0.00990099009901
0.0	0.00990099009901
0.0	0.00990099009901
0.0	0.00990099009901
0.2951529533350514	0.00990099009901
0.6367737608109642	0.00990099009901
0.0	0.00990099009901
0.2857870041096516	0.00990099009901
0.2829938660532667	0.00990099009901
0.2857870041096516	0.00990099009901
0.0	0.257425742574
0.2857870041096516	0.50495049505
0.3575483547788013	0.339933993399
0.0	0.50495049505
0.3575483547788013	0.339933993399
0.41773384439665945	0.50495049505
0.2857870041096516	0.00990099009901
0.0	0.00990099009901
