1234	4701
4701	1234
892	5190
5190	892
1389	3144
3144	1389
3979	2283
2283	3979
2798	2045
2045	2798
4240	1948
1948	4240
5061	3275
3275	5061
2582	2972
2972	2582
4149	5235
5235	4149
3463	1511
1511	3463
4119	1267
1267	4119
1389	4304
4304	1389
4276	1078
1078	4276
982	4248
4248	982
1879	1533
1533	1879
804	4458
4458	804
4858	2316
2316	4858
1953	746
746	1953
5235	4701
4701	5235
1898	2035
2035	1898
1855	440
440	1855
1955	155
155	1955
4701	1855
1855	4701
3486	789
789	3486
4240	1078
1078	4240
880	4672
4672	880
2133	2582
2582	2133
2447	1251
1251	2447
3874	1120
1120	3874
1078	204
204	1078
3827	113
113	3827
1948	3275
3275	1948
440	746
746	440
1576	1879
1879	1576
4469	1078
1078	4469
1389	4248
4248	1389
926	5265
5265	926
3854	358
358	3854
1786	4119
4119	1786
2371	4904
4904	2371
1384	2698
2698	1384
4161	2540
2540	4161
5352	2724
2724	5352
3423	5333
5333	3423
347	2206
2206	347
3179	1002
1002	3179
2798	3693
3693	2798
2798	1783
1783	2798
1314	2503
2503	1314
514	1953
1953	514
1511	1078
1078	1511
2388	4325
4325	2388
78	155
155	78
1800	1898
1898	1800
347	78
78	347
2834	5235
5235	2834
2689	2834
2834	2689
2371	2689
2689	2371
3693	5340
5340	3693
3346	1953
1953	3346
4164	1093
1093	4164
888	1009
1009	888
2689	982
982	2689
1948	4904
4904	1948
4565	2834
2834	4565
5061	2113
2113	5061
831	5166
5166	831
3630	4858
4858	3630
4149	545
545	4149
3077	2937
2937	3077
2834	1078
1078	2834
1234	5235
5235	1234
926	1935
1935	926
4795	4494
4494	4795
2481	3829
3829	2481
3271	3761
3761	3271
5333	754
754	5333
4325	2045
2045	4325
3061	2857
2857	3061
4161	4320
4320	4161
1939	2937
2937	1939
4533	1938
1938	4533
2251	5352
5352	2251
4276	1311
1311	4276
4672	2037
2037	4672
2572	3883
3883	2572
2798	1576
1576	2798
892	2467
2467	892
1533	3316
3316	1533
3447	1120
1120	3447
5190	1910
1910	5190
208	1939
1939	208
4469	482
482	4469
2045	5235
5235	2045
4325	3229
3229	4325
2798	651
651	2798
4542	4887
4887	4542
4634	3599
3599	4634
5034	149
149	5034
1875	2619
2619	1875
4533	1251
1251	4533
880	5235
5235	880
1389	1533
1533	1389
1948	3756
3756	1948
2054	1460
1460	2054
2503	872
872	2503
2783	746
746	2783
911	2719
2719	911
1251	2582
2582	1251
3179	2619
2619	3179
1939	2283
2283	1939
2945	1314
1314	2945
5034	3543
3543	5034
3616	4225
4225	3616
3583	1764
1764	3583
2689	4481
4481	2689
4928	1311
1311	4928
3077	1605
1605	3077
5190	746
746	5190
2467	3447
3447	2467
4255	4932
4932	4255
5190	3777
3777	5190
4255	1953
1953	4255
4469	1482
1482	4469
4255	1605
1605	4255
817	2937
2937	817
2388	4500
4500	2388
4701	2619
2619	4701
1386	3599
3599	1386
5190	537
537	5190
872	746
746	872
4164	726
726	4164
3144	4281
4281	3144
2004	1800
1800	2004
3423	1642
1642	3423
2582	4904
4904	2582
2447	1093
1093	2447
4119	5034
5034	4119
2371	2484
2484	2371
2440	1847
1847	2440
4041	1642
1642	4041
5190	2536
2536	5190
5235	2133
2133	5235
4928	1824
1824	4928
3835	4500
4500	3835
4246	2113
2113	4246
5190	2481
2481	5190
4225	3105
3105	4225
2582	3616
3616	2582
2054	1605
1605	2054
5190	2045
2045	5190
2798	4442
4442	2798
4627	1938
1938	4627
5097	2719
2719	5097
3486	5007
5007	3486
4565	3275
3275	4565
4627	3543
3543	4627
5235	2946
2946	5235
817	1251
1251	817
746	3303
3303	746
492	3993
3993	492
3271	1938
1938	3271
888	2283
2283	888
1682	4077
4077	1682
2508	1875
1875	2508
3275	2113
2113	3275
2054	2037
2037	2054
2508	3854
3854	2508
2481	4565
4565	2481
3442	4240
4240	3442
3077	3854
3854	3077
1898	155
155	1898
2467	1783
1783	2467
2113	2619
2619	2113
2384	4304
4304	2384
5186	1948
1948	5186
2508	2536
2536	2508
789	2619
2619	789
672	2540
2540	672
804	5265
5265	804
347	4609
4609	347
1386	4248
4248	1386
5007	746
746	5007
1847	4225
4225	1847
941	3853
3853	941
2133	1953
1953	2133
5166	4568
4568	5166
1682	804
804	1682
5166	5323
5323	5166
2503	4672
4672	2503
4041	2213
2213	4041
5190	2206
2206	5190
3486	1234
1234	3486
5061	741
741	5061
1824	2619
2619	1824
754	1314
1314	754
2937	4887
4887	2937
892	2283
2283	892
4304	3144
3144	4304
2572	255
255	2572
3184	1824
1824	3184
741	789
789	741
3486	5166
5166	3486
3844	2481
2481	3844
1311	2037
2037	1311
2977	3423
3423	2977
1386	789
789	1386
5115	5208
5208	5115
4742	1910
1910	4742
3229	982
982	3229
2857	492
492	2857
872	1824
1824	872
941	2113
2113	941
3835	3864
3864	3835
2798	3829
3829	2798
1074	3829
3829	1074
4276	1948
1948	4276
4442	3447
3447	4442
5190	3442
3442	5190
5356	1962
1962	5356
859	1009
1009	859
3979	2054
2054	3979
5034	4246
4246	5034
347	1800
1800	347
2035	5166
5166	2035
831	941
941	831
892	3853
3853	892
1386	1783
1783	1386
1855	3441
3441	1855
1816	1642
1642	1816
746	2724
2724	746
3814	2582
2582	3814
113	4276
4276	113
1837	2045
2045	1837
973	155
155	973
1605	1953
1953	1605
3630	4255
4255	3630
1093	1898
1898	1093
1824	2946
2946	1824
3888	4928
4928	3888
1093	982
982	1093
1605	1314
1314	1605
2078	514
514	2078
347	1955
1955	347
4276	4281
4281	4276
3447	746
746	3447
1389	926
926	1389
2783	2937
2937	2783
1783	1962
1962	1783
2388	1764
1764	2388
804	3844
3844	804
2689	1910
1910	2689
3616	926
926	3616
3863	3486
3486	3863
2054	5097
5097	2054
5208	2937
2937	5208
1939	2619
2619	1939
4325	2481
2481	4325
880	492
492	880
4565	5166
5166	4565
4275	3275
3275	4275
4609	5333
5333	4609
3827	4225
4225	3827
1875	941
941	1875
880	1783
1783	880
2388	203
203	2388
1251	2467
2467	1251
4240	5340
5340	4240
5034	3756
3756	5034
2447	440
440	2447
4542	5166
5166	4542
2972	4350
4350	2972
5034	5356
5356	5034
4609	1935
1935	4609
2206	1251
1251	2206
4248	3993
3993	4248
2388	5061
5061	2388
2937	956
956	2937
1386	1879
1879	1386
2572	4565
4565	2572
518	3814
3814	518
4350	4225
4225	4350
3275	1078
1078	3275
514	2206
2206	514
3864	4627
4627	3864
2371	5166
5166	2371
2783	4565
4565	2783
1605	3279
3279	1605
3777	3442
3442	3777
880	204
204	880
5190	926
926	5190
2316	2609
2609	2316
3844	5190
5190	3844
1460	1962
1962	1460
2698	1267
1267	2698
5235	1955
1955	5235
2054	4246
4246	2054
3486	5323
5323	3486
669	5352
5352	669
4542	3275
3275	4542
4795	926
926	4795
482	537
537	482
973	926
926	973
3864	2503
2503	3864
1267	4542
4542	1267
1258	2834
2834	1258
804	5333
5333	804
4425	2798
2798	4425
1939	746
746	1939
5265	4928
4928	5265
2484	2536
2536	2484
5190	5333
5333	5190
2834	831
831	2834
4255	3599
3599	4255
3883	2467
2467	3883
2937	746
746	2937
1267	1311
1311	1267
2946	5166
5166	2946
1955	3271
3271	1955
941	1078
1078	941
1170	5208
5208	1170
3346	2834
2834	3346
3179	3275
3275	3179
859	5356
5356	859
2798	1955
1955	2798
2004	3184
3184	2004
1415	2582
2582	1415
1093	3316
3316	1093
3346	982
982	3346
2536	2972
2972	2536
5097	1533
1533	5097
5235	2937
2937	5235
4325	5265
5265	4325
545	2037
2037	545
1460	3275
3275	1460
545	2798
2798	545
4350	5323
5323	4350
3077	1257
1257	3077
3864	1311
1311	3864
2536	5265
5265	2536
2798	5235
5235	2798
4634	4932
4932	4634
1389	2206
2206	1389
956	941
941	956
2206	2113
2113	2206
817	3844
3844	817
2783	3275
3275	2783
3275	5323
5323	3275
754	358
358	754
1847	4320
4320	1847
1800	3105
3105	1800
4701	5007
5007	4701
2689	4276
4276	2689
2798	1078
1078	2798
1900	746
746	1900
4325	1251
1251	4325
3077	2536
2536	3077
804	2719
2719	804
3616	1682
1682	3616
5034	2440
2440	5034
3077	5186
5186	3077
2371	880
880	2371
2783	4276
4276	2783
1939	4248
4248	1939
3442	2447
2447	3442
3761	4932
4932	3761
5340	3416
3416	5340
492	2937
2937	492
204	911
911	204
5235	3827
3827	5235
500	4149
4149	500
3077	3543
3543	3077
1962	1816
1816	1962
2783	1605
1605	2783
1002	2139
2139	1002
2371	746
746	2371
4701	1386
1386	4701
5190	2388
2388	5190
3993	1786
1786	3993
347	4255
4255	347
3888	4276
4276	3888
3844	1837
1837	3844
1800	3447
3447	1800
3184	3874
3874	3184
3447	4928
4928	3447
831	4542
4542	831
3881	1898
1898	3881
1576	1962
1962	1576
1938	4304
4304	1938
1847	1837
1837	1847
789	5166
5166	789
3777	5265
5265	3777
3827	2213
2213	3827
2783	4350
4350	2783
194	2113
2113	194
1824	2283
2283	1824
2689	3486
3486	2689
4645	1257
1257	4645
4240	3979
3979	4240
4795	5166
5166	4795
4246	2037
2037	4246
4149	3279
3279	4149
1955	1847
1847	1955
1786	1257
1257	1786
2689	3077
3077	2689
1824	2045
2045	1824
4500	1386
1386	4500
4533	1875
1875	4533
3279	5265
5265	3279
2481	2508
2508	2481
1511	3888
3888	1511
1386	4645
4645	1386
1962	1257
1257	1962
926	2619
2619	926
514	5191
5191	514
2283	2619
2619	2283
2536	2035
2035	2536
91	2035
2035	91
2738	1824
1824	2738
1053	4838
4838	1053
1093	4672
4672	1093
2371	2424
2424	2371
3463	2582
2582	3463
1837	5166
5166	1837
194	1847
1847	194
1824	726
726	1824
3864	5265
5265	3864
2619	4672
4672	2619
204	892
892	204
3827	2078
2078	3827
4325	1002
1002	4325
3271	4255
4255	3271
5265	2619
2619	5265
5061	2037
2037	5061
1576	1953
1953	1576
2139	2798
2798	2139
5190	2037
2037	5190
2133	2689
2689	2133
2619	3863
3863	2619
347	817
817	347
3864	4248
4248	3864
651	1093
1093	651
1824	746
746	1824
2738	1955
1955	2738
2371	2251
2251	2371
4672	672
672	4672
5029	4149
4149	5029
1074	5323
5323	1074
4149	3275
3275	4149
2503	2504
2504	2503
3316	4932
4932	3316
2689	5007
5007	2689
5190	4281
4281	5190
1786	4565
4565	1786
4276	2037
2037	4276
3346	1386
1386	3346
1460	4932
4932	1460
804	4225
4225	804
4255	4904
4904	4255
4609	2946
2946	4609
804	78
78	804
2508	1078
1078	2508
255	4469
4469	255
4701	746
746	4701
1900	4442
4442	1900
4928	1900
1900	4928
4425	2582
2582	4425
545	2536
2536	545
1384	3447
3447	1384
3693	880
880	3693
4276	1953
1953	4276
5235	5340
5340	5235
911	1816
1816	911
5265	4932
4932	5265
741	4904
4904	741
4458	2504
2504	4458
2689	4565
4565	2689
1875	2054
2054	1875
1800	1576
1576	1800
5235	4928
4928	5235
2945	1605
1605	2945
789	746
746	789
3693	4742
4742	3693
926	2946
2946	926
3441	982
982	3441
5235	3463
3463	5235
4246	2035
2035	4246
347	2556
2556	347
194	358
358	194
804	746
746	804
1935	4248
4248	1935
1953	4645
4645	1953
4168	4401
4401	4168
5190	1855
1855	5190
872	4255
4255	872
2251	4904
4904	2251
1482	4442
4442	1482
545	2484
2484	545
3761	4186
4186	3761
2689	1389
1389	2689
3853	3979
3979	3853
2371	1389
1389	2371
4275	2977
2977	4275
1605	5323
5323	1605
4186	5034
5034	4186
1837	4565
4565	1837
1824	4255
4255	1824
817	4350
4350	817
2972	4932
4932	2972
941	4041
4041	941
3543	4932
4932	3543
5186	3979
3979	5186
4149	1384
1384	4149
3447	2054
2054	3447
545	941
941	545
492	941
941	492
2371	5356
5356	2371
4401	5097
5097	4401
347	2424
2424	347
2977	4255
4255	2977
910	3979
3979	910
4442	113
113	4442
4225	1093
1093	4225
347	4304
4304	347
5061	4672
4672	5061
2504	4281
4281	2504
2054	2619
2619	2054
2689	3271
3271	2689
4542	3881
3881	4542
2447	5333
5333	2447
1170	2977
2977	1170
440	3761
3761	440
5064	4275
4275	5064
3486	1898
1898	3486
2945	4565
4565	2945
941	2467
2467	941
2719	651
651	2719
872	5029
5029	872
2834	3144
3144	2834
1074	2424
2424	1074
880	3853
3853	880
3275	2035
2035	3275
1879	970
970	1879
1800	4186
4186	1800
3416	3144
3144	3416
1824	888
888	1824
4565	2503
2503	4565
4494	4246
4246	4494
4701	5166
5166	4701
789	941
941	789
3583	892
892	3583
1935	2582
2582	1935
5064	2467
2467	5064
347	2783
2783	347
4240	3881
3881	4240
2798	4164
4164	2798
545	2834
2834	545
1955	2251
2251	1955
5186	1953
1953	5186
1953	910
910	1953
255	5166
5166	255
537	888
888	537
817	5007
5007	817
1786	4077
4077	1786
2035	3583
3583	2035
4533	4425
4425	4533
4350	2508
2508	4350
1228	1009
1009	1228
3077	2609
2609	3077
1764	4469
4469	1764
5029	804
804	5029
4350	2556
2556	4350
2572	3844
3844	2572
5007	2724
2724	5007
4627	2503
2503	4627
1053	5352
5352	1053
3279	2536
2536	3279
2283	2037
2037	2283
4149	3835
3835	4149
1898	2440
2440	1898
4442	3888
3888	4442
3275	2503
2503	3275
1605	762
762	1605
804	1314
1314	804
1386	440
440	1386
2536	911
911	2536
4119	4568
4568	4119
2045	2035
2035	2045
1682	5007
5007	1682
4119	500
500	4119
3853	1786
1786	3853
149	746
746	149
2447	1415
1415	2447
352	4481
4481	352
1824	926
926	1824
817	4255
4255	817
2689	5323
5323	2689
352	910
910	352
3275	2481
2481	3275
2945	1855
1855	2945
4469	3105
3105	4469
4458	204
204	4458
4565	2139
2139	4565
4701	1584
1584	4701
1384	194
194	1384
3844	5166
5166	3844
1009	1511
1511	1009
500	926
926	500
1386	926
926	1386
3229	1384
1384	3229
5265	2283
2283	5265
1955	352
352	1955
2798	1093
1093	2798
2054	3844
3844	2054
880	4904
4904	880
5235	2283
2283	5235
2798	204
204	2798
3874	2113
2113	3874
3863	4565
4565	3863
956	1257
1257	956
3583	1576
1576	3583
2738	3463
3463	2738
2037	3061
3061	2037
1938	113
113	1938
4255	3888
3888	4255
3271	1311
1311	3271
2206	4186
4186	2206
2467	2937
2937	2467
1257	2133
2133	1257
2139	746
746	2139
3630	941
941	3630
2447	3441
3441	2447
3423	926
926	3423
1074	4248
4248	1074
1053	4481
4481	1053
2946	3179
3179	2946
2977	1389
1389	2977
5190	4275
4275	5190
3184	203
203	3184
1386	651
651	1386
926	3271
3271	926
4701	3979
3979	4701
1955	482
482	1955
2283	3616
3616	2283
1855	2035
2035	1855
1948	1955
1955	1948
4481	762
762	4481
347	5166
5166	347
1093	4458
4458	1093
1576	4350
4350	1576
3275	5007
5007	3275
888	982
982	888
892	1800
1800	892
5097	4634
4634	5097
2798	3144
3144	2798
1009	973
973	1009
1764	2316
2316	1764
2536	5323
5323	2536
2206	4276
4276	2206
3346	4255
4255	3346
726	1053
1053	726
78	956
956	78
4325	3442
3442	4325
4500	3979
3979	4500
1389	5265
5265	1389
2619	741
741	2619
2556	1234
1234	2556
3543	1800
1800	3543
1816	3888
3888	1816
726	3599
3599	726
1898	1953
1953	1898
4609	5265
5265	4609
4246	4858
4858	4246
1009	4425
4425	1009
1847	1783
1783	1847
2945	2572
2572	2945
5190	3543
3543	5190
2556	3829
3829	2556
2078	3599
3599	2078
4494	1605
1605	4494
4248	3077
3077	4248
2045	4041
4041	2045
4246	3271
3271	4246
4458	1855
1855	4458
5061	3077
3077	5061
2037	754
754	2037
3441	3229
3229	3441
3844	4645
4645	3844
1234	754
754	1234
1415	1605
1605	1415
2133	2857
2857	2133
1786	2937
2937	1786
2572	1962
1962	2572
1074	1533
1533	1074
789	1642
1642	789
352	518
518	352
4795	4565
4565	4795
113	3630
3630	113
651	4838
4838	651
2719	1682
1682	2719
4275	3853
3853	4275
492	831
831	492
2798	1311
1311	2798
1002	4565
4565	1002
1786	2045
2045	1786
4904	4119
4119	4904
4275	2619
2619	4275
1386	2972
2972	1386
5061	545
545	5061
2689	754
754	2689
3234	1939
1939	3234
4565	746
746	4565
4533	4255
4255	4533
1935	1939
1939	1935
197	4246
4246	197
1093	746
746	1093
3756	4634
4634	3756
3316	746
746	3316
892	4565
4565	892
3442	482
482	3442
4887	3077
3077	4887
1053	4168
4168	1053
2719	4119
4119	2719
789	1939
1939	789
347	1764
1764	347
2388	3441
3441	2388
5208	5323
5323	5208
2783	2536
2536	2783
4533	1939
1939	4533
973	113
113	973
672	3874
3874	672
1389	3599
3599	1389
1386	817
817	1386
113	5235
5235	113
4701	194
194	4701
2508	1605
1605	2508
4928	2206
2206	4928
2689	2536
2536	2689
500	5340
5340	500
347	831
831	347
3229	859
859	3229
2447	2937
2937	2447
2834	2857
2857	2834
1935	2834
2834	1935
2371	2206
2206	2371
2798	3271
3271	2798
3599	1900
1900	3599
4494	1053
1053	4494
941	3316
3316	941
982	746
746	982
4186	1855
1855	4186
3486	4494
4494	3486
1093	2738
2738	1093
3346	5235
5235	3346
910	3583
3583	910
926	4077
4077	926
4276	4672
4672	4276
2536	888
888	2536
2133	3829
3829	2133
5265	2937
2937	5265
1605	197
197	1605
3486	1460
1460	3486
4275	4568
4568	4275
500	3275
3275	500
746	1786
1786	746
3835	5265
5265	3835
3543	3993
3993	3543
3316	2572
2572	3316
3864	1093
1093	3864
817	2035
2035	817
1257	3863
3863	1257
5061	817
817	5061
973	2504
2504	973
2467	982
982	2467
2508	4634
4634	2508
3447	2037
2037	3447
3888	1120
1120	3888
888	2035
2035	888
4161	5191
5191	4161
1898	4928
4928	1898
3303	941
941	3303
3275	1900
1900	3275
1898	1234
1234	1898
4645	3543
3543	4645
4494	4565
4565	4494
2977	2857
2857	2977
941	3863
3863	941
1682	4645
4645	1682
1389	817
817	1389
2503	2582
2582	2503
197	4240
4240	197
817	3979
3979	817
3854	5166
5166	3854
2798	4565
4565	2798
5191	482
482	5191
3827	1002
1002	3827
4542	3061
3061	4542
2719	4275
4275	2719
941	3583
3583	941
4276	1642
1642	4276
1389	910
910	1389
4119	3234
3234	4119
2213	1170
1170	2213
2689	1800
1800	2689
4500	3356
3356	4500
1257	2689
2689	1257
1855	5340
5340	1855
5029	4161
4161	5029
804	973
973	804
3854	1875
1875	3854
3275	4932
4932	3275
4119	4627
4627	4119
514	3275
3275	514
4246	4887
4887	4246
2251	3864
3864	2251
789	2783
2783	789
3543	4350
4350	3543
2503	956
956	2503
3447	872
872	3447
3883	4838
4838	3883
2783	514
514	2783
3543	1935
1935	3543
2738	1053
1053	2738
2689	5265
5265	2689
789	1824
1824	789
1576	4246
4246	1576
5166	804
804	5166
3835	1939
1939	3835
3874	4568
4568	3874
545	4255
4255	545
1898	1682
1682	1898
2133	2113
2113	2133
926	4246
4246	926
4276	1939
1939	4276
2724	1093
1093	2724
4565	2113
2113	4565
892	2035
2035	892
1460	1783
1783	1460
926	3693
3693	926
358	500
500	358
3777	1267
1267	3777
514	1251
1251	514
514	926
926	514
5191	1053
1053	5191
5356	970
970	5356
4161	4565
4565	4161
4320	1078
1078	4320
3346	926
926	3346
1386	2783
2783	1386
518	203
203	518
1311	1078
1078	1311
2857	2946
2946	2857
2467	1800
1800	2467
1584	4164
4164	1584
926	1605
1605	926
4904	5029
5029	4904
1074	1910
1910	1074
1386	746
746	1386
4609	4565
4565	4609
2798	2424
2424	2798
2371	2467
2467	2371
3756	4168
4168	3756
3229	5235
5235	3229
2045	352
352	2045
4255	4350
4350	4255
4248	1642
1642	4248
911	1682
1682	911
2556	4565
4565	2556
5034	2783
2783	5034
4565	3423
3423	4565
113	5166
5166	113
5034	1002
1002	5034
1311	113
113	1311
1386	2945
2945	1386
4742	3303
3303	4742
4634	926
926	4634
1939	1953
1953	1939
2133	1783
1783	2133
1533	2689
2689	1533
2609	1511
1511	2609
5190	5064
5064	5190
5007	2316
2316	5007
545	1939
1939	545
831	746
746	831
1389	4565
4565	1389
3888	5323
5323	3888
2738	1267
1267	2738
5235	3275
3275	5235
3854	746
746	3854
2937	2540
2540	2937
4928	4795
4795	4928
1642	2440
2440	1642
3077	2283
2283	3077
514	746
746	514
1605	5265
5265	1605
5265	1053
1053	5265
4425	3442
3442	4425
3888	4533
4533	3888
3442	804
804	3442
789	5265
5265	789
1800	746
746	1800
1837	4246
4246	1837
1533	1482
1482	1533
2536	941
941	2536
2977	5235
5235	2977
4542	2037
2037	4542
3441	3184
3184	3441
2054	3777
3777	2054
1879	5356
5356	1879
3888	1900
1900	3888
2484	3303
3303	2484
2133	3630
3630	2133
2689	741
741	2689
3184	2719
2719	3184
804	880
880	804
2689	4533
4533	2689
2508	1314
1314	2508
1511	746
746	1511
892	1935
1935	892
2857	3447
3447	2857
5208	4904
4904	5208
2536	859
859	2536
3486	1800
1800	3486
2572	2834
2834	2572
1898	4240
4240	1898
1389	2783
2783	1389
2447	926
926	2447
4609	3105
3105	4609
746	2540
2540	746
1053	1386
1386	1053
2783	4533
4533	2783
1837	1605
1605	1837
4494	2113
2113	4494
1170	2371
2371	1170
1389	5097
5097	1389
537	2045
2045	537
973	4858
4858	973
1910	2582
2582	1910
892	2834
2834	892
3616	1898
1898	3616
1257	1074
1074	1257
1879	3229
3229	1879
2619	4568
4568	2619
2738	5333
5333	2738
3777	3441
3441	3777
3543	5166
5166	3543
3144	926
926	3144
817	1953
1953	817
789	4246
4246	789
1482	2619
2619	1482
2945	4246
4246	2945
1002	2503
2503	1002
3447	3346
3346	3447
4281	1948
1948	4281
872	2508
2508	872
3077	888
888	3077
3693	5190
5190	3693
3599	1584
1584	3599
4246	1939
1939	4246
2536	4672
4672	2536
3888	4248
4248	3888
789	817
817	789
1389	1855
1855	1389
1267	3756
3756	1267
5208	880
880	5208
2798	2504
2504	2798
2508	3279
3279	2508
926	3599
3599	926
2481	500
500	2481
1053	2783
2783	1053
4275	2582
2582	4275
2251	1228
1228	2251
5208	3179
3179	5208
4248	4609
4609	4248
3693	4255
4255	3693
2619	2037
2037	2619
347	3275
3275	347
1311	514
514	1311
2054	804
804	2054
2798	4932
4932	2798
5265	1002
1002	5265
3229	1816
1816	3229
4565	3814
3814	4565
3461	2139
2139	3461
1800	1837
1837	1800
3979	1875
1875	3979
2316	1074
1074	2316
3441	3423
3423	3441
4494	3275
3275	4494
4533	2440
2440	4533
872	1764
1764	872
4481	2698
2698	4481
726	4500
4500	726
2447	1511
1511	2447
4281	3761
3761	4281
4458	2582
2582	4458
5115	2004
2004	5115
3442	2004
2004	3442
4320	2467
2467	4320
1816	3184
3184	1816
3275	2609
2609	3275
3888	4281
4281	3888
1953	2283
2283	1953
2388	817
817	2388
2447	1311
1311	2447
892	888
888	892
911	3144
3144	911
982	2619
2619	982
1460	1837
1837	1460
3979	4149
4149	3979
2484	4255
4255	2484
4281	3275
3275	4281
1847	1898
1898	1847
941	1939
1939	941
2798	4500
4500	2798
892	1078
1078	892
4255	4634
4634	4255
1074	2540
2540	1074
2508	1953
1953	2508
3271	5064
5064	3271
2371	2508
2508	2371
1800	5007
5007	1800
3883	3827
3827	3883
2037	726
726	2037
3881	1314
1314	3881
2054	4533
4533	2054
2440	1120
1120	2440
113	204
204	113
2139	545
545	2139
2508	1938
1938	2508
1953	203
203	1953
3346	5097
5097	3346
3184	4041
4041	3184
347	3441
3441	347
3461	3979
3979	3461
817	1855
1855	817
203	888
888	203
5186	5166
5166	5186
4275	1311
1311	4275
2045	941
941	2045
2857	1460
1460	2857
440	1900
1900	440
2054	5190
5190	2054
2783	3979
3979	2783
5061	2035
2035	5061
2371	2004
2004	2371
1386	4565
4565	1386
2371	4742
4742	2371
1314	4186
4186	1314
5235	4276
4276	5235
4442	2139
2139	4442
518	741
741	518
482	3184
3184	482
347	1898
1898	347
2388	3616
3616	2388
4634	746
746	4634
762	1939
1939	762
4225	3316
3316	4225
4186	194
194	4186
3844	1682
1682	3844
2783	5166
5166	2783
4255	2508
2508	4255
970	4276
4276	970
2972	4246
4246	2972
4568	4161
4161	4568
3993	4168
4168	3993
5356	204
204	5356
1783	2689
2689	1783
1682	754
754	1682
1093	1682
1682	1093
2689	789
789	2689
3463	941
941	3463
926	1078
1078	926
2054	347
347	2054
1009	2037
2037	1009
2798	1482
1482	2798
804	3423
3423	804
911	956
956	911
3993	3883
3883	3993
1314	3864
3864	1314
2388	4041
4041	2388
1800	1939
1939	1800
2689	5061
5061	2689
1389	4320
4320	1389
1953	2619
2619	1953
1948	4077
4077	1948
5265	5323
5323	5265
91	3854
3854	91
2582	4041
4041	2582
1576	2045
2045	1576
194	1962
1962	194
2037	3761
3761	2037
1938	4542
4542	1938
789	1460
1460	789
1074	1267
1267	1074
3441	3316
3316	3441
2798	518
518	2798
1389	204
204	1389
3346	3461
3461	3346
1855	4672
4672	1855
3583	1415
1415	3583
3883	4928
4928	3883
2206	4304
4304	2206
5034	3844
3844	5034
4246	3275
3275	4246
518	3827
3827	518
5190	1251
1251	5190
5333	762
762	5333
4494	2316
2316	4494
2689	2447
2447	2689
5186	4275
4275	5186
2945	4168
4168	2945
1093	5235
5235	1093
1576	4672
4672	1576
3543	746
746	3543
1855	941
941	1855
5235	2481
2481	5235
4425	941
941	4425
2388	3874
3874	2388
2447	1898
1898	2447
4701	2206
2206	4701
4500	3881
3881	4500
4248	5356
5356	4248
669	2977
2977	669
500	4645
4645	500
2054	78
78	2054
2045	2481
2481	2045
1875	4186
4186	1875
4161	4186
4186	4161
514	2371
2371	514
3814	358
358	3814
3346	2035
2035	3346
5166	3279
3279	5166
1962	4246
4246	1962
1511	1093
1093	1511
5208	3184
3184	5208
859	4164
4164	859
2388	3777
3777	2388
3105	1074
1074	3105
4887	3864
3864	4887
2783	2582
2582	2783
3077	1800
1800	3077
3441	1898
1898	3441
1576	973
973	1576
1389	3979
3979	1389
208	4320
4320	208
4565	2972
2972	4565
5190	4276
4276	5190
3777	4609
4609	3777
4275	4248
4248	4275
1389	1251
1251	1389
804	1093
1093	804
3864	669
669	3864
2440	1816
1816	2440
2582	1764
1764	2582
2689	2582
2582	2689
2945	5333
5333	2945
1389	4077
4077	1389
2508	5166
5166	2508
4350	911
911	4350
1962	880
880	1962
1258	741
741	1258
2582	4248
4248	2582
1386	5166
5166	1386
2945	1258
1258	2945
3583	746
746	3583
1234	1389
1389	1234
2556	1511
1511	2556
817	3447
3447	817
1900	3844
3844	1900
4858	4164
4164	4858
4248	2037
2037	4248
4634	892
892	4634
4276	2619
2619	4276
1948	5166
5166	1948
4246	5166
5166	4246
1389	1935
1935	1389
3993	746
746	3993
5061	2206
2206	5061
1415	1642
1642	1415
2536	155
155	2536
1939	3316
3316	1939
3077	4276
4276	3077
2045	3275
3275	2045
5061	2937
2937	5061
1314	3144
3144	1314
3447	5190
5190	3447
1816	1605
1605	1816
804	3616
3616	804
3599	3061
3061	3599
1009	4469
4469	1009
2698	1939
1939	2698
2371	741
741	2371
3888	4904
4904	3888
2206	941
941	2206
4932	1384
1384	4932
2783	4255
4255	2783
973	5186
5186	973
2619	3777
3777	2619
4168	1783
1783	4168
2556	1898
1898	2556
1605	2283
2283	1605
2556	1093
1093	2556
3486	2035
2035	3486
4077	4119
4119	4077
746	4425
4425	746
872	2937
2937	872
3105	5265
5265	3105
4565	5323
5323	4565
5333	2834
2834	5333
113	2738
2738	113
3829	5061
5061	3829
347	2945
2945	347
888	1816
1816	888
1386	4904
4904	1386
3853	4248
4248	3853
1258	4533
4533	1258
4565	2504
2504	4565
255	3888
3888	255
1824	2206
2206	1824
5323	2834
2834	5323
4164	1605
1605	4164
872	2424
2424	872
2035	5323
5323	2035
789	4494
4494	789
149	4469
4469	149
1800	2037
2037	1800
2798	2004
2004	2798
2045	5166
5166	2045
2133	4928
4928	2133
4795	888
888	4795
817	3316
3316	817
197	2251
2251	197
2508	4275
4275	2508
204	4119
4119	204
3416	1482
1482	3416
4350	4672
4672	4350
2689	4928
4928	2689
3463	3234
3234	3463
892	1257
1257	892
1837	1576
1576	1837
78	2503
2503	78
2783	3105
3105	2783
1170	1576
1576	1170
4494	746
746	4494
1816	2371
2371	1816
1910	746
746	1910
1267	4494
4494	1267
347	2467
2467	347
2508	746
746	2508
1953	2035
2035	1953
1875	982
982	1875
4494	149
149	4494
1093	545
545	1093
2977	1910
1910	2977
5190	3888
3888	5190
1386	4858
4858	1386
2536	5208
5208	2536
2798	3356
3356	2798
5235	910
910	5235
926	2972
2972	926
545	4304
4304	545
537	2536
2536	537
4533	545
545	4533
2945	2536
2536	2945
537	3756
3756	537
4627	3105
3105	4627
789	1837
1837	789
2484	1384
1384	2484
3883	1093
1093	3883
982	3844
3844	982
2783	1855
1855	2783
2384	1824
1824	2384
1258	2724
2724	1258
2388	3863
3863	2388
3835	3874
3874	3835
5061	1460
1460	5061
4494	2283
2283	4494
5034	5352
5352	5034
1824	4304
4304	1824
3346	149
149	3346
1939	4494
4494	1939
2582	3863
3863	2582
3061	3486
3486	3061
4246	651
651	4246
2213	2798
2798	2213
514	1955
1955	514
3854	5323
5323	3854
888	2857
2857	888
4281	1879
1879	4281
5190	5265
5265	5190
3616	1953
1953	3616
113	3447
3447	113
1258	4325
4325	1258
3442	1228
1228	3442
4645	2504
2504	4645
2371	1257
1257	2371
1875	746
746	1875
1824	4494
4494	1824
4858	746
746	4858
1074	1093
1093	1074
1816	1783
1783	1816
941	3835
3835	941
817	4627
4627	817
910	2316
2316	910
1389	2045
2045	1389
789	4350
4350	789
3756	500
500	3756
2206	2037
2037	2206
4701	1576
1576	4701
3844	1074
1074	3844
3346	1938
1938	3346
3461	204
204	3461
3179	746
746	3179
3447	3863
3863	3447
3486	4565
4565	3486
545	2384
2384	545
203	149
149	203
1314	1900
1900	1314
4568	78
78	4568
194	2139
2139	194
2798	155
155	2798
1093	2133
2133	1093
1605	982
982	1605
892	941
941	892
3271	3814
3814	3271
2689	5190
5190	2689
1605	2113
2113	1605
3346	4542
4542	3346
1898	3599
3599	1898
5265	2035
2035	5265
4795	5333
5333	4795
2251	2582
2582	2251
1228	3463
3463	1228
4149	859
859	4149
3829	2857
2857	3829
1120	4350
4350	1120
2619	888
888	2619
2945	746
746	2945
2783	3854
3854	2783
892	1939
1939	892
1074	4838
4838	1074
3275	1938
1938	3275
5208	4255
4255	5208
2371	1764
1764	2371
1170	4904
4904	1170
817	5190
5190	817
2371	4565
4565	2371
149	2508
2508	149
2783	2035
2035	2783
514	197
197	514
5208	4565
4565	5208
2798	3616
3616	2798
1386	5323
5323	1386
4401	2556
2556	4401
4887	1962
1962	4887
2508	5007
5007	2508
3346	2724
2724	3346
4248	194
194	4248
941	2133
2133	941
3184	3229
3229	3184
1120	3077
3077	1120
4320	2078
2078	4320
1824	5323
5323	1824
2054	4701
4701	2054
4494	817
817	4494
1389	3275
3275	1389
2798	5190
5190	2798
1837	746
746	1837
4168	2213
2213	4168
1533	672
672	1533
3447	911
911	3447
347	4742
4742	347
5235	3316
3316	5235
1953	2937
2937	1953
5191	4248
4248	5191
2283	204
204	2283
926	746
746	926
956	746
746	956
1251	2724
2724	1251
347	1816
1816	347
2251	1847
1847	2251
892	208
208	892
2572	3229
3229	2572
4469	4281
4281	4469
872	1847
1847	872
1938	746
746	1938
514	5323
5323	514
4255	982
982	4255
1078	3316
3316	1078
3441	3888
3888	3441
4186	5007
5007	4186
2536	4350
4350	2536
3105	859
859	3105
2689	880
880	2689
5061	4320
4320	5061
2945	1311
1311	2945
1386	880
880	1386
2467	358
358	2467
2045	4565
4565	2045
3423	1002
1002	3423
2283	2035
2035	2283
1078	1482
1482	1078
5061	3447
3447	5061
2371	1605
1605	2371
2783	1953
1953	2783
4186	3864
3864	4186
2283	2572
2572	2283
1910	1267
1267	1910
956	4742
4742	956
1234	726
726	1234
5323	2037
2037	5323
2316	3416
3416	2316
3346	3993
3993	3346
2467	4634
4634	2467
804	2045
2045	804
1824	2035
2035	1824
4240	5007
5007	4240
5340	982
982	5340
2798	4255
4255	2798
203	5235
5235	203
892	537
537	892
2508	2503
2503	2508
3616	4928
4928	3616
4304	3854
3854	4304
2945	5166
5166	2945
1955	3814
3814	1955
3864	4275
4275	3864
4928	3077
3077	4928
5029	859
859	5029
5186	1234
1234	5186
1800	817
817	1800
1257	5333
5333	1257
3883	2388
2388	3883
5186	941
941	5186
347	3888
3888	347
4701	1939
1939	4701
4928	2698
2698	4928
4248	746
746	4248
1847	5265
5265	1847
2798	5115
5115	2798
5190	2857
2857	5190
3447	4276
4276	3447
3864	3777
3777	3864
3271	1642
1642	3271
2698	746
746	2698
149	2371
2371	149
3883	3888
3888	3883
3583	3229
3229	3583
1783	4276
4276	1783
4350	4304
4304	4350
2783	5265
5265	2783
3346	2536
2536	3346
2206	3888
3888	2206
500	1898
1898	500
1386	4119
4119	1386
4634	1900
1900	4634
1584	4634
4634	1584
2556	4225
4225	2556
1258	1953
1953	1258
859	3853
3853	859
3077	3599
3599	3077
804	859
859	804
2206	1898
1898	2206
3835	746
746	3835
347	2113
2113	347
2689	2504
2504	2689
726	3416
3416	726
3442	4887
4887	3442
3844	2037
2037	3844
4276	5265
5265	4276
2316	4533
4533	2316
2689	2937
2937	2689
3844	926
926	3844
4542	194
194	4542
5186	5265
5265	5186
1847	2037
2037	1847
4276	2035
2035	4276
1460	2484
2484	1460
4255	5235
5235	4255
4887	911
911	4887
5235	1783
1783	5235
4161	5333
5333	4161
347	1384
1384	347
1389	5029
5029	1389
1460	4350
4350	1460
545	2972
2972	545
545	255
255	545
5034	1234
1234	5034
3616	4248
4248	3616
2556	941
941	2556
1228	1093
1093	1228
1948	2503
2503	1948
1170	4565
4565	1170
754	4542
4542	754
3881	3447
3447	3881
1386	2536
2536	1386
3583	3275
3275	3583
3275	2619
2619	3275
492	5235
5235	492
1605	746
746	1605
3105	2582
2582	3105
2556	4458
4458	2556
3844	2316
2316	3844
817	4276
4276	817
888	762
762	888
5186	2037
2037	5186
5061	2384
2384	5061
1898	1605
1605	1898
4609	2609
2609	4609
1879	3827
3827	1879
4701	4858
4858	4701
3179	4568
4568	3179
1935	2467
2467	1935
1053	3543
3543	1053
482	2440
2440	482
2945	4276
4276	2945
1311	2035
2035	1311
3854	1120
1120	3854
3275	155
155	3275
4701	4494
4494	4701
4401	2857
2857	4401
2283	2937
2937	2283
1234	2467
2467	1234
5235	5265
5265	5235
1879	4164
4164	1879
3486	2447
2447	3486
2609	1576
1576	2609
1847	1800
1800	1847
926	4350
4350	926
1389	2424
2424	1389
2213	149
149	2213
352	2440
2440	352
5208	4325
4325	5208
1389	1875
1875	1389
1898	746
746	1898
817	4672
4672	817
3275	1267
1267	3275
4304	4672
4672	4304
4041	746
746	4041
2213	2139
2139	2213
347	3883
3883	347
2556	2582
2582	2556
926	5333
5333	926
1800	3616
3616	1800
1935	672
672	1935
347	500
500	347
2283	2113
2113	2283
3356	1234
1234	3356
4458	941
941	4458
2206	746
746	2206
545	1955
1955	545
3442	1935
1935	3442
4304	2798
2798	4304
4275	1939
1939	4275
2689	2619
2619	2689
347	892
892	347
3275	3061
3061	3275
754	4565
4565	754
347	4276
4276	347
3874	2447
2447	3874
651	545
545	651
3835	3693
3693	3835
4609	1120
1120	4609
859	255
255	859
1386	2937
2937	1386
3447	1257
1257	3447
2037	3279
3279	2037
4568	746
746	4568
2738	4248
4248	2738
1783	5115
5115	1783
347	1257
1257	347
1009	3356
3356	1009
3061	4672
4672	3061
888	1642
1642	888
358	941
941	358
1935	4077
4077	1935
3077	1837
1837	3077
4494	2467
2467	4494
5235	982
982	5235
4255	5265
5265	4255
4350	2004
2004	4350
1576	4304
4304	1576
352	1386
1386	352
5356	1576
1576	5356
1251	4795
4795	1251
817	746
746	817
3442	910
910	3442
4645	4255
4255	4645
1847	1384
1384	1847
1824	5265
5265	1824
1389	3630
3630	1389
911	4565
4565	911
347	4494
4494	347
208	3303
3303	208
4795	1939
1939	4795
3346	4246
4246	3346
2004	1910
1910	2004
4240	2037
2037	4240
4838	1855
1855	4838
1847	2536
2536	1847
1786	1955
1955	1786
4149	3144
3144	4149
2508	1939
1939	2508
3844	3979
3979	3844
1511	1605
1605	1511
4701	4246
4246	4701
3844	2536
2536	3844
1511	982
982	1511
3346	5265
5265	3346
2972	892
892	2972
2447	3883
3883	2447
4565	1314
1314	4565
5235	78
78	5235
5235	2467
2467	5235
892	973
973	892
3881	1257
1257	3881
4565	4248
4248	4565
2037	1482
1482	2037
2972	4077
4077	2972
1009	2384
2384	1009
1605	3179
3179	1605
4494	2508
2508	4494
3077	2508
2508	3077
1009	78
78	1009
3883	2582
2582	3883
2504	3316
3316	2504
1898	2078
2078	1898
888	1953
1953	888
5097	3543
3543	5097
4350	1953
1953	4350
2609	5166
5166	2609
892	1898
1898	892
911	2619
2619	911
3874	880
880	3874
2481	2139
2139	2481
3888	5007
5007	3888
3356	3814
3814	3356
1093	1910
1910	1093
1511	2467
2467	1511
4168	3303
3303	4168
2689	926
926	2689
2689	2572
2572	2689
4304	5323
5323	4304
2508	926
926	2508
4276	3863
3863	4276
2447	4795
4795	2447
2504	2447
2447	2504
5007	3077
3077	5007
2484	1900
1900	2484
2371	4164
4164	2371
1938	1935
1935	1938
4320	5097
5097	4320
2206	2937
2937	2206
3416	3303
3303	3416
4255	3316
3316	4255
3184	1875
1875	3184
347	5323
5323	347
1002	2447
2447	1002
3854	2206
2206	3854
1837	5190
5190	1837
2945	2045
2045	2945
2945	1800
1800	2945
2698	4119
4119	2698
4425	4887
4887	4425
2045	4246
4246	2045
2447	2977
2977	2447
892	2937
2937	892
2206	1576
1576	2206
2619	4248
4248	2619
4645	149
149	4645
4533	3630
3630	4533
3234	1605
1605	3234
926	982
982	926
746	91
91	746
3854	3693
3693	3854
3853	4350
4350	3853
4609	2045
2045	4609
1955	746
746	1955
5190	4350
4350	5190
2484	746
746	2484
880	1898
1898	880
5190	1314
1314	5190
3447	941
941	3447
4701	1824
1824	4701
2251	1170
1170	2251
545	4246
4246	545
2503	3486
3486	2503
545	3829
3829	545
1384	1898
1898	1384
2540	2481
2481	2540
2467	4458
4458	2467
5265	5007
5007	5265
2206	2316
2316	2206
746	5356
5356	746
1764	2424
2424	1764
2447	2078
2078	2447
3814	746
746	3814
3234	2724
2724	3234
5191	2738
2738	5191
2619	5166
5166	2619
3583	2582
2582	3583
3486	4672
4672	3486
1837	2536
2536	1837
4304	4481
4481	4304
514	1847
1847	514
1855	1258
1258	1855
2798	4240
4240	2798
3179	1576
1576	3179
3993	1898
1898	3993
5235	2371
2371	5235
492	3184
3184	492
2316	2283
2283	2316
1389	4568
4568	1389
4701	1898
1898	4701
1786	4281
4281	1786
2689	514
514	2689
1258	4276
4276	1258
2798	973
973	2798
1386	4350
4350	1386
347	1962
1962	347
1311	358
358	1311
3883	3316
3316	3883
113	3061
3061	113
817	910
910	817
5007	3599
3599	5007
5186	2972
2972	5186
2206	4672
4672	2206
514	2113
2113	514
1251	5265
5265	1251
2206	973
973	2206
2045	3863
3863	2045
1953	2037
2037	1953
1879	1948
1948	1879
2481	194
194	2481
3814	2283
2283	3814
4928	1605
1605	4928
1800	1855
1855	1800
514	941
941	514
1584	2619
2619	1584
1935	2283
2283	1935
941	204
204	941
1078	2384
2384	1078
347	2719
2719	347
5208	194
194	5208
1875	3829
3829	1875
2508	2045
2045	2508
1389	1764
1764	1389
973	4119
4119	973
1837	5007
5007	1837
2977	5029
5029	2977
4701	2283
2283	4701
3486	2206
2206	3486
2388	1783
1783	2388
4533	1898
1898	4533
1824	2972
2972	1824
194	2283
2283	194
514	4350
4350	514
2054	4568
4568	2054
2206	4565
4565	2206
2689	956
956	2689
1875	5323
5323	1875
4077	1962
1962	4077
2689	1935
1935	2689
3874	4425
4425	3874
492	970
970	492
5061	926
926	5061
347	4240
4240	347
982	2283
2283	982
5166	4672
4672	5166
2045	3854
3854	2045
3863	3874
3874	3863
3229	4425
4425	3229
2206	2384
2384	2206
817	1824
1824	817
2783	1935
1935	2783
3356	4276
4276	3356
2467	2857
2857	2467
4627	3777
3777	4627
669	500
500	669
4304	2619
2619	4304
1389	155
155	1389
1389	4276
4276	1389
3630	1415
1415	3630
1384	5333
5333	1384
2508	4276
4276	2508
4928	911
911	4928
203	872
872	203
956	1875
1875	956
4442	3077
3077	4442
3234	3441
3441	3234
5208	1953
1953	5208
1093	1605
1605	1093
545	5235
5235	545
4240	4281
4281	4240
789	3275
3275	789
2698	1074
1074	2698
2798	2503
2503	2798
4350	4932
4932	4350
3279	1311
1311	3279
4186	5061
5061	4186
4481	1948
1948	4481
2689	1093
1093	2689
5064	4168
4168	5064
4565	2037
2037	4565
1955	2783
2783	1955
1847	500
500	1847
1389	2619
2619	1389
4240	3693
3693	4240
2536	2213
2213	2536
4795	500
500	4795
888	5064
5064	888
2139	3761
3761	2139
4904	4565
4565	4904
91	3979
3979	91
2037	741
741	2037
4542	113
113	4542
4255	5061
5061	4255
4164	4932
4932	4164
2035	2037
2037	2035
4494	4932
4932	4494
2078	1879
1879	2078
4481	1074
1074	4481
3303	892
892	3303
2045	5356
5356	2045
2113	5235
5235	2113
4281	5166
5166	4281
3184	2045
2045	3184
5265	4672
4672	5265
255	3853
3853	255
1875	4609
4609	1875
2689	3599
3599	2689
1938	4928
4928	1938
3442	1786
1786	3442
5166	2037
2037	5166
3844	3630
3630	3844
2054	5352
5352	2054
1314	789
789	1314
1460	1258
1258	1460
2724	1533
1533	2724
514	5166
5166	514
2251	5265
5265	2251
1386	1800
1800	1386
1837	2113
2113	1837
789	2113
2113	789
3346	817
817	3346
4255	1009
1009	4255
4425	4255
4255	4425
2035	5007
5007	2035
3346	3756
3756	3346
789	3447
3447	789
1386	2283
2283	1386
545	2619
2619	545
3888	2213
2213	3888
3442	2857
2857	3442
1847	746
746	1847
1576	5265
5265	1576
4795	3854
3854	4795
1228	3993
3993	1228
2467	746
746	2467
1074	3356
3356	1074
2371	4304
4304	2371
1415	4186
4186	1415
4494	2834
2834	4494
3874	941
941	3874
3777	2946
2946	3777
2371	2283
2283	2371
2945	888
888	2945
1605	2037
2037	1605
3416	2113
2113	3416
537	746
746	537
2556	1251
1251	2556
2045	4645
4645	2045
3693	4041
4041	3693
2719	5265
5265	2719
5061	5190
5190	5061
2972	4119
4119	2972
4795	4350
4350	4795
5061	1879
1879	5061
1900	3105
3105	1900
5235	651
651	5235
941	2582
2582	941
1074	1234
1234	1074
4246	2619
2619	4246
2481	2316
2316	2481
3874	1898
1898	3874
3229	2133
2133	3229
1386	2582
2582	1386
4225	4458
4458	4225
1251	982
982	1251
1234	197
197	1234
3844	1267
1267	3844
4275	1837
1837	4275
347	5265
5265	347
789	1816
1816	789
1682	2371
2371	1682
2508	4795
4795	2508
2857	2283
2283	2857
5186	2283
2283	5186
440	4325
4325	440
1824	2582
2582	1824
1800	973
973	1800
672	746
746	672
2536	2133
2133	2536
2503	3356
3356	2503
2783	1898
1898	2783
4281	2972
2972	4281
514	203
203	514
3077	2037
2037	3077
4795	2536
2536	4795
4246	5265
5265	4246
4304	2388
2388	4304
2388	2783
2783	2388
3486	2783
2783	3486
1837	1816
1816	1837
3883	746
746	3883
789	2946
2946	789
1009	4240
4240	1009
4149	1847
1847	4149
4533	1953
1953	4533
1948	2045
2045	1948
3447	2619
2619	3447
3874	2536
2536	3874
2316	5166
5166	2316
4281	746
746	4281
1258	91
91	1258
4533	941
941	4533
4645	5186
5186	4645
888	1093
1093	888
4481	492
492	4481
537	1642
1642	537
2783	5007
5007	2783
3979	1170
1170	3979
4645	1053
1053	4645
970	762
762	970
831	4469
4469	831
4858	3864
3864	4858
194	1267
1267	194
3077	1962
1962	3077
2447	4225
4225	2447
1170	804
804	1170
4500	4164
4164	4500
4240	1002
1002	4240
3583	5166
5166	3583
2834	4425
4425	2834
2447	1837
1837	2447
3179	926
926	3179
2783	1800
1800	2783
762	831
831	762
5186	3583
3583	5186
3881	941
941	3881
2035	1170
1170	2035
2054	545
545	2054
754	4645
4645	754
4742	970
970	4742
3888	1875
1875	3888
2738	1389
1389	2738
3229	4276
4276	3229
1234	3761
3761	1234
3835	2251
2251	3835
1251	3105
3105	1251
1389	3423
3423	1389
804	4276
4276	804
203	911
911	203
4627	2937
2937	4627
910	482
482	910
1898	1002
1002	1898
3599	4246
4246	3599
3346	4634
4634	3346
518	2609
2609	518
2719	3583
3583	2719
4542	1955
1955	4542
4533	746
746	4533
2689	1875
1875	2689
2945	3863
3863	2945
3883	3486
3486	3883
3442	4149
4149	3442
2484	1898
1898	2484
1898	5265
5265	1898
2054	973
973	2054
2504	872
872	2504
3616	4255
4255	3616
1855	91
91	1855
4469	2582
2582	4469
3346	514
514	3346
347	3105
3105	347
1837	3854
3854	1837
2484	5265
5265	2484
2054	5333
5333	2054
194	2619
2619	194
941	1783
1783	941
545	4568
4568	545
941	2540
2540	941
2556	2467
2467	2556
4887	3888
3888	4887
3303	4494
4494	3303
2945	2213
2213	2945
1257	4565
4565	1257
1415	746
746	1415
4795	2937
2937	4795
3829	1939
1939	3829
4149	3864
3864	4149
1482	4186
4186	1482
2977	4533
4533	2977
3441	2467
2467	3441
3883	3543
3543	3883
2384	1314
1314	2384
3829	3599
3599	3829
2536	1939
1939	2536
3844	1576
1576	3844
2783	2834
2834	2783
4795	941
941	4795
5034	5333
5333	5034
4240	2283
2283	4240
5235	5166
5166	5235
2503	4168
4168	2503
2316	746
746	2316
3599	5340
5340	3599
5191	5115
5115	5191
3271	1605
1605	3271
5061	5323
5323	5061
2689	804
804	2689
4320	4742
4742	4320
4568	2945
2945	4568
347	3486
3486	347
2504	4672
4672	2504
1314	5064
5064	1314
4701	4565
4565	4701
3835	194
194	3835
1170	2689
2689	1170
1898	2937
2937	1898
2798	3279
3279	2798
1935	3275
3275	1935
1847	859
859	1847
3447	1576
1576	3447
817	4533
4533	817
2384	746
746	2384
4161	149
149	4161
1009	1093
1093	1009
4350	746
746	4350
2139	2440
2440	2139
4627	888
888	4627
5166	5007
5007	5166
2054	3275
3275	2054
5186	545
545	5186
2798	5061
5061	2798
1234	1251
1251	1234
1384	1257
1257	1384
1682	3583
3583	1682
1389	941
941	1389
1800	4246
4246	1800
2724	5356
5356	2724
4795	1824
1824	4795
3827	5007
5007	3827
5235	2251
2251	5235
817	113
113	817
804	4565
4565	804
514	4276
4276	514
1605	888
888	1605
817	4425
4425	817
3061	518
518	3061
1847	3486
3486	1847
5340	2388
2388	5340
926	3979
3979	926
941	1258
1258	941
3844	4168
4168	3844
1584	3144
3144	1584
1386	2719
2719	1386
3693	3271
3271	3693
3993	3616
3616	3993
1009	4568
4568	1009
2536	2206
2206	2536
5007	880
880	5007
4795	880
880	4795
347	1939
1939	347
2283	1875
1875	2283
1389	5235
5235	1389
4304	746
746	4304
500	2139
2139	500
1938	3423
3423	1938
2582	4542
4542	2582
2035	203
203	2035
5064	746
746	5064
1783	3441
3441	1783
2536	3863
3863	2536
3441	1511
1511	3441
3844	3275
3275	3844
3346	2484
2484	3346
2316	5186
5186	2316
1855	1939
1939	1855
4350	2834
2834	4350
651	537
537	651
5061	2719
2719	5061
4742	3234
3234	4742
4887	1314
1314	4887
2206	2582
2582	2206
2972	746
746	2972
804	5097
5097	804
4350	2035
2035	4350
4701	347
347	4701
1389	2536
2536	1389
4077	3599
3599	4077
514	3279
3279	514
4701	2251
2251	4701
4255	4276
4276	4255
1389	888
888	1389
2440	4442
4442	2440
5186	1900
1900	5186
789	2283
2283	789
892	1953
1953	892
4469	78
78	4469
4304	859
859	4304
3077	1824
1824	3077
941	5115
5115	941
941	1910
1910	941
2054	5235
5235	2054
113	1900
1900	113
3346	2283
2283	3346
91	5235
5235	91
2504	2582
2582	2504
4932	4858
4858	4932
2113	746
746	2113
545	4276
4276	545
817	2540
2540	817
804	1855
1855	804
5323	4248
4248	5323
2447	3854
3854	2447
2054	2738
2738	2054
4500	672
672	4500
888	3583
3583	888
5186	3275
3275	5186
4565	3279
3279	4565
3864	5190
5190	3864
4225	1898
1898	4225
2035	746
746	2035
5208	741
741	5208
3441	4168
4168	3441
3844	4350
4350	3844
1682	113
113	1682
4494	2619
2619	4494
789	4795
4795	789
1847	1311
1311	1847
970	5352
5352	970
2467	1900
1900	2467
1837	4240
4240	1837
4281	5186
5186	4281
3543	888
888	3543
1386	3275
3275	1386
3864	1939
1939	3864
1847	762
762	1847
2447	4255
4255	2447
4077	4246
4246	4077
4565	2540
2540	4565
5034	4742
4742	5034
2609	3829
3829	2609
4425	1935
1935	4425
2467	4469
4469	2467
5340	5186
5186	5340
4494	4350
4350	4494
2719	2045
2045	2719
3854	3279
3279	3854
3888	982
982	3888
2945	926
926	2945
1584	2371
2371	1584
973	4928
4928	973
2945	2037
2037	2945
1511	4255
4255	1511
208	5190
5190	208
2719	3229
3229	2719
2504	3844
3844	2504
2054	1576
1576	2054
741	4425
4425	741
4609	3442
3442	4609
4494	5166
5166	4494
1898	3316
3316	1898
2977	352
352	2977
1228	2798
2798	1228
970	941
941	970
911	3543
3543	911
2139	4275
4275	2139
1389	2937
2937	1389
2619	2440
2440	2619
5166	1786
1786	5166
3179	4494
4494	3179
789	2035
2035	789
941	5064
5064	941
5191	4350
4350	5191
2283	1938
1938	2283
3777	1533
1533	3777
1783	2540
2540	1783
3863	1682
1682	3863
804	892
892	804
347	3583
3583	347
2371	4248
4248	2371
5034	4248
4248	5034
518	3835
3835	518
892	3854
3854	892
3616	347
347	3616
3888	5235
5235	3888
352	4077
4077	352
1875	1605
1605	1875
2447	2572
2572	2447
3441	4928
4928	3441
4627	3441
3441	4627
982	3423
3423	982
2371	3864
3864	2371
3844	5208
5208	3844
1900	2206
2206	1900
5190	1228
1228	5190
804	3979
3979	804
2206	892
892	2206
2054	741
741	2054
804	3061
3061	804
204	2540
2540	204
5034	3853
3853	5034
5235	1314
1314	5235
4701	1837
1837	4701
1251	1314
1314	1251
1898	5235
5235	1898
4645	2004
2004	4645
3853	2384
2384	3853
2045	1953
1953	2045
1879	941
941	1879
3077	518
518	3077
4469	2045
2045	4469
5235	1605
1605	5235
518	2484
2484	518
4887	3229
3229	4887
5323	746
746	5323
2724	1511
1511	2724
2054	1935
1935	2054
2783	4248
4248	2783
2508	3275
3275	2508
2556	1642
1642	2556
2719	2316
2316	2719
440	4246
4246	440
3271	4248
4248	3271
1855	3316
3316	1855
804	741
741	804
1078	5166
5166	1078
2206	5007
5007	2206
2556	3599
3599	2556
4255	2133
2133	4255
500	2004
2004	500
2698	2078
2078	2698
2689	2424
2424	2689
1389	3863
3863	1389
2045	4255
4255	2045
440	804
804	440
4887	1939
1939	4887
1257	3486
3486	1257
5061	5265
5265	5061
4248	2857
2857	4248
1879	5097
5097	1879
4186	4701
4701	4186
3543	4041
4041	3543
1953	5323
5323	1953
3463	1170
1170	3463
672	4119
4119	672
2946	5097
5097	2946
1605	2467
2467	1605
1415	5323
5323	1415
2508	3461
3461	2508
4304	2972
2972	4304
2447	2582
2582	2447
2783	3271
3271	2783
2467	754
754	2467
78	2582
2582	78
2388	1962
1962	2388
3486	1837
1837	3486
1783	358
358	1783
352	3853
3853	352
4276	4904
4904	4276
789	5208
5208	789
2783	1074
1074	2783
78	3441
3441	78
5034	5166
5166	5034
2689	1953
1953	2689
2213	2619
2619	2213
4320	352
352	4320
2388	2045
2045	2388
5191	4565
4565	5191
518	5061
5061	518
2251	4469
4469	2251
1879	4458
4458	1879
1002	973
973	1002
1460	1584
1584	1460
2945	2283
2283	2945
2783	4494
4494	2783
3883	2440
2440	3883
5352	1009
1009	5352
2536	1576
1576	2536
1900	3616
3616	1900
2037	2834
2834	2037
1386	5356
5356	1386
3844	746
746	3844
1078	5097
5097	1078
4149	4494
4494	4149
3844	2206
2206	3844
1855	2206
2206	1855
2467	2834
2834	2467
2556	1584
1584	2556
3441	1093
1093	3441
1093	2139
2139	1093
4149	4304
4304	4149
1386	2619
2619	1386
3447	4533
4533	3447
2798	5356
5356	2798
5190	1576
1576	5190
2503	2946
2946	2503
1837	4533
4533	1837
5208	2504
2504	5208
5061	4565
4565	5061
4320	3777
3777	4320
4281	2037
2037	4281
1764	3814
3814	1764
1384	2035
2035	1384
2316	4672
4672	2316
4275	1170
1170	4275
4246	4276
4276	4246
4161	2724
2724	4161
2972	1258
1258	2972
4928	982
982	4928
5235	2540
2540	5235
2582	817
817	2582
2556	5265
5265	2556
4701	5323
5323	4701
2783	2078
2078	2783
1898	1816
1816	1898
3442	1824
1824	3442
3835	3543
3543	3835
3630	5265
5265	3630
2508	2834
2834	2508
3777	1314
1314	3777
1078	746
746	1078
1935	2972
2972	1935
4246	2283
2283	4246
4701	500
500	4701
4500	4281
4281	4500
3844	2484
2484	3844
4225	1948
1948	4225
3447	4240
4240	3447
5007	3303
3303	5007
926	1311
1311	926
1311	4248
4248	1311
2689	2484
2484	2689
1837	1898
1898	1837
941	1764
1764	941
1855	1816
1816	1855
5007	3271
3271	5007
5007	208
208	5007
3463	4645
4645	3463
4533	155
155	4533
500	5323
5323	500
2481	4701
4701	2481
2536	3979
3979	2536
1002	941
941	1002
804	5323
5323	804
2447	4276
4276	2447
4281	3829
3829	4281
2139	1251
1251	2139
2371	5034
5034	2371
3883	1605
1605	3883
5235	3105
3105	5235
1093	4240
4240	1093
5190	5323
5323	5190
2945	2977
2977	2945
3844	2945
2945	3844
2213	4077
4077	2213
5061	1384
1384	5061
255	2556
2556	255
3827	3275
3275	3827
1953	3583
3583	1953
4304	4248
4248	4304
3844	1170
1170	3844
2798	5340
5340	2798
514	5265
5265	514
3863	5333
5333	3863
2972	5190
5190	2972
2977	911
911	2977
1855	5166
5166	1855
926	2937
2937	926
4701	892
892	4701
4225	1009
1009	4225
2857	2384
2384	2857
2133	3463
3463	2133
545	5166
5166	545
3271	3105
3105	3271
4928	5323
5323	4928
1939	5166
5166	1939
1511	5265
5265	1511
926	1953
1953	926
2139	4469
4469	2139
4168	4255
4255	4168
5265	5356
5356	5265
5029	762
762	5029
1251	746
746	1251
358	4565
4565	358
4928	1251
1251	4928
941	1935
1935	941
746	2037
2037	746
2508	4565
4565	2508
3271	5323
5323	3271
4795	3275
3275	4795
1460	5166
5166	1460
817	5166
5166	817
4887	5191
5191	4887
2536	1605
1605	2536
347	1837
1837	347
804	1837
1837	804
1384	4119
4119	1384
4533	2206
2206	4533
4276	1955
1955	4276
1482	2503
2503	1482
3303	1935
1935	3303
492	2582
2582	492
2371	5097
5097	2371
4795	1910
1910	4795
2037	2045
2045	2037
5115	3441
3441	5115
1576	2619
2619	1576
3275	2037
2037	3275
4442	1955
1955	4442
3599	2834
2834	3599
4161	746
746	4161
5356	1682
1682	5356
4609	888
888	4609
880	1939
1939	880
4932	3883
3883	4932
3077	2035
2035	3077
4565	2035
2035	4565
2536	1953
1953	2536
941	2251
2251	941
1764	1800
1800	1764
500	2316
2316	500
1002	2945
2945	1002
1415	4568
4568	1415
2572	2556
2556	2572
2798	2481
2481	2798
208	3881
3881	208
941	5166
5166	941
4164	2609
2609	4164
255	91
91	255
1314	1576
1576	1314
1415	872
872	1415
492	817
817	492
2834	1415
1415	2834
4568	3442
3442	4568
4904	1816
1816	4904
2388	2582
2582	2388
204	514
514	204
492	3599
3599	492
3316	492
492	3316
4442	2371
2371	4442
973	2424
2424	973
1898	3275
3275	1898
831	1855
1855	831
3888	1314
1314	3888
3441	5235
5235	3441
3346	3441
3441	3346
1093	4634
4634	1093
5190	4672
4672	5190
1837	4281
4281	1837
4304	1642
1642	4304
5208	1910
1910	5208
5007	4168
4168	5007
4928	4645
4645	4928
1939	2582
2582	1939
1511	5235
5235	1511
2078	3693
3693	2078
2508	2484
2484	2508
892	1824
1824	892
2689	1386
1386	2689
4672	3442
3442	4672
5064	3416
3416	5064
2689	746
746	2689
1257	3599
3599	1257
3442	2251
2251	3442
5235	1642
1642	5235
3854	1898
1898	3854
1384	2556
2556	1384
1584	2384
2384	1584
1875	2937
2937	1875
1053	2572
2572	1053
347	4481
4481	347
1384	5265
5265	1384
2945	5190
5190	2945
1389	3543
3543	1389
514	1120
1120	514
789	5190
5190	789
3447	2783
2783	3447
4248	2078
2078	4248
537	1816
1816	537
5029	5034
5034	5029
2783	4634
4634	2783
4565	4350
4350	4565
3993	4645
4645	3993
5235	1074
1074	5235
3486	2619
2619	3486
804	5190
5190	804
2283	3303
3303	2283
2484	982
982	2484
5166	3179
3179	5166
3844	1879
1879	3844
4164	4481
4481	4164
1415	941
941	1415
3486	3814
3814	3486
5356	5064
5064	5356
5333	2972
2972	5333
5235	482
482	5235
3486	2037
2037	3486
1948	880
880	1948
2440	1910
1910	2440
4469	5186
5186	4469
2536	1257
1257	2536
3441	1074
1074	3441
804	2206
2206	804
3853	1875
1875	3853
911	3179
3179	911
1584	1682
1682	1584
1855	1074
1074	1855
859	746
746	859
1460	5064
5064	1460
926	5166
5166	926
4838	1093
1093	4838
1847	149
149	1847
1847	2783
2783	1847
817	3275
3275	817
4119	911
911	4119
1533	2977
2977	1533
537	2698
2698	537
3416	2536
2536	3416
4164	1948
1948	4164
1837	4276
4276	1837
2054	817
817	2054
1935	1642
1642	1935
1939	3616
3616	1939
5029	1910
1910	5029
2572	352
352	2572
2447	1953
1953	2447
3077	2619
2619	3077
482	2572
2572	482
2371	1511
1511	2371
2540	1962
1962	2540
2035	5333
5333	2035
892	4276
4276	892
537	3814
3814	537
2508	1251
1251	2508
3854	2609
2609	3854
4350	3777
3777	4350
4320	970
970	4320
4838	3442
3442	4838
545	5007
5007	545
4701	78
78	4701
2972	3864
3864	2972
1460	831
831	1460
3814	1009
1009	3814
2556	2540
2540	2556
347	2035
2035	347
4304	2283
2283	4304
3844	4248
4248	3844
5034	4320
4320	5034
1824	3543
3543	1824
3693	1415
1415	3693
2556	492
492	2556
1389	2719
2719	1389
2078	3854
3854	2078
817	4928
4928	817
4225	2384
2384	4225
537	3105
3105	537
892	746
746	892
5323	5356
5356	5323
440	2371
2371	440
1258	3416
3416	1258
5061	2582
2582	5061
347	1074
1074	347
1386	4320
4320	1386
762	3423
3423	762
4246	3442
3442	4246
1389	347
347	1389
537	4634
4634	537
545	2946
2946	545
3105	2113
2113	3105
4701	2556
2556	4701
440	926
926	440
4795	1605
1605	4795
1267	3829
3829	1267
3761	4168
4168	3761
3144	5064
5064	3144
492	3883
3883	492
2556	1910
1910	2556
1824	3814
3814	1824
208	4634
4634	208
5186	2937
2937	5186
4928	3486
3486	4928
3844	2619
2619	3844
2572	514
514	2572
2798	194
194	2798
1875	4275
4275	1875
1228	1935
1935	1228
500	2619
2619	500
3423	1935
1935	3423
545	926
926	545
3303	3888
3888	3303
1955	518
518	1955
2783	1576
1576	2783
4442	500
500	4442
1682	4858
4858	1682
4186	4634
4634	4186
4246	872
872	4246
5191	352
352	5191
2504	2556
2556	2504
3234	3979
3979	3234
5208	746
746	5208
3854	2035
2035	3854
1009	1824
1824	1009
1935	2316
2316	1935
194	3993
3993	194
4701	3275
3275	4701
347	1605
1605	347
2834	3888
3888	2834
2798	197
197	2798
1257	2834
2834	1257
1389	4481
4481	1389
1962	5166
5166	1962
347	2619
2619	347
651	78
78	651
1389	2556
2556	1389
789	3814
3814	789
4077	545
545	4077
3599	941
941	3599
2689	817
817	2689
1576	831
831	1576
500	5166
5166	500
2783	3693
3693	2783
4458	911
911	4458
1605	2937
2937	1605
347	2037
2037	347
1816	859
859	1816
1389	5166
5166	1389
2371	2440
2440	2371
3486	1939
1939	3486
3835	5356
5356	3835
892	5186
5186	892
926	1257
1257	926
4041	3271
3271	4041
4795	1764
1764	4795
1002	4481
4481	1002
4168	1605
1605	4168
2536	4304
4304	2536
2698	2972
2972	2698
789	1576
1576	789
892	3543
3543	892
941	5235
5235	941
1384	518
518	1384
2798	4149
4149	2798
1002	2582
2582	1002
1824	1311
1311	1824
3356	5340
5340	3356
2113	5166
5166	2113
2945	1576
1576	2945
5034	5064
5064	5034
1078	1257
1257	1078
1837	1251
1251	1837
4932	2977
2977	4932
2206	5166
5166	2206
440	2556
2556	440
804	1389
1389	804
2834	651
651	2834
5265	4634
4634	5265
2945	4542
4542	2945
1389	2945
2945	1389
804	982
982	804
3863	4568
4568	3863
1948	4645
4645	1948
4795	831
831	4795
817	4246
4246	817
4304	2037
2037	4304
1511	2937
2937	1511
2689	4255
4255	2689
4701	5061
5061	4701
2037	2316
2316	2037
5208	1875
1875	5208
255	5352
5352	255
3844	5323
5323	3844
3854	2937
2937	3854
5340	5166
5166	5340
1257	1511
1511	1257
1955	2206
2206	1955
831	5007
5007	831
926	2283
2283	926
4701	2945
2945	4701
3881	4481
4481	3881
514	2037
2037	514
1953	4672
4672	1953
3229	2834
2834	3229
4565	2937
2937	4565
3888	3777
3777	3888
3761	2738
2738	3761
4246	5235
5235	4246
4568	1267
1267	4568
3423	4248
4248	3423
2698	2316
2316	2698
1962	746
746	1962
2977	1855
1855	2977
1879	672
672	1879
3854	2467
2467	3854
970	4161
4161	970
1824	2540
2540	1824
2798	1898
1898	2798
3441	1078
1078	3441
1093	1764
1764	1093
500	746
746	500
2572	4932
4932	2572
3883	4533
4533	3883
4565	2283
2283	4565
2508	3061
3061	2508
2371	3583
3583	2371
1251	5323
5323	1251
2945	1939
1939	2945
2371	3275
3275	2371
1078	2037
2037	1078
1955	3835
3835	1955
1257	1783
1783	1257
4255	2467
2467	4255
1386	4276
4276	1386
1093	5190
5190	1093
5061	4246
4246	5061
2977	3853
3853	2977
4533	1074
1074	4533
2945	2440
2440	2945
208	2834
2834	208
1311	2946
2946	1311
3442	3229
3229	3442
1605	2035
2035	1605
4255	746
746	4255
817	4500
4500	817
1389	5208
5208	1389
5166	4932
4932	5166
5235	1002
1002	5235
1482	500
500	1482
804	4701
4701	804
926	4255
4255	926
3761	1955
1955	3761
941	651
651	941
2283	3543
3543	2283
4320	1948
1948	4320
1875	4246
4246	1875
2133	672
672	2133
2206	910
910	2206
2388	2619
2619	2388
2945	5064
5064	2945
1386	4494
4494	1386
3854	1074
1074	3854
4568	3853
3853	4568
804	347
347	804
4469	746
746	4469
5340	1605
1605	5340
1078	3829
3829	1078
1962	2945
2945	1962
3229	4494
4494	3229
4568	1234
1234	4568
4672	3835
3835	4672
514	3543
3543	514
3447	1953
1953	3447
4304	4568
4568	4304
1786	2467
2467	1786
1267	5007
5007	1267
3416	440
440	3416
2798	3077
3077	2798
4932	2467
2467	4932
4164	4568
4568	4164
4255	2937
2937	4255
5235	2078
2078	5235
3761	537
537	3761
3441	2572
2572	3441
1389	194
194	1389
2504	2508
2508	2504
2945	1078
1078	2945
3864	4240
4240	3864
789	1078
1078	789
4932	3874
3874	4932
4928	4276
4276	4928
1386	4481
4481	1386
2945	5265
5265	2945
1228	3829
3829	1228
1824	4565
4565	1824
2133	2213
2213	2133
1389	1053
1053	1389
1939	1074
1074	1939
1311	817
817	1311
2388	1837
1837	2388
3881	5007
5007	3881
3814	941
941	3814
155	1053
1053	155
3486	2536
2536	3486
3077	4240
4240	3077
5208	3077
3077	5208
2371	2719
2719	2371
482	4568
4568	482
2582	1837
1837	2582
3854	4500
4500	3854
1786	4255
4255	1786
1460	4458
4458	1460
1786	1170
1170	1786
4533	4281
4281	4533
2508	1311
1311	2508
4320	888
888	4320
3777	4240
4240	3777
2977	2078
2078	2977
518	4248
4248	518
358	746
746	358
970	2582
2582	970
872	4041
4041	872
3616	1002
1002	3616
1053	941
941	1053
4795	1576
1576	4795
4565	3874
3874	4565
3864	2946
2946	3864
2004	3105
3105	2004
1053	804
804	1053
3229	4928
4928	3229
2388	514
514	2388
1955	3423
3423	1955
1074	2937
2937	1074
3486	746
746	3486
347	4281
4281	347
2977	3599
3599	2977
926	2467
2467	926
2283	859
859	2283
2536	4276
4276	2536
2540	1576
1576	2540
4246	2572
2572	4246
514	545
545	514
1855	3979
3979	1855
4858	3229
3229	4858
3423	2582
2582	3423
2536	651
651	2536
910	941
941	910
2440	4425
4425	2440
4255	5333
5333	4255
3346	4795
4795	3346
2937	3441
3441	2937
3854	4255
4255	3854
789	3234
3234	789
3447	1935
1935	3447
4795	2619
2619	4795
4469	789
789	4469
3486	4225
4225	3486
4494	5265
5265	4494
1386	2467
2467	1386
5190	5007
5007	5190
3179	4425
4425	3179
1800	5323
5323	1800
2508	2937
2937	2508
3883	3864
3864	3883
347	5061
5061	347
2139	4795
4795	2139
3616	2937
2937	3616
3346	2508
2508	3346
5333	982
982	5333
3423	4500
4500	3423
5235	1311
1311	5235
4634	1228
1228	4634
4255	4672
4672	4255
5186	3863
3863	5186
3761	741
741	3761
2054	4248
4248	2054
1389	1800
1800	1389
4565	4276
4276	4565
3853	3356
3356	3853
5340	3583
3583	5340
3616	669
669	3616
1251	4246
4246	1251
545	5034
5034	545
1935	4672
4672	1935
4119	3279
3279	4119
4701	4742
4742	4701
1511	1898
1898	1511
347	2447
2447	347
5034	3993
3993	5034
149	3271
3271	149
2035	4041
4041	2035
817	2619
2619	817
4742	155
155	4742
4932	2834
2834	4932
3346	1605
1605	3346
2484	3854
3854	2484
1783	203
203	1783
1939	5265
5265	1939
1258	2582
2582	1258
3416	817
817	3416
5190	4240
4240	5190
1786	4928
4928	1786
78	1170
1170	78
2371	1837
1837	2371
2689	91
91	2689
358	1533
1533	358
3874	3346
3346	3874
804	4248
4248	804
1948	91
91	1948
970	2388
2388	970
4701	888
888	4701
2139	1228
1228	2139
4225	5235
5235	4225
1605	2251
2251	1605
4701	817
817	4701
4275	741
741	4275
1900	4904
4904	1900
817	5265
5265	817
1389	3447
3447	1389
1093	1783
1783	1093
910	1482
1482	910
910	1955
1955	910
2484	4161
4161	2484
1847	1879
1879	1847
78	1314
1314	78
482	746
746	482
1783	1074
1074	1783
2045	4542
4542	2045
1900	2508
2508	1900
4609	3630
3630	4609
3346	4458
4458	3346
4304	3888
3888	4304
194	5265
5265	194
1816	492
492	1816
1384	1415
1415	1384
4494	2035
2035	4494
1824	3583
3583	1824
831	2582
2582	831
4645	4469
4469	4645
3888	5208
5208	3888
5061	5166
5166	5061
3442	1314
1314	3442
2508	2035
2035	2508
4565	4672
4672	4565
3630	2582
2582	3630
4565	203
203	4565
982	4932
4932	982
1855	3881
3881	1855
3583	5034
5034	3583
4701	4795
4795	4701
3543	2698
2698	3543
1847	2504
2504	1847
1251	537
537	1251
5235	1962
1962	5235
746	2045
2045	746
789	545
545	789
4246	3416
3416	4246
2484	4533
4533	2484
1415	4634
4634	1415
3416	4168
4168	3416
3447	1875
1875	3447
1837	3275
3275	1837
2689	2467
2467	2689
3077	4494
4494	3077
1847	4932
4932	1847
3447	3179
3179	3447
1074	2447
2447	1074
5208	1460
1460	5208
4500	3234
3234	4500
1948	197
197	1948
1120	746
746	1120
926	3275
3275	926
5034	1855
1855	5034
4858	3756
3756	4858
4161	1576
1576	4161
804	4320
4320	804
4246	194
194	4246
5061	1258
1258	5061
203	3442
3442	203
669	255
255	669
2484	5029
5029	2484
4350	1939
1939	4350
1511	4225
4225	1511
1384	888
888	1384
2078	5029
5029	2078
1389	1837
1837	1389
956	2037
2037	956
2719	1415
1415	2719
804	2945
2945	804
113	3486
3486	113
4186	492
492	4186
5061	1953
1953	5061
4481	4281
4281	4481
3303	1764
1764	3303
1786	2113
2113	1786
4276	4795
4795	4276
3844	1824
1824	3844
1962	5265
5265	1962
482	5186
5186	482
3105	5333
5333	3105
2945	1824
1824	2945
1800	1258
1258	1800
804	2783
2783	804
194	537
537	194
4533	926
926	4533
2619	746
746	2619
1120	4304
4304	1120
5235	1816
1816	5235
1311	4838
4838	1311
1910	2719
2719	1910
4350	2283
2283	4350
2054	3616
3616	2054
3077	1482
1482	3077
203	3888
3888	203
5191	4645
4645	5191
910	4645
4645	910
672	1953
1953	672
4500	2834
2834	4500
1837	2316
2316	1837
3854	5208
5208	3854
1783	3316
3316	1783
3346	1389
1389	3346
1170	4742
4742	1170
2206	880
880	2206
4275	5333
5333	4275
4425	1314
1314	4425
4494	1258
1258	4494
3423	5034
5034	3423
4701	2783
2783	4701
4325	4742
4742	4325
5061	1962
1962	5061
5190	941
941	5190
3864	5166
5166	3864
669	4904
4904	669
3854	2834
2834	3854
1078	2946
2946	1078
5166	440
440	5166
4225	2540
2540	4225
3583	762
762	3583
5034	4565
4565	5034
3105	1783
1783	3105
1389	973
973	1389
4627	2945
2945	4627
5340	3883
3883	5340
3881	746
746	3881
3461	3829
3829	3461
1948	1460
1460	1948
1824	941
941	1824
1386	4795
4795	1386
2945	1251
1251	2945
3543	1576
1576	3543
149	2972
2972	149
2388	3756
3756	2388
4494	3864
3864	4494
492	1511
1511	492
440	4119
4119	440
4458	4627
4627	4458
2783	941
941	2783
347	4672
4672	347
3279	3756
3756	3279
4304	3993
3993	4304
3864	3275
3275	3864
3583	5356
5356	3583
4533	4304
4304	4533
3144	2536
2536	3144
2213	3279
3279	2213
5064	4281
4281	5064
2689	941
941	2689
1900	4838
4838	1900
1415	4500
4500	1415
2045	4887
4887	2045
5097	2139
2139	5097
3447	926
926	3447
3346	537
537	3346
2384	2536
2536	2384
1460	5265
5265	1460
1389	1939
1939	1389
1786	1482
1482	1786
2536	3854
3854	2536
1002	2078
2078	1002
1257	78
78	1257
2508	2283
2283	2508
941	3275
3275	941
1120	2424
2424	1120
347	3144
3144	347
5356	4161
4161	5356
2037	5235
5235	2037
1170	4494
4494	1170
5235	4248
4248	5235
1311	4401
4401	1311
4161	3616
3616	4161
4225	4255
4255	4225
255	3234
3234	255
4565	888
888	4565
941	4904
4904	941
5061	3486
3486	5061
4225	4276
4276	4225
817	2213
2213	817
2054	5166
5166	2054
3463	1257
1257	3463
4928	2467
2467	4928
3863	3441
3441	3863
3599	1948
1948	3599
1251	941
941	1251
4281	4672
4672	4281
1764	1816
1816	1764
970	3423
3423	970
2937	2834
2834	2937
4500	1847
1847	4500
2536	2937
2937	2536
4838	1783
1783	4838
1824	4533
4533	1824
2371	926
926	2371
2536	4240
4240	2536
3423	859
859	3423
1935	3993
3993	1935
347	1002
1002	347
2481	3616
3616	2481
2503	746
746	2503
2388	2946
2946	2388
1910	4401
4401	1910
1576	2037
2037	1576
910	358
358	910
2371	2037
2037	2371
4276	5323
5323	4276
3881	4246
4246	3881
754	926
926	754
3486	4276
4276	3486
4225	982
982	4225
4565	4932
4932	4565
1837	3979
3979	1837
4701	3077
3077	4701
1576	1460
1460	1576
1935	1314
1314	1935
2054	3077
3077	2054
2388	2977
2977	2388
3874	358
358	3874
1824	982
982	1824
2004	5356
5356	2004
804	2283
2283	804
4469	1962
1962	4469
2283	5166
5166	2283
4304	2834
2834	4304
2689	1605
1605	2689
5034	2977
2977	5034
1009	4161
4161	1009
3777	3144
3144	3777
1384	5190
5190	1384
831	3583
3583	831
1837	926
926	1837
1824	4350
4350	1824
2388	4742
4742	2388
941	4568
4568	941
1460	2035
2035	1460
5356	4350
4350	5356
880	4401
4401	880
4672	2834
2834	4672
1847	1511
1511	1847
1824	5007
5007	1824
5190	1953
1953	5190
1800	2440
2440	1800
3854	2037
2037	3854
3486	4350
4350	3486
1855	1953
1953	1855
5007	5208
5208	5007
4255	2283
2283	4255
2508	3316
3316	2508
2467	3316
3316	2467
3447	1605
1605	3447
3883	4255
4255	3883
4077	2371
2371	4077
518	545
545	518
2945	537
537	2945
817	888
888	817
4533	3854
3854	4533
5034	4304
4304	5034
2484	762
762	2484
2037	1120
1120	2037
804	1875
1875	804
3883	2937
2937	3883
440	3616
3616	440
1847	1962
1962	1847
3854	2113
2113	3854
194	2037
2037	194
2556	5235
5235	2556
4838	2977
2977	4838
2054	746
746	2054
3461	2004
2004	3461
4168	2484
2484	4168
956	1900
1900	956
3077	2447
2447	3077
5340	3463
3463	5340
2503	4246
4246	2503
1786	4568
4568	1786
1786	4276
4276	1786
3844	194
194	3844
5034	2719
2719	5034
3814	3874
3874	3814
1386	2447
2447	1386
2371	3979
3979	2371
3543	4225
4225	3543
358	1948
1948	358
2798	3864
3864	2798
672	2508
2508	672
804	5034
5034	804
5061	941
941	5061
1898	5166
5166	1898
545	1935
1935	545
4149	5333
5333	4149
4041	3630
3630	4041
2582	651
651	2582
4246	4281
4281	4246
78	1847
1847	78
4275	746
746	4275
3854	5265
5265	3854
5061	78
78	5061
4281	5333
5333	4281
754	911
911	754
1386	726
726	1386
2536	1078
1078	2536
3761	4887
4887	3761
4742	726
726	4742
4168	2283
2283	4168
3599	2937
2937	3599
2945	3279
3279	2945
2206	3271
3271	2206
2371	4320
4320	2371
941	2972
2972	941
4672	3303
3303	4672
1384	4701
4701	1384
1002	2508
2508	1002
4225	746
746	4225
4442	2113
2113	4442
3883	1053
1053	3883
2283	2834
2834	2283
2977	888
888	2977
194	1120
1120	194
1389	4275
4275	1389
2689	347
347	2689
2213	4469
4469	2213
2206	4281
4281	2206
1837	545
545	1837
1009	1053
1053	1009
3105	4248
4248	3105
3442	2798
2798	3442
5166	672
672	5166
4225	4275
4275	4225
888	4225
4225	888
2388	3061
3061	2388
789	1257
1257	789
973	1847
1847	973
2798	4350
4350	2798
4838	746
746	4838
2536	746
746	2536
1898	2467
2467	1898
1576	1384
1384	1576
926	194
194	926
1855	4350
4350	1855
4887	78
78	4887
3814	3447
3447	3814
3829	2783
2783	3829
941	2424
2424	941
1939	3275
3275	1939
4276	4932
4932	4276
2609	2536
2536	2609
2536	2582
2582	2536
2484	4565
4565	2484
2139	3275
3275	2139
1415	970
970	1415
1074	892
892	1074
545	1311
1311	545
1682	3827
3827	1682
892	2045
2045	892
4795	2035
2035	4795
1816	4568
4568	1816
2945	1953
1953	2945
2582	2035
2035	2582
3423	4672
4672	3423
2078	5265
5265	2078
4701	1251
1251	4701
2719	754
754	2719
1875	4240
4240	1875
4858	1898
1898	4858
3835	2698
2698	3835
1837	1855
1855	1837
5061	2783
2783	5061
3486	4281
4281	3486
5235	2609
2609	5235
5061	1605
1605	5061
4161	3888
3888	4161
1938	4077
4077	1938
1935	746
746	1935
5064	1605
1605	5064
1234	2582
2582	1234
2371	2937
2937	2371
1234	3346
3346	1234
203	1482
1482	203
4701	2035
2035	4701
3486	1855
1855	3486
2481	4401
4401	2481
2316	3461
3461	2316
1251	1939
1939	1251
194	4401
4401	194
2484	2037
2037	2484
208	4248
4248	208
5208	1800
1800	5208
1962	2724
2724	1962
4350	3835
3835	4350
2508	2206
2206	2508
1533	1948
1948	1533
1962	3303
3303	1962
880	5064
5064	880
4164	78
78	4164
1009	2719
2719	1009
2133	5323
5323	2133
1460	514
514	1460
1228	831
831	1228
5115	1837
1837	5115
4928	4469
4469	4928
5235	1267
1267	5235
1816	872
872	1816
1576	5007
5007	1576
3863	746
746	3863
1786	3346
3346	1786
518	1800
1800	518
3316	4276
4276	3316
5265	2037
2037	5265
1605	5166
5166	1605
1855	4275
4275	1855
3630	5333
5333	3630
789	4186
4186	789
1533	1642
1642	1533
3835	926
926	3835
4742	754
754	4742
2582	204
204	2582
1415	1898
1898	1415
4248	4164
4164	4248
1898	3184
3184	1898
352	1002
1002	352
2447	3316
3316	2447
1855	3583
3583	1855
4795	3829
3829	4795
1389	2283
2283	1389
1786	1605
1605	1786
3303	4928
4928	3303
1533	4304
4304	1533
4565	1258
1258	4565
1389	78
78	1389
4904	2834
2834	4904
4533	2619
2619	4533
1938	4442
4442	1938
4932	155
155	4932
194	1816
1816	194
1386	892
892	1386
3883	651
651	3883
3234	5235
5235	3234
2783	3543
3543	2783
1879	4542
4542	1879
1847	4542
4542	1847
2977	5356
5356	2977
1093	4255
4255	1093
2698	1855
1855	2698
4887	1258
1258	4887
3777	1251
1251	3777
1460	4500
4500	1460
1576	1955
1955	1576
3854	4276
4276	3854
926	5323
5323	926
2078	1234
1234	2078
4542	204
204	4542
514	3599
3599	514
4276	746
746	4276
3844	4281
4281	3844
3486	3447
3447	3486
1386	208
208	1386
3416	5265
5265	3416
941	746
746	941
2045	2619
2619	2045
5323	3979
3979	5323
5235	3979
3979	5235
804	1935
1935	804
3441	1953
1953	3441
1257	2945
2945	1257
672	5333
5333	672
347	1576
1576	347
2783	1824
1824	2783
1576	3275
3275	1576
537	2609
2609	537
2481	3814
3814	2481
3844	3863
3863	3844
3777	5166
5166	3777
255	149
149	255
3883	4325
4325	3883
3234	4838
4838	3234
4795	859
859	4795
2689	1898
1898	2689
537	1258
1258	537
2447	4928
4928	2447
1511	1415
1415	1511
4350	2037
2037	4350
3416	2857
2857	3416
3854	1605
1605	3854
5191	1955
1955	5191
1482	4887
4887	1482
1879	2582
2582	1879
3761	4255
4255	3761
4077	2698
2698	4077
4325	2037
2037	4325
3303	4795
4795	3303
1257	5235
5235	1257
1460	3693
3693	1460
3447	2582
2582	3447
3543	1938
1938	3543
859	2972
2972	859
4565	4304
4304	4565
2503	941
941	2503
2937	3827
3827	2937
4255	4248
4248	4255
5352	831
831	5352
5190	1078
1078	5190
1384	4500
4500	1384
970	4350
4350	970
4609	4350
4350	4609
1800	537
537	1800
545	982
982	545
2139	3827
3827	2139
5034	78
78	5034
5190	347
347	5190
3874	4225
4225	3874
4281	3077
3077	4281
3061	2977
2977	3061
3461	817
817	3461
1053	2037
2037	1053
2508	892
892	2508
2783	2113
2113	2783
888	5166
5166	888
1786	4225
4225	1786
4350	5265
5265	4350
5265	4304
4304	5265
5186	2946
2946	5186
2508	2037
2037	2508
4795	1953
1953	4795
2977	3271
3271	2977
1389	545
545	1389
3844	4276
4276	3844
1053	5235
5235	1053
3077	941
941	3077
5029	3416
3416	5029
1386	1314
1314	1386
1389	2582
2582	1389
4255	1314
1314	4255
5340	492
492	5340
2689	1786
1786	2689
3863	1533
1533	3863
4246	1953
1953	4246
440	4275
4275	440
1953	3275
3275	1953
2724	3777
3777	2724
5166	3316
3316	5166
3441	4494
4494	3441
2783	4672
4672	2783
3179	5190
5190	3179
4276	3234
3234	4276
3077	2206
2206	3077
2540	1642
1642	2540
817	4325
4325	817
3346	2937
2937	3346
1898	4634
4634	1898
2371	3616
3616	2371
910	746
746	910
155	1415
1415	155
941	5007
5007	941
4634	1786
1786	4634
1258	3777
3777	1258
1389	3486
3486	1389
2283	3275
3275	2283
347	1251
1251	347
3761	1009
1009	3761
3888	2467
2467	3888
817	2037
2037	817
1855	880
880	1855
1533	4161
4161	1533
3105	4542
4542	3105
1824	194
194	1824
4325	2035
2035	4325
5356	2857
2857	5356
3599	3179
3179	3599
4494	1078
1078	4494
1482	1415
1415	1482
4533	3416
3416	4533
1816	5029
5029	1816
926	1482
1482	926
3416	4469
4469	3416
545	2316
2316	545
2798	1786
1786	2798
2783	5190
5190	2783
3630	746
746	3630
672	2977
2977	672
1511	2045
2045	1511
4904	2937
2937	4904
4240	3853
3853	4240
1935	3416
3416	1935
2783	888
888	2783
4275	1078
1078	4275
2540	1257
1257	2540
3275	4568
4568	3275
3229	3979
3979	3229
2213	4458
4458	2213
4225	1910
1910	4225
1576	5166
5166	1576
2447	2536
2536	2447
2540	2467
2467	2540
1576	1824
1824	1576
2139	3184
3184	2139
5235	746
746	5235
1605	4904
4904	1605
910	926
926	910
2481	1384
1384	2481
4276	2937
2937	4276
2388	2719
2719	2388
2206	4401
4401	2206
2045	1955
1955	2045
804	3756
3756	804
1605	1910
1910	1605
1837	1783
1783	1837
5061	4742
4742	5061
4246	1938
1938	4246
2738	4246
4246	2738
4904	4928
4928	4904
1962	2977
2977	1962
2467	2972
2972	2467
1093	4276
4276	1093
2783	3844
3844	2783
492	1935
1935	492
2508	2945
2945	2508
3461	4168
4168	3461
3184	1093
1093	3184
3583	726
726	3583
892	4246
4246	892
926	4248
4248	926
1855	1576
1576	1855
4350	2945
2945	4350
2783	669
669	2783
2371	4168
4168	2371
1078	1855
1855	1078
2783	1910
1910	2783
892	4795
4795	892
4609	3853
3853	4609
831	545
545	831
3441	4255
4255	3441
545	194
194	545
347	2536
2536	347
1939	4568
4568	1939
4701	2798
2798	4701
545	2035
2035	545
2798	2946
2946	2798
2045	2113
2113	2045
4795	2582
2582	4795
2582	754
754	2582
1120	4425
4425	1120
892	500
500	892
4838	2689
2689	4838
1576	1074
1074	1576
1389	4494
4494	1389
3077	1251
1251	3077
2738	4469
4469	2738
2045	4533
4533	2045
1783	197
197	1783
1642	4225
4225	1642
4645	746
746	4645
1053	872
872	1053
1386	2484
2484	1386
1837	2037
2037	1837
2582	3316
3316	2582
1939	831
831	1939
2798	1009
1009	2798
3583	4248
4248	3583
4161	1847
1847	4161
4609	746
746	4609
892	817
817	892
2798	3061
3061	2798
2447	2139
2139	2447
347	1093
1093	347
545	3543
3543	545
3442	2035
2035	3442
3423	518
518	3423
804	2113
2113	804
1389	3854
3854	1389
3346	1824
1824	3346
2798	4928
4928	2798
970	2609
2609	970
892	910
910	892
3835	5323
5323	3835
2582	2113
2113	2582
4246	1935
1935	4246
3844	4225
4225	3844
3346	2556
2556	3346
1962	1605
1605	1962
194	746
746	194
5191	726
726	5191
3486	514
514	3486
3423	2481
2481	3423
2384	3979
3979	2384
4565	4246
4246	4565
3883	982
982	3883
804	817
817	804
3447	1251
1251	3447
1078	741
741	1078
2719	888
888	2719
1093	4248
4248	1093
4225	2113
2113	4225
197	3303
3303	197
789	1855
1855	789
2388	1898
1898	2388
2504	3423
3423	2504
1855	4304
4304	1855
3077	3447
3447	3077
1251	2283
2283	1251
4701	741
741	4701
2251	1267
1267	2251
1910	4838
4838	1910
1847	4481
4481	1847
2689	2508
2508	2689
1837	3105
3105	1837
1847	2206
2206	1847
537	982
982	537
1251	1642
1642	1251
1386	4425
4425	1386
4276	4304
4304	4276
1120	5356
5356	1120
4928	4119
4119	4928
352	545
545	352
482	741
741	482
3105	5356
5356	3105
2037	5333
5333	2037
204	4481
4481	204
2447	5235
5235	2447
3184	3061
3061	3184
2972	1170
1170	2972
4481	3863
3863	4481
5034	3616
3616	5034
1855	911
911	1855
1939	4672
4672	1939
347	1879
1879	347
872	4161
4161	872
5029	4838
4838	5029
4077	2139
2139	4077
2484	5034
5034	2484
1962	545
545	1962
1389	3583
3583	1389
1251	2540
2540	1251
4276	3979
3979	4276
1837	1953
1953	1837
4500	3756
3756	4500
500	1935
1935	500
3423	5352
5352	3423
1938	4565
4565	1938
4164	910
910	4164
4672	2078
2078	4672
831	4255
4255	831
1584	4442
4442	1584
2857	3441
3441	2857
746	2834
2834	746
3077	3881
3881	3077
5265	1093
1093	5265
2946	5115
5115	2946
2536	2283
2283	2536
3844	4304
4304	3844
5208	4701
4701	5208
1384	2798
2798	1384
352	4533
4533	352
5034	1962
1962	5034
1511	2540
2540	1511
1837	4672
4672	1837
4304	4320
4320	4304
4401	1053
1053	4401
1847	545
545	1847
4161	2834
2834	4161
1824	2536
2536	1824
1053	762
762	1053
789	1879
1879	789
1389	5190
5190	1389
1576	1939
1939	1576
1460	4494
4494	1460
5061	1800
1800	5061
4469	4838
4838	4469
4325	1953
1953	4325
926	4672
4672	926
3447	2536
2536	3447
2857	1910
1910	2857
4565	4255
4255	4565
1389	651
651	1389
3599	4276
4276	3599
3756	2078
2078	3756
2857	5061
5061	2857
4533	537
537	4533
3461	5097
5097	3461
2371	5029
5029	2371
888	1170
1170	888
2206	155
155	2206
1386	2035
2035	1386
1311	4609
4609	1311
4246	1258
1258	4246
2508	2972
2972	2508
3777	1855
1855	3777
817	926
926	817
3061	5208
5208	3061
5190	754
754	5190
3854	1800
1800	3854
3883	4276
4276	3883
2783	4246
4246	2783
1800	203
203	1800
4304	2540
2540	4304
347	3447
3447	347
651	4161
4161	651
3814	1314
1314	3814
203	746
746	203
2206	1948
1948	2206
4248	970
970	4248
5190	2582
2582	5190
347	4320
4320	347
2945	203
203	2945
5190	5166
5166	5190
1389	113
113	1389
1875	2977
2977	1875
4255	149
149	4255
3486	1576
1576	3486
5265	3275
3275	5265
113	941
941	113
3844	5007
5007	3844
1605	4627
4627	1605
1800	2206
2206	1800
3486	3275
3275	3486
2113	5323
5323	2113
1234	888
888	1234
2536	1900
1900	2536
726	2609
2609	726
1311	4240
4240	1311
3077	2078
2078	3077
804	2424
2424	804
3346	4838
4838	3346
5208	2037
2037	5208
2504	1074
1074	2504
4255	4928
4928	4255
2371	1783
1783	2371
1389	2540
2540	1389
2206	5265
5265	2206
1482	2834
2834	1482
3888	2384
2384	3888
2556	3756
3756	2556
4401	1605
1605	4401
1389	4533
4533	1389
2078	2689
2689	2078
1389	3835
3835	1389
4168	4634
4634	4168
5115	4701
4701	5115
1847	492
492	1847
5034	3979
3979	5034
1962	4838
4838	1962
1837	2035
2035	1837
3442	2206
2206	3442
3077	2503
2503	3077
5064	3275
3275	5064
1855	4255
4255	1855
3077	352
352	3077
3583	5007
5007	3583
4701	789
789	4701
347	4246
4246	347
2689	4225
4225	2689
203	4281
4281	203
4533	4246
4246	4533
2857	1900
1900	2857
5029	1053
1053	5029
2206	1935
1935	2206
3077	1948
1948	3077
4701	1764
1764	4701
4500	352
352	4500
3486	2078
2078	3486
1939	672
672	1939
5235	204
204	5235
1386	2037
2037	1386
1533	204
204	1533
1800	4168
4168	1800
4276	5340
5340	4276
518	4565
4565	518
3630	872
872	3630
3356	5166
5166	3356
970	3543
3543	970
5333	888
888	5333
3883	1576
1576	3883
4932	1170
1170	4932
3316	4161
4161	3316
1170	2504
2504	1170
1824	3863
3863	1824
5235	255
255	5235
3279	4325
4325	3279
3423	2283
2283	3423
2582	1078
1078	2582
440	5186
5186	440
1847	5323
5323	1847
1855	1875
1875	1855
514	2508
2508	514
3881	4119
4119	3881
1120	2689
2689	1120
5061	2724
2724	5061
3077	2834
2834	3077
3888	926
926	3888
3854	1078
1078	3854
2388	3461
3461	2388
5034	2738
2738	5034
2540	2440
2440	2540
4458	4533
4533	4458
2783	926
926	2783
4542	2977
2977	4542
4701	545
545	4701
3829	1953
1953	3829
1053	746
746	1053
1955	1311
1311	1955
4542	3864
3864	4542
5208	926
926	5208
3854	4458
4458	3854
2619	3761
3761	2619
5191	746
746	5191
892	5323
5323	892
3303	3441
3441	3303
4119	3979
3979	4119
208	3829
3829	208
1251	973
973	1251
2945	4795
4795	2945
3827	5191
5191	3827
4425	482
482	4425
5097	2937
2937	5097
2503	4164
4164	2503
3854	1584
1584	3854
4928	2937
2937	4928
1384	1837
1837	1384
1386	1824
1824	1386
2689	3777
3777	2689
2689	1824
1824	2689
892	2945
2945	892
2371	4149
4149	2371
2371	5208
5208	2371
3423	1898
1898	3423
347	4161
4161	347
1837	5265
5265	1837
2484	859
859	2484
1415	3829
3829	1415
3441	3979
3979	3441
3061	1939
1939	3061
4350	5166
5166	4350
1576	2316
2316	1576
4246	1078
1078	4246
2283	1764
1764	2283
537	1576
1576	537
1855	3275
3275	1855
4932	537
537	4932
872	1786
1786	872
2834	204
204	2834
3486	2834
2834	3486
5235	2582
2582	5235
789	2945
2945	789
2388	1605
1605	2388
5061	746
746	5061
3447	1824
1824	3447
789	888
888	789
4672	5007
5007	4672
1533	1955
1955	1533
970	208
208	970
754	203
203	754
859	4281
4281	859
5097	4645
4645	5097
347	3854
3854	347
5061	1837
1837	5061
1764	492
492	1764
2556	2619
2619	2556
3979	1824
1824	3979
982	1074
1074	982
203	1053
1053	203
3447	2937
2937	3447
4276	5166
5166	4276
1948	1074
1074	1948
1576	880
880	1576
1764	155
155	1764
2572	941
941	2572
514	113
113	514
78	2213
2213	78
669	5064
5064	669
514	2035
2035	514
2384	1389
1389	2384
1953	3853
3853	1953
1824	4246
4246	1824
2447	741
741	2447
4248	2113
2113	4248
1879	5235
5235	1879
3486	3279
3279	3486
1910	1955
1955	1910
1855	5265
5265	1855
2045	2206
2206	2045
3864	255
255	3864
203	1093
1093	203
1855	3447
3447	1855
3853	2556
2556	3853
4246	4500
4500	4246
2484	4458
4458	2484
3888	1605
1605	3888
4645	1251
1251	4645
2783	1251
1251	2783
1824	2937
2937	1824
358	2388
2388	358
4320	2609
2609	4320
5323	4672
4672	5323
3827	1898
1898	3827
4887	2689
2689	4887
3844	941
941	3844
4494	1837
1837	4494
2572	4240
4240	2572
1800	4255
4255	1800
2037	2738
2738	2037
669	859
859	669
1228	3853
3853	1228
1875	4276
4276	1875
2447	3447
3447	2447
5061	4077
4077	5061
3814	3777
3777	3814
440	1939
1939	440
1898	4255
4255	1898
3077	817
817	3077
1800	5265
5265	1800
1389	2440
2440	1389
926	2035
2035	926
2582	440
440	2582
2783	4304
4304	2783
1511	1900
1900	1511
4645	492
492	4645
2689	3441
3441	2689
3447	5265
5265	3447
3874	956
956	3874
789	3105
3105	789
1053	4240
4240	1053
1847	1935
1935	1847
2724	3543
3543	2724
5061	4609
4609	5061
3835	4645
4645	3835
4255	1258
1258	4255
982	5323
5323	982
1879	1074
1074	1879
3234	5061
5061	3234
3883	2619
2619	3883
2945	3854
3854	2945
926	1314
1314	926
1257	1939
1939	1257
1948	1228
1228	1948
5265	5166
5166	5265
4542	91
91	4542
3346	746
746	3346
2536	1314
1314	2536
3184	4276
4276	3184
880	2536
2536	880
3346	888
888	3346
2698	2857
2857	2698
2447	1855
1855	2447
1389	5064
5064	1389
804	3316
3316	804
2689	1251
1251	2689
2045	911
911	2045
1093	4168
4168	1093
2206	3275
3275	2206
3693	4500
4500	3693
514	2582
2582	514
4928	1939
1939	4928
4186	2316
2316	4186
347	926
926	347
4246	4350
4350	4246
4904	3630
3630	4904
4225	1251
1251	4225
1170	880
880	1170
741	651
651	741
4672	746
746	4672
347	1311
1311	347
91	3543
3543	91
3844	2035
2035	3844
2113	5115
5115	2113
1824	3275
3275	1824
4742	4542
4542	4742
2371	2783
2783	2371
2977	4500
4500	2977
1389	5323
5323	1389
2447	2783
2783	2447
2424	3844
3844	2424
1170	4119
4119	1170
2503	1386
1386	2503
4542	4275
4275	4542
2536	1311
1311	2536
970	3881
3881	970
1900	2834
2834	1900
1816	2977
2977	1816
2447	4494
4494	2447
2798	4077
4077	2798
2251	5007
5007	2251
2798	4887
4887	2798
1258	1314
1314	1258
1938	5208
5208	1938
2719	155
155	2719
4149	4742
4742	4149
2388	1824
1824	2388
2689	1837
1837	2689
3061	2371
2371	3061
3423	347
347	3423
1251	1816
1816	1251
1511	2582
2582	1511
1879	1939
1939	1879
2540	4795
4795	2540
2054	1257
1257	2054
1764	3864
3864	1764
5097	2484
2484	5097
3599	5265
5265	3599
3616	4932
4932	3616
5191	3835
3835	5191
2783	2283
2283	2783
1576	2283
2283	1576
1389	3756
3756	1389
1898	672
672	1898
5097	1002
1002	5097
3077	5166
5166	3077
5190	3583
3583	5190
4168	4320
4320	4168
3441	3883
3883	3441
4350	3416
3416	4350
545	1855
1855	545
4276	3179
3179	4276
789	2972
2972	789
3486	2609
2609	3486
5323	5007
5007	5323
1900	4255
4255	1900
892	4304
4304	892
926	4276
4276	926
3844	1855
1855	3844
4701	4350
4350	4701
789	1311
1311	789
4276	3442
3442	4276
817	1576
1576	817
4240	2946
2946	4240
2945	5007
5007	2945
2536	2467
2467	2536
4701	2045
2045	4701
2945	651
651	2945
888	2937
2937	888
2503	3061
3061	2503
1875	4255
4255	1875
4795	970
970	4795
3441	3144
3144	3441
982	5208
5208	982
5191	2004
2004	5191
2503	5166
5166	2503
1120	1533
1533	1120
545	3105
3105	545
2689	726
726	2689
1605	726
726	1605
2054	880
880	2054
1948	1898
1898	1948
2582	3761
3761	2582
1389	4795
4795	1389
3777	859
859	3777
3844	2937
2937	3844
3077	926
926	3077
4161	859
859	4161
880	926
926	880
4225	1605
1605	4225
4533	4276
4276	4533
941	4304
4304	941
5352	4887
4887	5352
2945	1816
1816	2945
3077	2484
2484	3077
2945	2937
2937	2945
2724	1783
1783	2724
3777	2251
2251	3777
1053	2540
2540	1053
5166	3234
3234	5166
4186	1389
1389	4186
2213	492
492	2213
5186	1311
1311	5186
4248	1415
1415	4248
2447	1605
1605	2447
347	3844
3844	347
4240	3543
3543	4240
4425	3077
3077	4425
859	3463
3463	859
4795	2798
2798	4795
1847	4742
4742	1847
2467	3303
3303	2467
2937	4458
4458	2937
941	4248
4248	941
1837	3888
3888	1837
352	5235
5235	352
1482	1258
1258	1482
651	1314
1314	651
5029	4401
4401	5029
1837	880
880	1837
545	4565
4565	545
2113	1953
1953	2113
4186	746
746	4186
1953	5166
5166	1953
3854	1415
1415	3854
3814	204
204	3814
5061	3844
3844	5061
2113	2035
2035	2113
3844	4565
4565	3844
3441	1605
1605	3441
1837	2937
2937	1837
804	4838
4838	804
3486	926
926	3486
1816	2536
2536	1816
5029	3184
3184	5029
3441	4932
4932	3441
5190	1955
1955	5190
2004	973
973	2004
1460	746
746	1460
2004	2213
2213	2004
2834	358
358	2834
3077	746
746	3077
2388	1576
1576	2388
3599	3864
3864	3599
2689	5208
5208	2689
831	1898
1898	831
3854	1533
1533	3854
4481	754
754	4481
2798	872
872	2798
5166	5208
5208	5166
1955	970
970	1955
518	2440
2440	518
2937	5323
5323	2937
1783	4401
4401	1783
817	2536
2536	817
2004	149
149	2004
3874	3275
3275	3874
3874	2972
2972	3874
982	3461
3461	982
4701	4255
4255	4701
2388	3077
3077	2388
2508	3447
3447	2508
3854	1251
1251	3854
1855	5323
5323	1855
2798	3827
3827	2798
1847	2689
2689	1847
2582	1460
1460	2582
4275	5166
5166	4275
5186	746
746	5186
5265	1267
1267	5265
3853	1879
1879	3853
4168	1953
1953	4168
1935	5166
5166	1935
1824	1078
1078	1824
4164	672
672	4164
4928	3316
3316	4928
4350	4887
4887	4350
4701	3442
3442	4701
1311	5166
5166	1311
2945	2035
2035	2945
2783	3179
3179	2783
2689	2035
2035	2689
5340	926
926	5340
5097	3234
3234	5097
4168	4645
4645	4168
1939	2035
2035	1939
4701	514
514	4701
3447	4494
4494	3447
2054	1962
1962	2054
804	3441
3441	804
3447	514
514	3447
859	982
982	859
831	1935
1935	831
2798	4627
4627	2798
3179	1170
1170	3179
2206	4246
4246	2206
4304	4932
4932	4304
1847	4627
4627	1847
4645	537
537	4645
5064	5061
5061	5064
2035	5340
5340	2035
4928	3756
3756	4928
5186	4304
4304	5186
1837	4838
4838	1837
1267	1258
1258	1267
1576	4276
4276	1576
804	2316
2316	804
2371	4276
4276	2371
1415	4255
4255	1415
203	2834
2834	203
3463	2798
2798	3463
1078	3863
3863	1078
4275	4304
4304	4275
2937	2037
2037	2937
941	926
926	941
5034	1824
1824	5034
1955	2972
2972	1955
2945	4304
4304	2945
1783	982
982	1783
1783	1898
1898	1783
1847	4281
4281	1847
1786	1251
1251	1786
4304	3863
3863	4304
5190	4246
4246	5190
1786	4533
4533	1786
4533	726
726	4533
2572	3854
3854	2572
669	3979
3979	669
4325	2724
2724	4325
1389	1824
1824	1389
926	888
888	926
3279	888
888	3279
762	5007
5007	762
4634	2504
2504	4634
2536	4248
4248	2536
4494	4275
4275	4494
1605	4276
4276	1605
1816	3844
3844	1816
2945	2251
2251	2945
1847	3864
3864	1847
4701	2719
2719	4701
4533	5265
5265	4533
2937	2035
2035	2937
4887	817
817	4887
3863	789
789	3863
1511	3543
3543	1511
1939	2724
2724	1939
956	1074
1074	956
2556	4255
4255	2556
4350	4481
4481	4350
255	5186
5186	255
4281	2572
2572	4281
4350	1642
1642	4350
1389	4932
4932	1389
5208	4186
4186	5208
2798	3874
3874	2798
545	1898
1898	545
2388	5208
5208	2388
5265	1120
1120	5265
4161	926
926	4161
347	746
746	347
2798	1953
1953	2798
537	4161
4161	537
1837	1642
1642	1837
1533	892
892	1533
2689	2037
2037	2689
4350	2113
2113	4350
1258	5007
5007	1258
2798	4542
4542	2798
4481	3442
3442	4481
4795	4887
4887	4795
4795	2037
2037	4795
804	492
492	804
2556	1783
1783	2556
2719	3835
3835	2719
4350	3599
3599	4350
5190	910
910	5190
2371	1093
1093	2371
4701	1389
1389	4701
2783	2037
2037	2783
4858	2937
2937	4858
149	789
789	149
5064	78
78	5064
5190	2113
2113	5190
2206	1953
1953	2206
1955	880
880	1955
3179	4533
4533	3179
2946	5333
5333	2946
545	4225
4225	545
2004	4609
4609	2004
4442	5097
5097	4442
4568	2484
2484	4568
3303	3761
3761	3303
4425	1898
1898	4425
1605	3777
3777	1605
347	1900
1900	347
2798	5352
5352	2798
4246	4672
4672	4246
347	2508
2508	347
537	2619
2619	537
4701	4304
4304	4701
3356	910
910	3356
3077	4350
4350	3077
3105	204
204	3105
3105	5186
5186	3105
4225	4248
4248	4225
4609	78
78	4609
3864	1910
1910	3864
1415	1935
1935	1415
2045	2283
2283	2045
910	4281
4281	910
1955	1078
1078	1955
3447	2113
2113	3447
514	5190
5190	514
4119	3630
3630	4119
3447	3993
3993	3447
1962	2972
2972	1962
4932	3105
3105	4932
804	3883
3883	804
3229	1605
1605	3229
2738	2783
2783	2738
3346	1642
1642	3346
2054	4275
4275	2054
3179	3616
3616	3179
4325	2946
2946	4325
2798	4458
4458	2798
1955	2946
2946	1955
1605	4119
4119	1605
2572	746
746	2572
762	482
482	762
1093	2467
2467	1093
4246	2609
2609	4246
5190	3275
3275	5190
2388	5235
5235	2388
1460	1824
1824	1460
1898	3105
3105	1898
5061	3864
3864	5061
2582	2540
2540	2582
3543	5265
5265	3543
2206	4350
4350	2206
1642	762
762	1642
1898	4276
4276	1898
970	1938
1938	970
1900	5061
5061	1900
3303	1939
1939	3303
5061	4276
4276	5061
2371	888
888	2371
3077	4401
4401	3077
1955	2035
2035	1955
3777	746
746	3777
2484	4494
4494	2484
2316	2619
2619	2316
4119	872
872	4119
1074	4672
4672	1074
982	204
204	982
1389	3077
3077	1389
5235	5333
5333	5235
203	2556
2556	203
3416	3756
3756	3416
2054	2045
2045	2054
2504	1938
1938	2504
545	3863
3863	545
1875	4304
4304	1875
5029	203
203	5029
3184	2206
2206	3184
2035	4672
4672	2035
352	3874
3874	352
5190	5029
5029	5190
2504	941
941	2504
1120	3827
3827	1120
4246	5115
5115	4246
1258	3077
3077	1258
4281	4248
4248	4281
1847	2582
2582	1847
2609	1800
1800	2609
1948	726
726	1948
5186	3179
3179	5186
4168	5235
5235	4168
4281	1764
1764	4281
1389	1482
1482	1389
872	5235
5235	872
1258	746
746	1258
3077	2113
2113	3077
2582	746
746	2582
1386	1389
1389	1386
2484	4276
4276	2484
3423	831
831	3423
3864	500
500	3864
4701	4320
4320	4701
1855	3854
3854	1855
1875	2582
2582	1875
1824	2037
2037	1824
1257	672
672	1257
1002	4304
4304	1002
804	3543
3543	804
5265	1816
1816	5265
1258	3271
3271	1258
3863	741
741	3863
1386	941
941	1386
2798	1605
1605	2798
2508	1855
1855	2508
1764	5115
5115	1764
1898	2133
2133	1898
2371	1386
1386	2371
4275	3863
3863	4275
4904	746
746	4904
2724	1764
1764	2724
518	91
91	518
4795	2113
2113	4795
1910	2834
2834	1910
817	3854
3854	817
3303	5265
5265	3303
358	2582
2582	358
3854	5061
5061	3854
741	2738
2738	741
2945	5186
5186	2945
1386	4838
4838	1386
1389	2251
2251	1389
1962	4248
4248	1962
4469	872
872	4469
1898	2540
2540	1898
514	1837
1837	514
3888	2946
2946	3888
3777	1875
1875	3777
3486	817
817	3486
1002	746
746	1002
1386	5208
5208	1386
4858	888
888	4858
2037	2251
2251	2037
5115	1078
1078	5115
3234	4246
4246	3234
892	2536
2536	892
4494	4904
4904	4494
1948	3883
3883	1948
1389	5007
5007	1389
3077	5323
5323	3077
2384	1900
1900	2384
762	5097
5097	762
2467	1847
1847	2467
5352	3486
3486	5352
726	2035
2035	726
2484	926
926	2484
3416	4701
4701	3416
2424	3888
3888	2424
1824	4609
4609	1824
2388	754
754	2388
2619	1074
1074	2619
1078	3693
3693	1078
1389	741
741	1389
5166	956
956	5166
2371	2504
2504	2371
910	880
880	910
1384	3486
3486	1384
4119	4320
4320	4119
2316	537
537	2316
2572	1800
1800	2572
347	789
789	347
2371	5323
5323	2371
5186	1576
1576	5186
926	1576
1576	926
1234	1824
1824	1234
5352	880
880	5352
4627	1816
1816	4627
1415	726
726	1415
2937	3279
3279	2937
2440	4225
4225	2440
789	514
514	789
4276	4240
4240	4276
204	4225
4225	204
941	4275
4275	941
2384	3827
3827	2384
1879	3461
3461	1879
831	3844
3844	831
2388	78
78	2388
5235	1170
1170	5235
4838	1251
1251	4838
2004	1953
1953	2004
2440	5265
5265	2440
1460	1642
1642	1460
754	2503
2503	754
347	1953
1953	347
1234	5029
5029	1234
651	4672
4672	651
518	2977
2977	518
3756	4186
4186	3756
5235	1939
1939	5235
817	4932
4932	817
440	2045
2045	440
3979	2388
2388	3979
2536	1935
1935	2536
859	4425
4425	859
4325	2945
2945	4325
5333	5097
5097	5333
5007	4425
4425	5007
4168	1939
1939	4168
2834	1576
1576	2834
1584	1267
1267	1584
1533	3827
3827	1533
762	5235
5235	762
1267	2619
2619	1267
5064	3463
3463	5064
4149	514
514	4149
892	926
926	892
2045	2582
2582	2045
3854	3316
3316	3854
1251	4634
4634	1251
347	537
537	347
804	537
537	804
2798	1682
1682	2798
1093	3874
3874	1093
1251	4276
4276	1251
4481	4533
4533	4481
149	880
880	149
5166	1120
1120	5166
492	5265
5265	492
4838	5265
5265	4838
2139	4568
4568	2139
2619	113
113	2619
1824	1837
1837	1824
1002	4533
4533	1002
1939	3814
3814	1939
1939	888
888	1939
5186	1955
1955	5186
2798	970
970	2798
3844	4672
4672	3844
204	4500
4500	204
789	4281
4281	789
4795	194
194	4795
2556	4838
4838	2556
2045	926
926	2045
2447	982
982	2447
4701	2977
2977	4701
3486	5265
5265	3486
3423	3144
3144	3423
5007	1938
1938	5007
2054	2371
2371	2054
1900	2054
2054	1900
3874	5166
5166	3874
4795	4255
4255	4795
746	970
970	746
4795	3077
3077	4795
4932	5034
5034	4932
1837	4350
4350	1837
3144	2213
2213	3144
1389	2035
2035	1389
5034	4481
4481	5034
3599	746
746	3599
4609	5166
5166	4609
1948	2798
2798	1948
1953	1783
1783	1953
872	4932
4932	872
4533	1605
1605	4533
3543	3447
3447	3543
1847	347
347	1847
4887	3854
3854	4887
1962	3275
3275	1962
1855	746
746	1855
4627	4609
4609	4627
5235	4275
4275	5235
2719	1953
1953	2719
1935	3863
3863	1935
5333	1786
1786	5333
1816	3356
3356	1816
2582	4304
4304	2582
4225	2467
2467	4225
2508	1824
1824	2508
1605	3316
3316	1605
3316	4542
4542	3316
352	3346
3346	352
3184	5235
5235	3184
