1938	970	0.0
5166	514	0.0
2508	2371	0.0
78	1074	0.0
4928	4645	0.0
789	1939	0.0
1898	1783	0.0
2035	3356	0.0
4858	2937	0.0
5061	1460	0.0
4425	741	0.0
2738	1053	0.0
537	4932	0.0
3077	2113	0.0
4469	1482	0.0
973	2004	0.0
4248	2619	0.0
973	1002	0.0
741	888	0.0
941	4041	0.0
1605	2035	0.0
1955	5061	0.0
941	545	0.0
3234	5235	0.0
4246	4858	0.0
4246	3756	0.0
5166	4276	0.0
970	4742	0.0
3829	2783	0.0
3271	5323	0.0
2508	4634	0.0
1009	4568	0.0
2035	91	0.0
4928	5323	0.0
1533	5097	0.0
1764	1389	0.0
872	1053	0.0
789	2283	0.0
892	926	0.454726370052
3543	1584	0.468725855655
5190	1093	0.0
347	3105	0.0
2783	2447	0.0
2783	3979	0.0
78	4904	0.0
4240	817	0.0
352	4627	0.0
651	1389	0.0
3486	5007	0.0
1576	1764	0.0
347	2619	0.0
1824	3184	0.0
3316	1009	0.0
2937	888	0.0
2556	203	0.0
2609	1800	0.0
1389	5265	0.0
5208	2504	0.0
1511	1257	0.0
2698	537	0.452141273837
4119	973	0.0
5323	2484	0.0
2508	1251	0.0
1311	113	0.0
5190	514	0.0
1855	4701	0.0
1511	1415	0.0
1389	204	0.0
1824	4742	0.0
2582	1939	0.0
4161	926	0.0
1935	4246	0.0
926	2945	0.440038165309
1764	1837	0.0
741	4742	0.0
4932	2467	0.0
2206	4533	0.0
2440	4494	0.0
911	4565	0.0
5340	2798	0.0
2316	746	0.0
2251	347	0.0
3316	4225	0.0
2133	1584	0.0
2037	4565	0.79721613897
2834	545	0.466577339864
910	3442	0.0
3844	4248	0.0
1875	2937	0.0
5034	4248	0.0
4350	4481	0.0
3844	4255	0.0
1875	4565	0.0
1764	2316	0.0
5190	1251	0.0
2977	5356	0.655871551847
1314	754	0.0
888	2619	0.0
1824	3814	0.0
5115	1764	0.0
5115	5166	0.0
3599	78	0.0
3423	859	0.0
4225	2467	0.0
347	2447	0.0
1898	2556	0.0
208	3303	0.0
1389	2619	0.0
545	352	0.0
5166	888	0.0
5208	1170	0.0
1824	4304	0.0
3888	3441	0.0
2508	4494	0.0
926	3447	0.0
1847	5323	0.0
1955	3835	0.0
4645	3543	0.0
2698	1939	0.0
831	1460	0.0
5191	5235	0.0
3441	3979	0.0
203	1800	0.0
2582	78	0.0
440	1900	0.0
1910	746	0.0
4225	2689	0.0
1074	5235	0.0
2783	741	0.0
4672	2619	0.0
746	4701	0.0
2977	4838	0.0
4568	746	0.0
4320	5265	0.0
2857	888	0.0
4672	5061	0.0
3874	3346	0.0
1078	2946	0.0
3583	3229	0.0
1415	3630	0.0
911	2045	0.0
3271	3761	0.0
1948	2503	0.0
3853	4248	0.599628985678
1258	4887	0.0
1939	2719	0.0
1078	1257	0.0
2689	880	0.0
1938	4077	0.0
1955	880	0.0
4795	3077	0.0
651	1258	0.0
3881	4240	0.0
5061	1800	0.0
1938	3346	0.0
1962	2054	0.0
4248	5235	0.0
2251	5007	0.0
5097	3346	0.0
155	2719	0.0
1386	817	0.0
1800	1855	0.0
3863	1948	0.0
3275	4701	0.0
2316	2619	0.0
669	4255	0.0
1120	5166	0.775132755295
5323	982	0.0
3423	347	0.0
1953	2689	0.0
2689	741	0.0
2384	3979	0.0
1384	1879	0.0
941	1415	0.0
3144	5064	0.0
1953	1939	0.0
3275	3827	0.0
941	4225	0.0
4325	2045	0.0
1120	194	0.0
2037	2206	0.0
1764	4481	0.0
2582	4304	0.0
4458	1879	0.0
2972	5333	0.0
2556	4838	0.0
746	5007	0.0
2388	1783	0.0
440	4255	0.0
5034	3756	0.0
5356	746	0.0
2798	2946	0.0
2977	4275	0.0
2371	1783	0.0
672	2540	0.0
4225	3543	0.0
1682	2484	0.0
208	4255	0.0
789	1855	0.0
197	514	0.0
197	2937	0.0
4568	3853	0.0
3271	149	0.0
3442	482	0.932542776181
741	4255	0.0
817	1053	0.0
4458	1837	0.0
4246	1258	0.0
1900	2384	0.0
973	2054	0.0
5166	4701	0.0
1898	1002	0.0
941	3881	0.0
2035	4350	0.0
204	4542	0.573073530973
1786	4276	0.0
1009	78	0.0
208	4168	0.0
746	347	0.0
741	2371	0.0
1576	4742	0.0
3874	4565	0.0
1847	2504	0.0
1074	4320	0.0
1267	5235	0.0
2467	3883	0.0
3356	3814	0.555911441551
1389	741	0.0
2834	2937	0.0
746	91	0.0
1511	2556	0.0
1389	4533	0.0
4565	4904	0.0
149	203	0.0
1605	3077	0.0
817	5007	0.0
78	4609	0.0
1898	4494	0.0
347	1800	0.0
4634	2504	0.0
4928	5235	0.0
1953	2536	0.0
4186	1314	0.0
4565	888	0.0
4246	1251	0.0
3486	5323	0.0
4225	982	0.0
3271	208	0.0
1576	3844	0.0
2572	2556	0.0
4255	4481	0.0
4350	5356	0.0
817	3447	0.0
741	817	0.0
926	3979	0.0
4240	5029	0.0
1764	1898	0.0
1824	4246	0.0
3863	4481	0.0
4276	1837	0.0
746	3814	0.0
1415	726	0.0
1938	5208	0.0
2251	4858	0.0
4248	754	0.60345048433
941	1386	0.0
1824	2783	0.0
789	113	0.0
4248	4320	0.0
3061	2037	0.0
941	926	0.0
5323	3077	0.0
956	3883	0.0
926	2371	0.749616078137
2582	2857	0.0
194	3835	0.0
970	3543	0.0
4350	2556	0.0
746	2384	0.0
440	4645	0.0
1576	817	0.0
4858	3630	0.0
5333	2946	0.0
3888	3777	0.0
4246	4887	0.0
4565	5061	0.0
3229	4838	0.0
1389	2283	0.0
910	5235	0.0
651	3883	0.0
941	4304	0.0
4304	5265	0.0
2508	1311	0.0
2719	4565	0.0
1576	3179	0.0
2139	3184	0.0
1847	4149	0.0
3447	2113	0.0
2213	2619	0.0
4494	973	0.0
3864	1311	0.0
4119	1386	0.0
4240	3543	0.0
1824	4609	0.0
1898	5029	0.0
2582	2536	0.0
5034	149	0.0
2689	4320	0.0
1311	3883	0.0
5352	4887	0.0
5208	1800	0.0
2582	3883	0.0
754	4481	0.0
1533	5333	0.725877157775
4568	4275	0.0
4276	78	0.0
1642	4568	0.0
2508	2536	0.0
4225	3827	0.0
2572	255	0.0
1764	2834	0.0
1953	2424	0.0
1955	4442	0.0
1386	880	0.0
892	2283	0.0
155	2206	0.0
3486	2609	0.0
982	2719	0.0
970	4320	0.0
4304	4672	0.0
1642	1584	0.462395662853
1251	2945	0.0
3442	3853	0.673200404754
941	2689	0.0
2572	2467	0.0
4350	817	0.0
492	2556	0.0
4149	4742	0.0
1605	926	0.0
1847	4161	0.0
1389	347	0.0
1953	3583	0.0
3486	2689	0.0
2572	4281	0.0
892	5356	0.47290875562
3442	2447	0.0
4276	3883	0.0
911	4350	0.0
4240	3979	0.0
3844	2206	0.0
726	1948	0.0
1642	1251	0.0
789	4320	0.0
4246	1875	0.0
2977	4542	0.551112891439
3061	4672	0.0
941	2503	0.0
5208	982	0.0
2857	3416	0.0
2582	1386	0.0
1948	880	1.0
4469	482	0.0
5166	4742	0.0
1898	2078	0.0
537	2834	0.482675357089
1120	3874	0.0
194	2481	0.0
3693	4500	0.0
3486	1855	0.0
2388	3077	0.0
2035	2283	0.0
4928	982	0.0
2582	831	0.0
2572	2689	0.0
5333	1384	0.490468056189
2213	2004	0.0
537	1251	0.0
3463	1228	1.0
1009	4425	0.43287949865
208	4320	0.0
2582	4425	0.0
1800	3077	0.0
2857	3447	0.0
2316	4186	0.0
2556	5265	0.0
545	4533	0.0
804	5265	0.0
3874	956	0.0
1511	2045	0.0
5034	4320	0.0
1267	1584	0.0
3863	1389	0.0
2045	2283	0.0
2508	3461	0.0
1898	1234	0.0
2054	2371	0.0
1935	2316	0.0
3864	2371	0.0
1389	1053	0.0
5323	2536	0.0
2798	1482	0.472799224504
1389	1482	0.0
2698	1935	0.0
3279	2213	0.0
78	2783	0.0
1935	2689	0.0
1482	3077	0.490725789414
746	831	0.0
970	2609	0.0
1314	804	0.0
2783	1800	0.0
1764	3599	0.0
1511	3441	0.0
3883	1053	0.0
2440	1314	0.0
4149	500	0.0
3271	5064	0.0
1764	926	0.0
4494	2113	0.0
1384	347	0.0
2206	2045	0.0
208	3883	0.0
1879	3853	0.0
1786	4077	0.0
3844	2783	0.0
2689	3442	0.0
1910	4795	0.0
2251	2037	0.506842049152
746	2945	0.0
78	4565	0.0
2972	545	0.0
537	3756	0.549528722977
2536	3346	0.0
5190	3543	0.0
1935	2857	0.0
741	3543	0.0
3442	4701	0.0
2689	1837	0.0
3888	4887	0.0
1900	1482	0.449171663092
1605	3441	0.0
1939	4795	0.0
5034	804	0.0
789	1460	0.0
1605	2054	0.0
941	746	0.0
1955	3423	0.0
726	2536	0.0
2035	4246	0.0
3061	2440	0.0
1511	1093	0.0
1953	4325	0.0
741	804	0.0
1816	3356	0.0
5166	2283	0.0
2440	4500	0.0
2689	3777	0.0
352	5235	0.0
1009	4565	0.558317582414
3761	3303	0.0
1002	2078	0.0
2937	5235	0.0
1935	4609	0.0
1257	4481	0.0
2977	4500	0.0
4161	5191	0.0
4225	4481	0.0
5097	2719	0.0
4149	5235	0.0
2719	888	0.0
3486	4928	0.0
5208	194	0.0
1576	2798	0.0
2054	4281	0.0
1511	4225	0.0
2035	926	0.0
5061	2113	0.0
3854	1837	0.0
3275	514	0.0
1824	1386	0.0
1953	3777	0.0
3316	1093	0.0
2484	5029	0.0
3616	2283	0.0
672	1910	0.0
1837	2447	0.0
5190	5061	0.0
3279	4240	0.0
3275	3179	0.0
1386	2467	0.0
3442	1228	0.0
2689	1170	0.0
4276	2719	0.0
4240	1948	0.0
982	3423	0.0
4119	1267	0.0
746	2783	0.0
1764	4533	0.0
5166	1939	0.0
3144	500	0.0
5186	1093	0.0
3184	5029	0.0
78	4533	0.0
3441	3234	0.0
1948	2206	0.0
1074	1093	0.0
1824	5323	0.0
5166	3777	0.0
1824	2540	0.0
3888	255	0.0
2037	754	0.601643929624
1267	3756	0.0
3583	3761	0.0
545	5235	0.0
956	2037	0.0
4275	5235	0.0
726	2689	0.0
2783	5265	0.0
514	3346	0.0
5356	2371	0.723558022968
1002	4481	0.0
941	2536	0.0
4565	2945	0.461864595841
2035	2508	0.0
2857	4246	0.0
4246	2719	0.0
1824	892	0.0
2719	5061	0.0
1605	3854	0.0
1576	1855	0.0
754	1234	0.0
1953	2133	0.0
4565	3814	0.0
941	2783	0.0
910	1955	0.0
1935	3416	0.0
3279	4325	0.0
2139	500	0.0
5166	4609	0.0
941	3853	0.0
3486	4276	0.0
155	78	0.0
746	1460	0.0
910	2316	0.0
746	1584	0.0
4246	1837	0.0
746	3883	0.0
1898	746	0.0
1824	1460	0.0
746	4672	0.0
5166	5061	0.0
3486	1460	0.0
5356	3979	0.0
3888	4248	0.0
2556	2619	0.0
2467	2937	0.0
4077	1962	0.0
1938	2283	0.0
1533	3463	0.0
1078	741	0.0
2440	5034	0.0
3599	3279	0.0
3888	2719	0.0
726	880	0.0
1258	4533	0.0
2834	831	0.0
2371	888	0.0
2508	926	0.0
2536	3756	0.0
1389	2689	0.0
347	804	0.0
4494	3303	0.0
4932	5265	0.0
2035	746	0.0
1786	4634	0.0
4350	2206	0.0
1939	5265	0.0
3486	2037	0.0
5097	1879	0.0
926	2447	0.0
5340	1855	0.0
255	3853	0.0
3854	347	0.0
2582	4164	0.0
1576	4701	0.0
2440	926	0.0
4276	2945	0.0
2481	5190	0.0
2424	4281	0.47315211376
4565	2504	0.0
3486	4742	0.0
1953	672	0.0
518	2798	0.0
2689	817	0.0
208	2556	0.0
3829	4281	0.0
2689	1875	0.0
746	1837	0.0
2316	5007	0.0
2139	3827	0.0
4928	2798	0.0
3993	746	0.0
4469	4281	0.0
1389	4795	0.0
5166	2054	0.0
2484	2719	0.0
1605	2783	0.0
3616	4627	0.0
2724	5061	0.0
5340	4240	0.0
1786	3853	0.0
3979	2536	0.0
4325	1258	0.0
4742	2536	0.0
2037	2937	0.0
537	4533	0.0
762	5007	0.0
514	2037	0.0
1898	672	0.0
2139	4469	0.0
4161	859	0.0
2834	4500	0.0
2035	5166	0.0
3844	2481	0.0
4320	888	0.0
2424	2536	0.0
5323	3777	0.0
1078	5235	0.0
911	2857	0.0
1955	347	0.0
1953	1837	0.0
911	3179	0.0
1953	2447	0.0
4645	3463	0.0
2556	347	0.0
2582	2045	0.0
5115	2004	0.0
651	5235	0.0
5190	2037	0.0
2738	1267	0.0
2388	78	0.0
4240	5007	0.0
3061	2045	0.0
2783	1053	0.0
2508	2424	0.0
2484	3077	0.0
3844	4742	0.0
4609	5061	0.0
746	2619	0.0
2719	2113	0.0
970	4248	0.0
4164	2004	0.0
3303	5265	0.0
2977	5029	0.532047027723
3144	2536	0.0
4458	1093	0.0
4609	3077	0.0
537	1816	0.0
1900	4481	0.0
892	5323	0.0
2054	4248	0.0
1898	3827	0.0
1002	2945	0.0
208	4634	0.0
1953	4246	0.0
1682	1093	0.0
1938	3423	0.446435067155
208	5007	0.0
2467	545	0.0
3316	4542	0.0
5352	669	0.0
5323	1386	0.0
3599	726	0.0
5190	741	0.0
2689	5265	0.0
1642	1900	0.0
2371	4742	0.0
78	1170	0.0
2508	3447	0.0
3416	5265	0.0
5190	5007	0.0
941	3275	0.0
2556	1584	0.0
5190	1314	0.0
4425	817	0.0
789	3077	0.0
754	5064	0.0
4119	754	0.0
1460	4533	0.0
3275	5186	0.0
2798	4627	0.0
4442	5097	0.0
2508	746	0.0
1576	2283	0.0
1389	2945	0.0
3543	3077	0.0
1847	872	0.0
2738	4276	0.0
78	4469	0.0
4248	2113	0.0
3854	1898	0.0
113	4542	0.470350416882
4320	5061	0.0
892	5186	0.0
669	3979	0.0
1120	2440	0.0
1824	2206	0.0
2467	3234	0.0
726	926	0.0
1939	1879	0.0
514	741	0.0
2937	2447	0.0
194	1816	0.0
3888	2206	0.0
1764	3077	0.0
5333	2037	0.875012149208
3853	3356	0.0
726	1053	0.0
1389	3077	0.0
1251	2783	0.0
2388	3883	0.0
3854	1800	0.0
1311	4248	0.0
2037	2045	0.0
1642	1415	0.0
3229	4325	0.0
1898	4481	0.0
1642	4248	0.486235978697
204	5029	0.55096557972
892	5190	0.0
2582	358	0.0
2316	3416	0.0
789	3827	0.0
3441	2467	0.0
2857	762	0.0
4565	203	0.0
3543	888	0.0
4225	78	0.0
155	2540	0.0
888	4627	0.0
672	3630	0.0
4240	2283	0.0
4225	973	0.0
4425	762	0.0
537	651	0.0
5190	4742	0.0
5323	2834	0.0
2388	3441	0.0
2035	2689	0.0
2440	352	0.0
911	2536	0.0
1642	4304	0.0
4240	1837	0.0
2447	3077	0.0
1642	888	0.0
892	2206	0.0
5190	4672	0.0
78	1800	0.0
1078	926	0.0
194	1267	0.0
1847	4500	0.0
4149	545	0.0
3486	1234	0.0
789	1386	0.0
1948	1228	1.0
1642	2556	0.0
2424	2798	0.0
3864	4627	0.0
4161	4320	0.0
651	2536	0.0
2783	4255	0.0
4568	2619	0.0
1605	4795	0.0
982	2467	0.0
2582	4275	0.0
3316	5235	0.0
2556	5064	0.0
1170	3463	0.0
194	1384	0.0
2945	4701	0.0
2798	1228	0.0
2783	3179	0.0
1386	4248	0.0
2738	3761	0.0
5190	3447	0.0
1824	3346	0.0
4276	4320	0.0
78	2619	0.0
941	3316	0.0
4225	352	0.0
4645	500	0.0
970	746	0.0
4838	1093	0.0
5190	4275	0.0
2508	4350	0.0
4350	3853	0.0
1837	1816	0.0
2977	1533	0.655871551847
1935	1642	0.0
2054	2045	0.0
3275	3864	0.0
4276	4281	0.0
1824	3316	0.0
208	892	0.0
4225	4255	0.0
2316	1837	0.0
4742	3303	0.0
3979	804	0.0
1170	4742	0.0
2045	2945	0.0
4276	1386	0.0
2467	2556	0.0
2698	3543	0.457124385901
1002	762	0.0
2371	880	0.0
5007	3303	0.0
3442	4325	0.0
3423	3756	0.46365194086
2037	4481	0.0
1764	2724	0.0
3756	3346	0.0
2946	4609	0.0
762	1053	0.0
2035	2536	0.0
5034	1002	0.0
4225	204	0.0
2371	4248	0.814793960796
3616	4932	0.0
2035	3854	0.0
3441	1093	0.0
1962	4838	0.0
3077	4281	0.0
911	3447	0.0
1605	2371	0.0
5356	1170	0.725877157775
3874	2798	0.0
4350	5323	0.0
3583	892	0.0
2977	2945	0.434493510059
1948	1879	0.0
4168	4325	0.0
3630	5333	0.0
1953	746	0.0
4494	1939	0.0
1935	1415	0.0
726	3077	0.0
347	1816	0.0
3441	347	0.0
4838	1783	0.0
926	4672	0.0
347	1093	0.0
2037	5265	0.0
1511	2467	0.0
3761	4255	0.0
3234	4742	0.0
5166	2508	0.0
2582	2504	0.0
2484	1460	0.0
4255	2045	0.0
5186	3979	0.0
4627	2945	0.0
5190	4320	0.0
1009	2798	0.0
1389	1234	0.0
1257	4645	0.0
2388	514	0.0
1938	4627	0.0
545	1093	0.0
817	5265	0.0
3179	3447	0.0
440	1939	0.0
4928	4255	0.0
1576	347	0.0
1251	4701	0.0
4276	4904	0.0
1605	1837	0.0
1837	804	0.0
2572	1783	0.0
1682	1816	0.0
2556	3346	0.0
5115	4701	0.0
926	4320	0.0
817	4627	0.0
4320	804	0.0
1078	1584	0.0
1078	4246	0.0
2945	2283	0.0
3583	2719	0.0
1938	4565	0.520441678064
208	970	0.0
5166	2206	0.0
5208	3844	0.0
2035	726	0.0
741	2054	0.0
1389	2556	0.0
2467	2540	0.0
347	4281	0.0
4838	1855	0.0
4225	1267	0.0
5356	5265	0.0
982	3883	0.0
672	2133	0.0
4932	817	0.0
1384	4500	0.0
956	2689	0.0
1576	5007	0.0
197	1783	0.0
4533	5265	0.0
4276	1258	0.0
2251	3442	0.598837204421
3599	3864	0.0
78	4701	0.0
5208	1910	0.0
1935	492	0.0
3279	514	0.0
194	3844	0.0
5340	1258	0.0
1311	2946	0.0
741	1837	0.0
5166	2371	0.0
1939	3303	0.0
1847	2206	0.0
4928	3756	0.0
2738	741	0.0
1234	4701	0.0
2467	754	0.0
2283	4281	0.0
4246	4701	0.0
2719	2937	0.0
3105	204	0.83100542679
1576	2037	0.0
1824	726	0.0
4932	2798	0.0
2440	2945	0.0
4168	4645	0.0
5166	1837	0.0
3486	78	0.0
149	2371	0.0
2467	4320	0.0
3144	2834	0.562964848151
4225	2447	1.0
3279	2798	0.0
926	754	0.557282282578
2857	5097	0.0
4350	2037	0.0
3616	4795	0.0
4742	2113	0.0
197	2508	0.0
3829	2556	0.0
1816	1855	0.0
2689	926	0.0
1955	518	0.0
4255	1093	0.0
2582	2689	0.0
3854	1074	0.0
4304	4565	0.0
4168	2484	0.0
1955	2946	0.0
1875	2283	0.0
2388	1898	0.0
4225	208	0.0
4325	4742	0.0
1605	1786	0.0
1955	4276	0.0
3864	2946	0.0
5191	1053	0.0
2316	2503	0.0
4276	545	0.0
2424	789	0.0
1460	3184	0.0
3442	2945	0.554174066027
4742	4481	0.0
5186	746	0.0
358	3105	0.550829568483
2440	1898	0.0
2698	1384	0.453082501911
956	1875	0.0
2045	2113	0.0
3616	1800	0.0
4119	500	0.0
2054	2619	0.0
817	1800	0.0
2724	1093	0.0
2937	4481	0.0
941	3844	0.0
5333	2945	0.467296126808
194	4542	0.0
2388	2719	0.0
3863	2536	0.0
2424	880	0.0
4246	4494	0.0
3234	4500	0.0
669	5064	0.0
5166	545	0.0
5034	4565	0.0
5064	4281	0.0
3844	4645	0.0
1847	2467	0.0
440	746	0.0
1875	3853	0.0
1764	4742	0.0
1955	5190	0.0
1093	5265	0.0
3888	4281	0.0
347	5061	0.0
4568	1234	0.0
2440	545	0.0
2035	2045	0.0
4350	4565	0.0
1824	4701	0.0
2582	2113	0.0
746	2213	0.0
3316	2504	0.0
880	4904	0.0
518	352	0.0
1605	5064	0.0
1257	5333	0.0
1764	2619	0.0
4494	1258	0.0
1953	4533	0.0
2508	872	0.0
4928	3077	0.0
2440	5265	0.0
2206	2113	0.0
3486	2719	0.0
5097	2536	0.0
78	2536	0.0
1764	1786	0.0
746	4469	0.0
5166	4932	0.0
1605	888	0.0
910	669	0.0
1415	970	0.0
5208	5166	0.0
4320	4742	0.0
4494	926	0.0
4458	4320	0.0
3543	4627	0.0
982	4255	0.0
4928	1900	0.0
4401	4168	0.0
4320	2078	0.0
3144	1314	0.0
3275	5323	0.0
4928	2206	0.0
2582	1002	0.0
4255	817	0.0
2857	492	0.0
545	2619	0.0
4609	1584	0.509763051458
5034	2371	0.0
1384	5265	0.0
1642	4276	0.0
4904	5029	0.0
4350	3777	0.0
1837	4275	0.0
1093	4481	0.0
2045	4887	0.0
1824	2035	0.0
1953	2113	0.0
3883	4533	0.0
2213	352	0.0
3874	3184	0.0
545	3077	0.0
3275	500	0.0
2035	78	0.0
941	2251	0.0
926	2619	0.0
4077	2213	0.0
4304	4701	0.0
941	4275	0.0
982	2484	0.0
2484	2371	0.0
3854	2536	0.0
4246	4672	0.0
1939	4168	0.0
1415	2447	0.0
1955	1576	0.0
2206	5265	0.0
5333	804	0.0
1257	3077	0.0
1576	2783	0.0
2388	4500	0.0
2834	1482	0.477084412264
1955	482	0.0
2467	347	0.0
1939	4904	0.0
651	1386	0.0
1258	762	0.0
1257	2536	0.0
1837	2724	0.0
3486	2503	0.0
2037	3756	0.482740541269
1078	4240	0.0
2977	518	0.467540801934
2582	2540	0.0
3829	2798	0.0
1764	1093	0.0
2857	726	0.0
2283	3077	0.0
1824	3543	0.0
4458	1855	0.0
973	1251	0.0
3441	4281	0.0
1311	2037	0.0
1764	2582	0.0
208	3229	0.0
926	1267	0.0
78	4887	0.0
1311	2447	0.0
4275	4542	0.0
1078	2037	0.0
1953	4276	0.0
746	4565	0.0
2719	5265	0.0
3144	926	0.536081935583
2857	5007	0.470895163879
2206	1800	0.0
1837	880	0.0
3105	5235	0.0
3829	208	0.0
1078	2384	0.0
726	500	0.0
4350	4887	0.0
5166	5186	0.0
1257	2689	0.0
3761	4240	0.0
1389	3756	0.0
1898	3105	0.0
1386	2484	0.0
4568	4164	0.0
1900	5061	0.0
3864	255	0.0
1962	1783	0.0
4672	1093	0.0
1824	5265	0.0
1953	514	0.0
2724	1783	0.0
3630	4255	0.0
872	2503	0.0
941	1533	0.0
3583	3756	0.0
3616	3993	0.0
1898	155	0.0
3761	2798	0.0
3616	2054	0.0
1511	5235	0.0
2834	4672	0.0
2937	3077	0.0
1533	3827	0.0
2977	3061	0.0
1953	2945	0.0
2937	3883	0.0
5034	2719	0.0
5166	4568	0.0
746	2937	0.0
3693	2078	0.0
1605	1093	0.0
2689	4838	0.0
4168	5007	0.0
1847	1384	0.0
4928	3303	0.0
4350	2004	0.0
2213	1170	0.0
5333	2724	0.0
4469	762	0.0
1120	746	0.0
2440	817	0.0
3271	2536	0.0
3630	1002	0.0
3854	1875	0.0
1314	2945	0.0
347	4481	0.0
4119	3234	0.0
1682	113	0.0
537	4928	0.0
3616	926	0.0
1002	2503	0.0
4401	1783	0.0
2045	3303	0.0
2556	1384	0.0
4932	4858	0.0
3844	4225	0.0
3993	5034	0.0
3835	3423	0.0
2424	4276	0.0
3441	3863	0.0
1955	1786	0.0
545	5029	0.450858084793
3275	1460	0.0
3442	4838	0.0
3229	4481	0.0
4458	804	0.0
1386	3229	0.0
1228	1093	0.0
4276	5061	0.0
2424	2719	0.0
1002	5265	0.0
746	2045	0.0
78	1257	0.0
1251	3077	0.0
5356	1386	0.0
3844	1816	0.0
4225	2556	1.0
1576	2388	0.0
892	4255	0.0
1898	2484	0.0
3777	4320	0.0
3486	492	0.0
2388	970	0.0
941	5186	0.0
3441	2937	0.0
2783	4672	0.0
2035	2582	0.0
3316	1939	0.0
3144	1584	0.0
888	2283	0.0
789	78	0.0
4494	746	0.0
2738	5333	0.0
2977	3423	0.450540311044
5061	817	0.0
1786	4568	0.0
149	880	0.0
2388	5340	0.0
5323	4701	0.0
4246	872	0.0
1764	2424	0.0
4168	2213	0.0
2738	5034	0.0
4320	2113	0.0
5034	1855	0.0
1935	2972	0.0
880	204	0.0
1962	746	0.0
1939	1074	0.0
2582	817	0.0
4276	2536	0.0
1234	5029	0.0
2738	358	0.0
4161	5029	0.0
746	2037	0.0
1898	2783	0.0
2037	4672	0.0
3777	2054	0.0
1576	4246	0.0
2536	4481	0.0
3616	1953	0.0
4350	5190	0.0
1078	789	0.0
3854	817	0.0
3441	2447	0.0
5323	5356	0.0
3316	3883	0.0
910	746	0.0
4494	4149	0.0
4458	2937	0.0
5034	1234	0.0
2213	4742	0.0
2582	970	0.0
1837	4565	0.0
1576	3543	0.0
1816	5029	0.0
982	4542	0.0
3061	1258	0.0
2316	500	0.0
5208	2536	0.0
672	1879	0.0
1935	2467	0.0
3863	4565	0.0
2698	4481	0.0
2133	2536	0.0
5034	5333	0.0
726	2609	0.0
4276	1093	0.0
1415	872	0.0
1511	2724	0.0
3583	5186	0.0
5191	518	0.0
1389	113	0.0
1415	4186	0.0
910	1482	0.502343088901
2440	4350	0.0
78	4255	0.0
2798	4565	0.0
194	1910	0.0
1910	2783	0.0
1764	4248	0.0
3883	2619	0.0
3693	5265	0.0
5323	4304	0.0
1879	3461	0.0
347	2536	0.0
746	4481	0.0
1847	1879	0.0
1938	4928	0.0
3486	2619	0.0
78	4164	0.0
911	956	0.0
1078	1824	0.0
2206	5007	0.0
5352	970	0.0
1386	2536	0.0
197	926	0.474226967686
2724	4565	0.0
4168	1053	0.0
4246	2783	0.0
2467	1900	0.0
746	1800	0.0
3993	4304	0.0
2609	4320	0.0
2783	2937	0.0
4276	3756	0.0
4240	1093	0.0
2388	4041	0.0
941	1078	0.0
2316	1074	0.640800377701
741	2447	0.0
746	804	0.0
726	1855	0.0
3441	3184	0.0
440	4325	0.0
4442	746	0.0
926	4255	0.0
1837	5007	0.0
3761	1257	0.0
3486	1384	0.0
4276	3442	0.0
3854	4276	0.0
4858	2536	0.0
941	1783	0.0
2834	203	0.0
4276	4304	0.0
3864	5265	0.0
3144	3416	0.0
746	3346	0.0
941	492	0.0
3693	926	0.0
3844	4276	0.0
537	2316	0.48553005746
1314	5235	0.0
4276	741	0.0
1576	1311	0.0
5190	1837	0.0
352	4481	0.0
3854	2834	0.0
492	4500	0.0
4276	1939	0.0
4672	4281	0.0
5186	3179	0.0
1314	5265	0.0
3486	3814	0.0
2004	4609	0.794374066544
358	3874	0.0
1898	3993	0.0
2384	1584	0.0
1962	2724	0.0
3881	1898	0.0
5166	5235	0.0
3888	2424	0.0
2582	2556	0.0
358	1783	0.0
4276	5340	0.0
2035	4672	0.0
956	2054	0.0
1935	5097	0.0
5352	255	0.0
4246	3423	0.0
1837	4281	0.0
2251	3864	0.0
4186	5007	0.0
5340	500	0.0
514	2045	0.0
4795	2037	0.46413237851
3486	3883	0.0
1837	4701	0.0
3275	817	0.0
1824	2536	0.0
2834	926	0.749616078137
5208	1386	0.0
1415	3144	0.0
358	1533	0.522038325168
4634	4255	0.0
1074	1267	0.0
1824	982	0.0
3881	208	0.0
2724	4904	0.0
2035	514	0.0
910	3356	0.0
4701	5007	0.0
2035	1384	0.0
4240	4281	0.0
2977	4701	0.0
4442	2113	0.0
1910	1093	0.0
358	1948	0.0
4164	1093	0.0
2206	2937	0.0
4119	2798	0.0
4304	4275	0.0
1389	3543	0.0
2133	2689	0.0
2937	2540	0.0
4481	4533	0.0
2556	2540	0.0
1120	3827	0.0
2945	1800	0.0
2139	1093	0.0
1120	4281	0.0
2556	5235	0.0
1009	888	0.0
1764	492	0.0
746	1093	0.0
3441	4627	0.0
1682	2371	0.473669663912
4858	4701	0.0
1576	2054	0.0
2945	3077	0.0
4161	4186	0.0
1074	3105	0.6892394784
4494	2316	0.0
1786	1482	0.0
941	726	0.0
3275	2206	0.0
789	2946	0.0
537	1800	0.0
1824	2945	0.0
2371	2504	0.0
1251	2447	0.0
2467	4481	0.0
1389	4275	0.0
1078	1311	0.0
1939	741	0.0
3271	4041	0.0
5190	2719	0.0
5115	3761	0.0
754	203	0.0
2582	3463	0.0
941	4325	0.0
2972	4161	0.0
1170	3179	0.0
2467	5061	0.0
2139	2798	0.0
3844	926	0.0
4795	5235	0.0
1074	1783	0.0
2609	2536	0.0
941	2504	0.0
2504	4281	0.0
3275	926	0.0
1900	2536	0.0
2783	4533	0.0
3761	4186	0.0
4458	204	0.0
926	3179	0.0
4276	4795	0.0
2572	1053	0.0
982	3346	0.0
1386	4565	0.0
3761	1009	0.561167183466
4164	1234	0.0
1764	2447	0.0
3423	4500	0.0
2798	4542	0.0
78	4742	0.0
1389	1533	0.0
4246	545	0.0
3844	1074	0.0
4161	2724	0.0
2004	2371	0.723500870132
3061	4542	0.445115444212
3835	4149	0.0
892	4795	0.446965643741
4350	4701	0.0
5352	880	0.0
1605	1002	0.0
3316	208	0.0
5190	3442	0.0
2371	4904	0.0
817	2540	0.0
1386	4795	0.0
3442	4672	0.0
4255	5061	0.0
1955	3814	0.0
4350	91	0.0
3693	4041	0.0
4276	3105	0.0
2206	3184	0.0
1389	4565	0.0
1170	3979	0.0
789	4795	0.0
5097	2946	0.0
1910	2536	0.0
941	741	0.0
4119	4904	0.0
3854	2937	0.0
4494	3229	0.0
2783	2371	0.0
4494	817	0.0
4246	2206	0.0
4568	1389	0.0
4494	1386	0.0
926	2724	0.0
1955	2045	0.0
3844	831	0.0
3864	1314	0.0
1764	2945	0.0
5190	804	0.0
5190	5265	0.0
3854	5061	0.0
754	4565	0.59395604388
1386	4838	0.0
4119	1170	0.0
518	3814	0.0
3756	5235	0.0
3279	4565	0.0
1257	926	0.0
1170	888	0.0
3829	4795	0.0
1816	1783	0.0
2783	514	0.0
2572	4246	0.0
3844	4887	0.0
3271	4255	0.0
1389	1939	0.0
1605	2508	0.0
5166	2783	0.0
1386	2945	0.0
2556	3756	0.0
1576	78	0.0
888	5064	0.0
2440	1837	0.0
741	1800	0.0
2481	2540	0.0
4248	4281	0.529292462876
347	3447	0.0
2481	5235	0.0
2213	817	0.0
2133	5235	0.0
3486	926	0.0
4481	3827	0.0
741	2719	0.0
4928	2467	0.0
2977	3316	0.0
2719	5235	0.0
741	5265	0.0
2440	4442	0.0
2508	2484	0.0
1533	1948	0.0
2937	4627	0.0
3441	4168	0.0
2388	4304	0.0
789	2619	0.0
5208	2689	0.0
3423	804	0.0
2440	1800	0.0
518	2484	0.0
2972	4281	0.0
5115	4246	0.0
4568	78	0.0
1962	3303	0.0
2798	5061	0.0
2467	2834	0.0
1074	4481	0.0
3275	5235	0.0
3599	1584	0.0
4255	3346	0.0
1605	1910	0.0
1415	1482	0.0
2035	3756	0.0
926	347	0.0
518	3827	0.0
3599	91	0.0
1251	817	0.0
78	817	0.0
3616	440	0.0
4350	746	0.0
78	4281	0.0
1120	3077	0.0
1847	1800	0.0
3441	4494	0.0
3271	2689	0.0
2582	1875	0.0
4304	4533	0.0
3863	4275	0.0
3844	3630	0.0
4494	3179	0.0
78	651	0.0
4275	2619	0.0
2719	4255	0.0
4276	5235	0.0
4568	4161	0.0
4568	545	0.0
2424	2371	0.730466107187
194	4248	0.0
1605	726	0.0
2582	4325	0.0
5323	347	0.0
5166	3874	0.0
4458	1460	0.0
5034	3979	0.0
1120	4609	0.0
3835	4350	0.0
4858	3756	0.0
2388	1962	0.0
5166	741	0.0
1576	2540	0.0
3599	1948	0.0
789	2113	0.0
926	500	0.0
2508	3316	0.0
3888	2384	0.0
3888	2834	0.0
5190	2054	0.0
4568	3442	0.0
492	1234	0.0
1900	4255	0.0
3077	2078	0.0
5190	2945	0.0
5352	831	0.0
1837	2045	0.0
2582	4795	0.0
1605	4634	0.0
4168	5064	0.0
5064	1460	0.0
1642	2045	0.0
4255	4672	0.0
2738	2719	0.0
492	831	0.0
482	2503	0.0
1605	3447	0.0
1460	4500	0.0
3486	1800	0.0
973	2798	0.0
973	2206	0.0
3599	4255	0.0
726	4164	0.0
2556	4701	0.0
3881	970	0.0
3105	1800	0.0
789	4281	0.0
3275	4742	0.0
2937	4255	0.0
1898	1093	0.0
746	859	0.0
1386	1879	0.0
3316	1533	0.0
4246	651	0.0
440	4275	0.0
3864	3777	0.0
2440	78	0.0
5208	4565	0.0
1228	2540	0.0
3275	4275	0.0
2388	2619	0.0
941	4904	0.0
4325	2945	0.0
2139	1002	0.0
2719	2371	0.0
492	3184	0.0
2388	1837	0.0
5029	3756	0.460499864882
1053	4481	0.0
2834	4904	0.0
982	804	0.0
4568	2484	0.0
4320	2536	0.0
3061	1533	0.0
208	5235	0.0
4276	4240	0.0
726	4742	0.0
1576	5190	0.0
2251	2371	0.506842049152
4304	2798	0.0
5356	817	0.0
2972	149	0.0
3275	5007	0.0
2582	2503	0.0
4225	1251	0.0
3105	5265	0.0
4248	2078	0.723615514205
910	3271	0.0
1576	3275	0.0
204	4500	0.0
5166	1948	0.775132755295
1764	746	0.0
2206	880	0.0
1576	2206	0.0
1386	4645	0.0
2857	1910	0.0
2972	2536	0.0
4246	4565	0.0
4442	500	0.0
1314	4672	0.0
888	203	0.0
1786	5166	0.0
4928	4904	0.0
5034	2783	0.0
892	3303	0.0
4248	4609	0.850741536107
1955	2035	0.0
4246	892	0.0
2619	1482	0.502343088901
5190	1228	0.0
3061	3599	0.0
2133	1783	0.0
2698	4077	0.0
155	2536	0.0
514	3543	0.0
3616	1682	0.0
4149	2384	0.0
3316	3441	0.0
888	762	0.0
5166	5007	0.0
2424	347	0.0
2738	817	0.0
892	2045	0.0
2619	5265	0.0
3346	5235	0.0
2972	3864	0.0
789	817	0.0
789	2689	0.0
4932	155	0.0
5340	1228	0.0
2945	5265	0.0
3275	1837	0.0
2977	1855	0.0
3279	3756	0.515721785457
194	545	0.0
2467	4469	0.0
2582	2972	0.0
3835	3543	0.0
1824	194	0.0
2004	500	0.0
1847	347	0.0
2719	3105	0.0
3853	1228	0.0
1002	352	0.0
1258	3416	0.0
1786	2937	0.0
1576	4672	0.0
3599	5340	0.0
817	3077	0.0
2556	2504	1.0
5356	1879	0.0
4164	4500	0.0
1786	4255	0.0
1955	1078	0.0
1415	4568	0.0
2937	5061	0.0
2508	3346	0.0
2481	500	0.0
5356	1837	0.0
982	859	0.0
78	2447	0.0
3275	2609	0.0
3229	4887	0.0
1251	1939	0.0
746	4320	0.0
1786	1251	0.0
1389	1875	0.0
1816	5265	0.0
347	3883	0.0
3416	2113	0.0
4932	3543	0.0
970	3423	0.0
2045	804	0.0
4645	2945	0.0
4304	2283	0.0
5166	4494	0.0
1251	2619	0.0
1384	4701	0.0
2582	1879	0.0
197	2481	0.0
2937	4565	0.0
3442	4425	0.554174066027
2035	4565	0.0
762	5029	0.0
911	3814	0.0
4246	1962	0.0
203	1053	0.0
3144	3423	0.0
2738	1389	0.0
1605	1898	0.0
5061	5265	0.0
1002	4533	0.0
1847	3303	0.0
4401	5029	0.0
3883	5029	0.0
746	1053	0.0
492	804	0.0
2582	754	0.0
2738	3275	0.0
3461	5064	0.0
3854	1251	0.0
4858	3229	0.0
2133	2213	0.0
4795	746	0.0
911	2977	0.0
2689	5007	0.0
1962	2945	0.0
1074	1879	0.0
3275	2045	0.0
4401	3316	0.0
1898	347	0.0
4932	4164	0.0
2004	3461	0.492967108547
1415	4255	0.0
1120	5265	0.0
1605	4627	0.0
2783	3693	0.0
1962	1460	0.0
2834	1900	0.0
2206	2536	0.0
4276	514	0.0
872	2504	0.0
910	5190	0.0
4350	2945	0.0
2388	5061	0.0
746	3077	0.0
5333	4255	0.0
3864	352	0.0
4494	5265	0.0
358	1898	0.0
789	888	0.0
2481	1384	0.0
2783	3105	0.0
2467	3447	0.0
1837	4481	0.0
2440	3883	0.0
2582	3105	0.0
3630	4904	0.0
1311	2945	0.0
3463	859	0.0
3854	3303	0.0
1078	4469	0.0
2035	789	0.0
3844	5323	0.0
1415	1962	0.0
5166	3844	0.0
3543	1258	0.0
5208	1953	0.0
78	1939	0.0
1953	2283	0.0
149	4469	0.0
4568	3179	0.0
973	1800	0.0
817	3416	0.0
78	3447	0.0
4701	1584	0.0
4240	1875	0.0
3442	2206	0.0
4077	4119	0.0
4858	973	0.0
1074	4672	0.0
941	2045	0.0
1935	2054	0.0
3888	4304	0.0
1764	2536	0.0
3316	2447	0.0
3888	5007	0.0
3854	1584	0.0
1605	4119	0.0
3844	4281	0.0
3616	1002	0.0
4442	1900	0.0
1898	5235	0.0
208	5190	0.0
2054	3077	0.0
113	3447	0.0
5208	3061	0.0
440	3416	0.0
1938	4442	0.0
1251	4275	0.0
3441	4255	0.0
4246	3442	0.0
4350	4795	0.0
4494	4565	0.0
3616	3179	0.0
5186	5265	0.0
892	1939	0.0
2536	3077	0.0
741	2945	0.0
537	3105	0.527407341599
3854	2037	0.0
1415	3583	0.0
4186	1855	0.0
1962	2609	0.0
741	1258	0.0
2045	5235	0.0
514	3184	0.0
3874	2447	0.0
2582	1533	0.0
1415	4634	0.0
892	888	0.0
741	2206	0.0
892	2467	0.0
4565	4672	0.0
1875	3447	0.0
2572	2945	0.0
1415	3854	0.0
4255	5235	0.0
155	2371	0.0
4246	926	0.0
2508	149	0.0
3864	4742	0.0
1879	3229	0.0
5323	5061	0.0
741	4481	0.0
1847	500	0.0
941	1910	0.0
4458	2484	0.0
3853	859	0.0
4225	1910	0.0
3271	926	0.0
2440	2540	0.0
672	4500	0.0
1533	2724	0.0
5190	2798	0.0
1605	4276	0.0
1955	1533	0.0
4304	859	0.0
255	2004	0.0
4350	1386	0.0
1078	3275	0.0
1078	4276	0.0
3105	2113	0.0
746	3447	0.0
3583	4248	0.0
4225	1898	0.0
746	2724	0.0
2371	3979	0.0
482	2945	0.478646875034
1078	1511	0.0
1824	2045	0.0
5166	2113	0.0
2316	3461	0.486783164683
3105	859	0.0
746	4304	0.0
3279	2540	0.545103250319
3275	4795	0.0
1910	1267	0.0
3829	545	0.0
347	2113	0.0
3844	1682	0.0
4928	3979	0.0
1955	4542	0.0
1953	892	0.0
1257	2834	0.0
746	2834	0.0
3854	2783	0.0
2972	892	0.0
4246	2054	0.0
440	482	0.0
880	5235	0.0
1642	789	0.0
1251	741	0.0
1482	500	0.0
2213	2945	0.0
1415	746	0.0
4041	352	0.0
5340	3416	0.0
3863	5356	0.0
1935	2283	0.0
4168	4634	0.0
1576	2619	0.0
4401	2481	0.0
3234	3463	0.0
2783	2719	0.0
1847	1460	0.0
1786	2113	0.0
1935	3275	0.0
1251	4742	0.0
1948	3756	0.0
2283	3303	0.0
1847	514	0.0
910	892	0.0
1837	4838	0.0
4838	3346	0.0
1078	2508	0.0
1234	2078	0.0
726	2283	0.0
789	5265	0.0
4401	194	0.0
3829	2133	0.0
4494	1460	0.0
1847	1783	0.0
78	2467	0.0
3693	1460	0.0
5190	5323	0.0
926	2045	0.0
1002	3179	0.0
2719	2536	0.0
3275	5265	0.0
2035	545	0.0
1605	1875	0.0
1605	3864	0.0
2857	3863	0.0
1948	4904	0.0
4634	1093	0.0
3543	1053	0.699094082723
2572	482	0.0
1898	4255	0.0
5352	1855	0.0
203	3184	0.0
3888	4276	0.0
3583	2371	0.0
746	4533	0.0
2857	5061	0.0
537	194	0.0
2582	1837	0.0
1251	4838	0.0
3844	746	0.0
1875	3979	0.0
2037	4325	0.0
1078	2798	0.0
2798	3356	0.0
3599	3829	0.0
2783	4701	0.0
2508	4276	0.0
3835	3864	0.0
1786	4565	0.0
2283	3814	0.0
911	5029	0.0
746	4186	0.0
4928	1386	0.0
1938	746	0.0
3303	3416	0.0
1257	2945	0.0
2467	2689	0.0
3061	2503	0.0
2424	2045	0.0
5034	4275	0.0
203	2945	0.0
5186	255	0.0
78	5064	0.0
78	347	0.0
1935	4077	0.0
4634	5265	0.0
4350	2798	0.0
3583	5356	0.0
1879	5061	0.0
4077	1389	0.0
1824	1311	0.0
3835	5356	0.0
2582	1267	0.0
1605	2251	0.0
3777	4609	0.0
1824	2582	0.0
1533	1074	0.737241576384
2719	4481	0.0
1120	4350	0.0
4932	4634	0.0
3486	4225	0.0
1837	4533	0.0
5097	5265	0.0
3275	2503	0.0
4225	741	0.0
1953	203	0.0
4858	746	0.0
194	789	0.0
2037	4320	0.0
2440	4533	0.0
5208	926	0.0
3854	91	0.0
2508	5007	0.0
3275	2619	0.0
204	5235	0.0
1948	2798	0.0
3279	2945	0.0
5186	1948	0.0
2719	3827	0.0
2440	4276	0.0
1605	762	0.0
2972	859	0.0
1953	3441	0.0
2251	1228	0.0
2536	3447	0.0
1605	3179	0.0
3827	5235	0.0
1898	892	0.0
4568	4304	0.0
5190	255	0.0
3616	804	0.0
2004	4275	0.0
5097	3461	0.0
1837	2937	0.0
2689	4255	0.0
3275	1386	0.0
4304	2384	0.0
5064	880	0.0
1953	3854	0.0
2384	880	0.0
1953	3077	0.0
3854	2206	0.0
1389	4304	0.0
1962	1816	0.0
4634	1900	0.0
3616	880	0.0
3416	4533	0.0
3863	4838	0.0
3316	746	0.0
347	4672	0.0
4276	817	0.0
113	3827	0.0
746	5097	0.0
3881	4119	0.0
5190	3777	0.0
4401	817	0.0
2556	1234	0.0
545	2054	0.0
2798	872	0.0
1955	2972	0.0
2213	4469	0.0
1511	3543	0.0
1009	973	0.0
3599	2440	0.0
1384	204	0.0
1900	2054	0.0
4568	2054	0.0
741	2619	0.0
2945	5007	0.0
1251	4320	0.0
2139	3461	0.0
1855	2447	0.0
2035	4320	0.0
4350	1939	0.0
910	4281	0.0
3105	4248	0.767926032447
1816	2536	0.0
4795	2798	0.0
2035	1311	0.0
3993	3447	0.0
651	3777	0.0
91	2213	0.0
3835	518	0.0
5340	926	0.0
4425	1314	0.0
3761	4887	0.0
5166	5190	0.0
1605	2937	0.0
1251	1234	0.0
2388	817	0.0
1786	3442	0.0
2738	2834	0.0
2467	1800	0.0
1898	1384	0.0
1257	2540	0.0
1910	1074	0.0
4494	1837	0.0
4928	973	0.0
3854	2133	0.0
1898	2371	0.0
5323	2133	0.0
3461	817	0.0
746	926	0.0
1962	3077	0.0
1511	3463	0.0
4225	2540	0.0
1898	1682	0.0
4645	2045	0.0
746	2689	0.0
1605	1816	0.0
3777	2946	0.0
4255	1800	0.0
1009	4240	0.0
1847	2536	0.0
3630	4041	0.0
1605	4701	0.0
3599	2078	0.0
2054	347	0.0
911	4795	0.0
5208	2937	0.0
3583	347	0.0
2724	4742	0.0
78	804	0.0
5166	956	0.0
3061	804	0.0
2689	347	0.0
3844	2937	0.0
2798	204	0.0
1837	5061	0.0
2572	4240	0.0
5191	4565	0.0
2508	3279	0.0
941	3874	0.0
3881	3447	0.0
3844	4350	0.0
1389	2783	0.0
1955	1384	0.0
5166	1311	0.0
746	5061	0.0
3993	817	0.0
2037	2619	0.0
1251	3105	0.0
4425	3077	0.0
3275	4320	0.0
956	4742	0.0
255	545	0.0
3864	4275	0.0
3888	3883	0.0
5166	500	0.0
3854	4887	0.0
3756	2078	0.495767694989
892	746	0.0
1074	4248	0.745044718224
4077	4246	0.0
1837	5265	0.0
518	4565	0.505482059154
3423	2504	0.0
3881	1855	0.0
1875	754	0.0
1824	926	0.0
2424	859	0.0
746	4645	0.0
4565	2045	0.0
651	741	0.0
4350	5191	0.0
3864	2503	0.0
4276	2371	0.0
3854	1389	0.0
762	831	0.0
1415	3829	0.0
5323	1855	0.0
2698	1415	0.0
3105	4469	0.0
1816	4281	0.0
1258	1800	0.0
970	149	0.0
1576	1837	0.0
2037	3077	0.0
2388	754	0.0
746	1533	0.0
4795	2619	0.0
5166	3279	0.716888548198
3279	2037	0.0
4225	5235	0.0
3599	926	0.0
1078	5166	0.0
1938	4276	0.0
3888	2467	0.0
3854	2447	0.0
5166	2316	0.0
2133	4255	0.0
2582	3761	0.0
3599	746	0.0
5166	4795	0.0
4255	831	0.0
2035	5340	0.0
4672	2078	0.0
5186	1311	0.0
3761	2619	0.0
3881	4246	0.0
492	970	0.0
492	1816	0.0
1955	970	0.0
4645	5097	0.0
5190	4281	0.0
3229	5235	0.0
3275	2783	0.0
2798	4701	0.0
1311	1584	0.0
3599	1386	0.0
2857	3184	0.0
4304	1875	0.0
1948	2045	0.0
892	1074	0.451368772866
5190	2536	0.0
789	545	0.0
5166	926	0.0
2689	804	0.0
4164	2371	0.0
5166	3854	0.0
1386	1389	0.0
1953	2619	0.0
4425	859	0.0
3881	4500	0.0
3599	4246	0.0
4276	2689	0.0
762	5235	0.0
347	4701	0.0
4164	1584	0.0
2572	3854	0.0
78	2719	0.0
1955	514	0.0
3105	4542	0.643351816478
2037	2371	0.875012149208
1879	4281	0.0
1962	347	0.0
1900	1314	0.0
5115	2113	0.0
2857	3442	0.57310119796
5323	2037	0.0
1786	3993	0.0
941	5115	0.0
1078	2536	0.0
1824	1009	0.0
2424	2206	0.0
3271	3814	0.0
3864	859	0.0
4350	3543	0.0
2582	3423	0.0
4276	4672	0.0
2783	804	0.0
1642	492	0.0
5034	3853	0.0
4149	2371	0.0
3854	4795	0.0
3888	4928	0.0
1824	789	0.0
1389	5064	0.0
892	4701	0.0
2037	2054	0.0
4609	2045	0.0
2467	3303	0.0
1386	2503	0.0
2484	4255	0.0
5323	746	0.0
3844	741	0.0
1511	5265	0.0
1009	1093	0.0
3279	888	0.0
2609	4565	0.489179784427
941	1251	0.0
2977	1816	0.0
545	4255	0.0
2977	1170	0.799408595953
3616	4248	0.0
492	5265	0.0
789	746	0.0
545	3416	0.0
2447	2504	1.0
1078	5097	0.0
5323	1251	0.0
3693	2113	0.0
4469	4838	0.0
817	2536	0.0
2972	5190	0.0
5323	4672	0.0
4168	1783	0.0
5190	5029	0.0
1576	5265	0.0
358	4494	0.0
2508	2206	0.0
208	1386	0.0
5191	4887	0.0
440	804	0.0
1511	1009	0.0
5190	91	0.0
5097	3234	0.0
3693	2798	0.0
1002	5235	0.0
4304	1584	0.0
2582	2447	0.0
347	831	0.0
4458	5208	0.0
3888	4255	0.0
5115	4542	0.0
3486	2536	0.0
1251	4325	0.0
1953	888	0.0
741	2113	0.0
203	1093	0.0
3829	3883	0.0
3441	3303	0.0
1824	3844	0.0
4634	1228	0.0
2689	2447	0.0
537	2619	0.0
1386	1314	0.0
2977	3853	0.551112891439
1786	2045	0.0
1078	3854	0.0
1824	2037	0.0
2972	3874	0.0
982	1074	0.0
911	3543	0.0
1816	2945	0.0
970	2798	0.0
2484	754	0.0
208	4248	0.0
888	2536	0.0
4246	4481	0.0
208	1783	0.0
2738	3279	0.0
1824	1389	0.0
741	831	0.0
518	3077	0.0
4248	3077	0.0
3486	2078	0.0
2972	4932	0.0
5186	545	0.0
3888	347	0.0
91	4320	0.0
1576	1962	0.0
545	1837	0.0
4119	4320	0.0
1847	1898	0.0
1898	741	0.0
2384	3853	0.0
2977	1962	0.0
3599	2556	0.0
2037	4281	0.527605626795
3863	789	0.0
208	1939	0.0
5186	2283	0.0
2316	4742	0.0
1120	4304	0.0
4320	2447	0.0
2388	2582	0.0
2037	5029	0.57211296933
4568	2945	0.0
78	1314	0.0
1605	746	0.0
3979	817	0.0
982	888	0.0
3874	1093	0.0
3229	859	0.0
956	1900	0.0
4645	4255	0.0
149	4645	0.0
537	2045	0.0
2206	4281	0.0
741	5235	0.0
2719	3184	0.0
941	5235	0.0
1257	1074	0.0
3864	1384	0.0
3486	4320	0.0
3864	669	0.0
5190	1855	0.0
926	4481	0.0
2388	3271	0.0
3346	5265	0.0
1935	5166	0.0
3993	5029	0.0
2783	5061	0.0
1955	1910	0.0
926	2719	0.0
2738	4469	0.0
91	514	0.0
3777	5265	0.0
2572	4932	0.0
5356	5064	0.0
3888	982	0.0
1938	2508	0.0
2139	2481	0.0
5186	4304	0.0
926	5265	0.0
1009	1228	0.0
194	4186	0.0
2045	4481	0.0
1962	1228	0.0
2035	4795	0.0
4246	78	0.0
911	203	0.0
1847	2037	0.0
1682	2798	0.0
3761	956	0.0
5186	2937	0.0
78	5029	0.0
2857	3583	0.0
514	2371	0.0
1389	3423	0.0
5208	1460	0.0
2035	1855	0.0
4304	347	0.0
726	5191	0.0
1682	3827	0.0
4838	804	0.0
804	3756	0.0
4077	926	0.0
2724	5007	0.0
1948	91	0.0
4533	5235	0.0
2972	2467	0.0
3761	440	0.0
3835	3693	0.0
672	5333	0.0
3864	982	0.0
2503	2504	0.0
1898	545	0.0
3275	1939	0.0
2508	4255	0.0
2139	2440	0.0
2508	2045	0.0
2834	3346	0.0
1511	1900	0.0
2937	4887	0.0
726	91	0.0
3829	1939	0.0
4494	1170	0.0
1311	4609	0.0
4350	789	0.0
155	973	0.0
358	500	0.0
2977	4672	0.0
2508	1875	0.0
208	2834	0.0
5166	440	0.0
1953	5323	0.0
3275	789	0.0
1228	2504	1.0
5352	1053	0.0
2035	2113	0.0
3279	741	0.0
2316	2719	0.0
2283	2536	0.0
831	1855	0.0
741	762	0.0
2045	4533	0.0
4481	4281	0.0
4795	2536	0.0
2582	3814	0.0
3844	1855	0.0
3583	746	0.0
1953	1898	0.0
3061	1093	0.0
910	4742	0.0
2977	2447	0.0
1251	2206	0.0
2508	3275	0.0
358	2467	0.0
3599	4634	0.0
2139	1962	0.0
4246	2503	0.0
3864	4494	0.0
911	1855	0.0
3275	352	0.0
1386	4320	0.0
1257	1939	0.0
892	2834	0.479886679983
2424	973	0.0
926	5029	0.539015230619
2783	2283	0.0
1875	2619	0.0
746	4041	0.0
3863	4304	0.0
5115	5208	0.0
4161	2484	0.0
1078	5029	0.0
4350	2783	0.0
4425	5007	0.0
2133	2113	0.0
3844	4565	0.0
4494	4320	0.0
2424	4533	0.0
1311	3184	0.0
3275	1267	0.0
4246	789	0.0
726	518	0.0
2783	762	0.0
1078	3829	0.0
1939	5235	0.0
537	4161	0.0
3441	2689	0.0
4276	1311	0.0
831	859	0.0
2384	3827	0.0
78	2037	0.0
1170	880	0.0
4494	2447	0.0
5166	5323	0.0
1898	4858	0.0
956	3853	0.0
5323	1875	0.0
2738	2937	0.0
1953	2937	0.0
1642	3423	0.465600553546
3423	4565	0.482675357089
4672	3077	0.0
1267	2619	0.0
4304	2371	0.0
5190	4240	0.0
741	4275	0.0
1053	5235	0.0
2467	113	0.0
4350	4304	0.0
2857	2467	0.0
3179	3416	0.0
2206	4701	0.0
1605	4255	0.0
3275	4281	0.0
3583	5034	0.0
5186	5340	0.0
1953	1576	0.0
3829	2481	0.0
194	746	0.0
4275	5064	0.0
1939	5333	0.0
3883	4325	0.0
5061	3077	0.0
941	2972	0.0
537	1258	0.0
1935	3447	0.0
3844	817	0.0
726	1234	0.0
78	440	0.0
1939	746	0.0
910	1389	0.0
1875	1482	0.0
1898	3756	0.0
2798	4255	0.0
1764	2467	0.0
1415	4248	0.0
1898	2467	0.0
1257	1384	0.0
1074	4533	0.0
1938	2719	0.0
2834	3229	0.0
440	1855	0.0
4932	741	0.0
1824	4255	0.0
4350	5097	0.0
3854	2078	0.0
5007	3077	0.0
1939	4701	0.0
2035	2424	0.0
1824	872	0.0
4164	859	0.0
2035	1837	0.0
4401	1311	0.0
1576	2316	0.0
1939	2536	0.0
3844	2484	0.0
1389	2384	0.0
2035	5265	0.0
2251	1267	0.0
4119	872	0.0
3616	754	0.0
1939	2945	0.0
3543	4041	0.0
3105	4320	0.0
2424	2440	0.0
5186	2946	0.0
2206	2724	0.0
5323	1800	0.0
746	1258	0.0
1576	3883	0.0
888	4701	0.0
4276	4255	0.0
2139	4275	0.0
1855	5265	0.0
3854	1855	0.0
3486	3447	0.0
2440	2798	0.0
1386	2937	0.0
4672	2536	0.0
1511	4481	0.0
2798	2045	0.0
2689	4565	0.0
4246	5097	0.0
1953	4795	0.0
2440	1855	0.0
4350	4149	0.0
1837	1855	0.0
5333	2054	0.0
4276	3077	0.0
78	3416	0.0
1875	4275	0.0
1837	1460	0.0
4469	831	0.0
5034	545	0.0
1938	3077	0.0
4225	4276	0.0
789	3234	0.0
1764	880	0.0
1898	2540	0.0
2572	352	0.0
1576	2536	0.0
741	4904	0.0
1847	2783	0.0
4672	880	0.0
1847	545	0.0
2213	2536	0.0
4186	5061	0.0
4350	1837	0.0
2972	1170	0.0
1682	2719	0.0
1935	2536	0.0
4186	3756	0.0
4742	5265	0.0
1605	4533	0.0
1847	4225	0.0
5356	859	0.0
5097	926	0.0
208	1093	0.0
2035	2037	0.0
1786	4281	0.0
1311	2536	0.0
2054	817	0.0
1935	1938	0.0
1009	2719	0.0
817	4500	0.0
2937	4742	0.0
4494	2484	0.0
1939	880	0.0
3279	1816	0.0
4275	1855	0.0
1786	4225	0.0
4350	2536	0.0
2503	5235	0.0
1939	2937	0.0
5323	2371	0.0
1170	3461	0.490468056189
3854	4255	0.0
1605	1415	0.0
2783	2834	0.0
4442	78	0.0
746	4634	0.0
5186	1584	0.0
1948	4320	0.0
1314	3814	0.0
3275	1389	0.0
1764	2738	0.0
2738	1384	0.0
2139	2447	0.0
2484	3303	0.0
1576	3447	0.0
5029	2078	0.656830112946
3486	4281	0.0
4077	4149	0.0
78	5061	0.0
2139	4442	0.0
545	2946	0.0
4168	4320	0.0
1605	3777	0.0
5208	4325	0.0
78	2213	0.0
2035	2937	0.0
4255	2283	0.0
358	3854	0.0
1257	3463	0.0
2440	4225	0.0
5097	5333	0.0
4494	4904	0.0
1935	3303	0.0
941	4248	0.0
2388	4742	0.0
2972	746	0.0
1384	3077	0.0
4401	2857	0.0
3061	2371	0.0
537	5190	0.0
2467	1234	0.0
5029	3416	0.0
5166	4672	0.0
3864	5061	0.0
2689	514	0.0
78	3077	0.0
4458	4533	0.0
4225	4275	0.0
880	1855	0.0
2035	3583	0.0
5115	3441	0.0
4494	2619	0.0
1576	926	0.0
1234	3346	0.0
2424	3777	0.0
4701	500	0.0
514	204	0.0
4494	789	0.0
1533	1482	0.496339321168
1389	2536	0.0
926	3756	0.452952630139
911	3144	0.0
1824	4565	0.0
1786	2689	0.0
1824	3275	0.0
2213	2798	0.0
2206	4565	0.0
892	4304	0.0
1824	746	0.0
3599	3179	0.0
4077	1948	0.0
3829	2447	0.0
1898	4276	0.0
2139	4077	0.0
941	3423	0.0
3854	4500	0.0
2133	1093	0.0
5323	78	0.0
4701	3416	0.0
78	4248	0.0
2582	4542	0.0
3844	2316	0.0
5115	1078	0.0
197	1939	0.0
4077	2798	0.0
1605	4481	0.0
1386	2037	0.0
4634	926	0.0
2698	2857	0.448738925293
817	4533	0.0
982	2384	0.0
1786	5333	0.0
1847	1837	0.0
4240	2037	0.0
3863	4276	0.0
941	3814	0.0
746	2054	0.0
941	3599	0.0
3854	746	0.0
1898	500	0.0
1800	5265	0.0
518	5061	0.0
197	3303	0.0
4304	4320	0.0
3423	518	0.48806421938
1939	2283	0.0
2139	2213	0.0
1879	5235	0.0
537	804	0.0
3829	1267	0.0
2977	3599	0.0
4276	3184	0.0
2508	741	0.0
2481	3423	0.0
2440	4425	0.0
817	4887	0.0
5186	4469	0.0
5166	3583	0.0
4838	1053	0.0
3863	1584	0.0
754	4742	0.0
804	817	0.0
3835	4672	0.0
3993	3543	0.0
3275	3844	0.0
2035	3853	0.0
2424	1074	0.739572877684
5323	1074	0.0
3316	804	0.0
3693	2484	0.0
4458	2798	0.0
3844	2619	0.0
2206	5061	0.0
3854	2609	0.0
1837	2113	0.0
2503	3356	0.0
194	2798	0.0
1935	3423	0.0
789	5190	0.0
3423	4672	0.0
1875	804	0.0
4149	2798	0.0
5208	2388	0.0
3486	4565	0.0
2798	4500	0.0
2440	1816	0.0
4240	3447	0.0
3888	4161	0.0
5208	746	0.0
537	2536	0.0
5097	2054	0.0
4077	4186	0.0
3105	1783	0.0
1824	2508	0.0
2719	5029	0.0
4276	4533	0.0
2689	2371	0.0
1824	3077	0.0
3441	5265	0.0
4568	482	0.0
1786	1170	0.0
1764	2857	0.0
746	5235	0.0
1786	2467	0.0
3447	3077	0.0
746	5064	0.0
1389	4186	0.0
4275	5029	0.0
982	3461	0.0
1847	2440	0.0
2424	2783	0.0
4240	347	0.0
1824	4533	0.0
4164	1879	0.0
518	4248	0.513334905643
1170	4904	0.0
2698	2972	0.0
4795	880	0.0
4458	3346	0.0
3864	1093	0.0
1898	2689	0.0
926	2937	0.0
1074	2719	0.0
2783	2113	0.0
4077	2371	0.0
4281	4533	0.0
941	651	0.0
726	2037	0.0
1824	1234	0.0
4077	545	0.0
5356	1682	0.486886812048
1898	4320	0.0
4350	1460	0.0
982	545	0.0
3864	4248	0.0
5061	4701	0.0
4425	2798	0.0
973	4255	0.0
956	78	0.0
2977	4533	0.0
1311	4742	0.0
3599	1389	0.0
2977	2078	0.654362080375
2424	3077	0.0
3888	78	0.0
4276	2206	0.0
1847	78	0.0
4276	5265	0.0
1786	4119	0.0
1764	741	0.0
1955	2783	0.0
3883	2447	0.0
2783	3543	0.0
1078	1855	0.0
1482	4887	0.0
2440	4041	0.0
4255	4533	0.0
1605	347	0.0
514	1837	0.0
2972	4304	0.0
1389	2540	0.0
956	1257	0.0
518	1384	0.490765084846
2440	518	0.0
1257	2133	0.0
3844	5191	0.0
672	1939	0.0
5356	204	0.649239381128
982	5333	0.0
672	1533	0.0
2582	5190	0.0
2572	1093	0.0
3275	78	0.0
1389	5007	0.0
2572	1962	0.0
1605	3271	0.0
1314	4565	0.0
2556	1783	0.0
91	1855	0.0
4276	3979	0.0
1953	2045	0.0
2937	2536	0.0
4932	1389	0.0
2572	1800	0.0
4494	2133	0.0
1120	3854	0.0
3693	880	0.0
3854	4533	0.0
746	4161	0.0
545	2798	0.0
2582	3447	0.0
4119	2719	0.0
4672	2504	0.0
492	3883	0.0
2484	762	0.0
5166	3316	0.0
3829	5061	0.0
1953	2783	0.0
3888	5235	0.0
2388	3874	0.0
2316	2283	0.0
5208	741	0.0
3279	5265	0.0
1120	2424	0.0
2798	1783	0.0
2857	1482	0.451468227873
3829	3461	0.0
2572	3441	0.0
3486	1837	0.0
1078	746	0.0
3486	746	0.0
3844	3863	0.0
2937	4320	0.0
1642	2440	0.0
2783	3077	0.0
3442	1314	0.0
3486	2206	0.0
1074	347	0.0
3777	4627	0.0
3761	208	0.0
4458	2556	0.0
3184	4481	0.0
1824	3979	0.0
982	1783	0.0
1009	4469	0.0
1311	4164	0.0
3888	4481	0.0
2619	500	0.0
2206	2384	0.0
5208	4904	0.0
5186	2945	0.0
941	91	0.0
440	2371	0.0
78	5235	0.0
4858	1267	0.0
2251	1251	0.0
4255	1855	0.0
4350	2283	0.0
5190	2689	0.0
4255	4904	0.0
1682	4645	0.0
789	4701	0.0
1786	2798	0.0
941	2556	0.0
970	4795	0.0
941	4425	0.0
5356	831	0.0
3853	3979	0.0
1953	4350	0.0
1120	3447	0.0
3864	2609	0.0
347	4320	0.0
1953	2206	0.0
5166	2946	0.0
4281	4500	0.0
2508	3077	0.0
2139	4565	0.0
1847	762	0.0
1900	4904	0.0
5166	3356	0.0
3442	3229	0.0
5208	2371	0.0
1576	2834	0.0
859	4281	0.0
4168	4481	0.0
3461	204	0.0
91	3543	0.0
1511	2937	0.0
3864	4887	0.0
1764	4568	0.0
4168	2283	0.0
1576	880	0.0
2719	4281	0.0
892	3756	0.494429454225
3486	789	0.0
5208	4275	0.0
5190	2783	0.0
1251	5265	0.0
5352	2798	0.0
149	3346	0.0
1764	4225	0.0
1955	1948	0.0
3144	2213	0.0
2857	5323	0.0
1847	4320	0.0
1847	2582	0.0
3275	3077	0.0
4246	5034	0.0
1824	4350	0.0
3874	4425	0.0
4246	1939	0.0
1953	1258	0.0
2054	3447	0.0
4742	1800	0.0
3599	2424	0.0
2719	754	0.0
1251	1314	0.0
892	204	0.0
2857	1855	0.0
4246	754	0.0
4161	2540	0.0
4838	5265	0.0
3447	4533	0.0
4276	3229	0.0
1642	762	0.0
3144	4281	0.0
2037	5061	0.0
4246	4320	0.0
3844	5190	0.0
2556	1093	0.0
2035	4742	0.0
5235	5265	0.0
2556	3853	0.0
1900	2484	0.0
3271	1258	0.0
2037	347	0.0
2783	1074	0.0
1267	1258	0.0
4494	4742	0.0
1837	4672	0.0
1786	1257	0.0
2724	5235	0.0
1251	2316	0.0
1953	5186	0.0
5352	3827	0.0
4304	2037	0.0
3486	1389	0.0
1939	3814	0.0
3184	5235	0.0
5034	5064	0.0
1955	155	0.0
5166	804	0.0
4494	1389	0.0
155	4533	0.0
1002	3827	0.0
514	5007	0.0
2388	5323	0.0
3835	5191	0.0
2508	347	0.0
1948	3077	0.0
1389	4481	0.0
203	1783	0.0
3630	113	0.0
4248	2536	0.0
1386	4701	0.0
1389	545	0.0
746	2540	0.0
4225	1257	0.0
1935	4742	0.0
5190	78	0.0
4248	4255	0.0
789	347	0.0
518	2609	0.496357449678
3316	492	0.0
2447	2078	0.0
2503	3077	0.0
1847	4542	0.0
4494	4275	0.0
5166	5340	0.0
3864	2798	0.0
1764	5186	0.0
2719	4701	0.0
2371	1093	0.0
1764	78	0.0
3271	2798	0.0
4469	3416	0.0
91	2719	0.0
941	2424	0.0
5166	789	0.0
2508	2504	0.0
789	1314	0.0
78	3463	0.0
1642	3346	0.0
3447	3814	0.0
4645	2004	0.0
2035	4494	0.0
2783	669	0.0
4248	4565	0.799432436663
910	1953	0.0
4325	5235	0.0
1847	2251	0.0
789	4186	0.0
2798	3077	0.0
113	872	0.0
4077	5061	0.0
2698	2316	0.489027723348
3271	2206	0.0
2054	3979	0.0
4795	2937	0.0
347	817	0.0
5034	3423	0.0
892	1800	0.0
2035	5007	0.0
1576	1074	0.0
1764	872	0.0
208	4481	0.0
3777	1314	0.0
4928	817	0.0
149	4161	0.0
3486	817	0.0
440	926	0.0
911	4119	0.0
3616	4161	0.0
3543	804	0.0
741	1267	0.0
910	78	0.0
3316	1855	0.0
4838	5029	0.0
1258	3077	0.0
3888	203	0.0
1898	1948	0.0
3844	5061	0.0
1460	1584	0.0
1389	3447	0.0
5333	3105	0.767926032447
1576	1170	0.0
4304	4248	0.0
4795	888	0.0
1786	872	0.0
2724	1258	0.0
5166	3179	0.0
3761	741	0.0
5191	2004	0.0
4350	4255	0.0
3234	5061	0.0
4742	3346	0.0
2508	514	0.0
817	1093	0.0
1074	1234	0.0
4304	2206	0.0
4672	3303	0.0
3844	2536	0.0
941	4568	0.0
892	2719	0.0
1764	4469	0.0
4401	3077	0.0
1078	2582	0.0
3881	5186	0.0
91	1258	0.0
3854	2113	0.0
1576	4795	0.0
4276	2937	0.0
5007	3827	0.0
4225	1093	0.0
941	2206	0.0
1511	746	0.0
911	1682	0.0
2440	2619	0.0
4161	4742	0.0
4458	4928	0.0
910	208	0.0
155	1053	0.0
3583	5007	0.0
1847	4932	0.0
5356	2719	0.0
3835	5265	0.0
3144	3777	0.0
1078	4494	0.0
1093	5235	0.0
941	358	0.0
2035	203	0.0
2582	5235	0.0
1955	3271	0.0
892	5029	0.452996082167
1910	5029	0.0
4350	4609	0.0
5323	5235	0.0
514	4742	0.0
347	4609	0.0
1251	1816	0.0
4350	4320	0.0
5064	4904	0.0
3854	2467	0.0
4225	1948	1.0
208	1251	0.0
1938	3543	0.557440415909
982	2447	0.0
3583	726	0.0
1389	1837	0.0
1605	91	0.0
5166	78	0.0
2972	4350	0.0
2738	1962	0.0
926	4248	0.751346654018
3616	1939	0.0
4932	982	0.0
941	204	0.0
2054	880	0.0
5208	4186	0.0
4320	4701	0.0
741	4320	0.0
5323	2937	0.0
5340	1879	0.0
2977	1875	0.0
2582	1251	0.0
2738	4246	0.0
3777	3814	0.0
1120	1533	0.0
1935	672	0.0
982	3229	0.0
2977	4255	0.0
1786	1093	0.0
5186	91	0.0
4248	1093	0.0
3234	4838	0.0
2572	4565	0.0
4225	3756	0.0
5166	1855	0.0
3234	3979	0.0
2037	4742	0.0
5166	1389	0.0
4041	872	0.0
892	4565	0.479886679983
672	746	0.0
1576	789	0.0
2540	5235	0.0
4442	1584	0.0
746	500	0.0
2508	2037	0.0
892	500	0.0
4932	2834	0.0
5190	817	0.0
4304	2536	0.0
1642	5235	0.0
3888	4533	0.0
194	2037	0.0
203	872	0.0
831	4542	0.46059254089
1962	3423	0.0
1605	3316	0.0
4795	4565	0.459806508248
2582	2783	0.0
4565	2503	0.0
197	4240	0.0
1824	2946	0.0
3993	3346	0.0
2798	2504	0.0
2945	3756	0.484976994524
2738	113	0.0
1962	2540	0.0
514	2113	0.0
4168	2945	0.0
78	888	0.0
155	754	0.0
4149	5333	0.0
1386	2371	0.0
2283	1584	0.0
4425	4255	0.0
4276	1389	0.0
4246	741	0.0
3844	1879	0.0
2139	545	0.0
91	1267	0.0
4928	208	0.0
2035	3077	0.0
4119	1384	0.0
1953	926	0.0
1389	4248	0.0
352	3077	0.0
1576	2719	0.0
1605	2719	0.0
1962	545	0.44085765434
358	746	0.0
872	5029	0.0
4627	859	0.0
1953	4742	0.0
910	817	0.0
3441	3777	0.0
1938	4304	0.0
3874	5097	0.0
1955	888	0.0
3835	746	0.0
1460	1783	0.0
208	2609	0.0
4442	3447	0.0
2037	1482	0.482109775822
1682	1584	0.0
2738	2945	0.0
3275	1900	0.0
982	5235	0.0
5034	5029	0.0
4246	2609	0.0
2738	2783	0.0
1605	3279	0.0
537	888	0.0
2508	2937	0.0
1258	5007	0.0
1783	2540	0.0
1642	4350	0.0
3854	3279	0.0
3844	1837	0.0
941	1855	0.0
880	2536	0.0
1389	804	0.0
4458	746	0.0
2698	926	0.45970776109
3844	1267	0.0
4320	4672	0.0
5323	926	0.0
78	1389	0.0
3864	500	0.0
5166	2503	0.0
973	3077	0.0
1386	2283	0.0
926	1837	0.0
5356	2798	0.0
1605	4164	0.0
4164	2798	0.0
888	3077	0.0
754	2503	0.0
1898	4304	0.0
1511	1847	0.0
1955	3761	0.0
941	1939	0.0
1837	347	0.0
2572	500	0.0
2857	2384	0.0
5333	4627	0.0
1576	4350	0.0
3853	352	0.0
1764	4795	0.0
1074	2447	0.0
3844	3979	0.0
2206	3883	0.0
78	2834	0.0
2937	2945	0.0
672	4164	0.0
2582	2133	0.0
4164	2609	0.0
789	3105	0.0
4401	4276	0.0
492	4275	0.0
3881	1786	0.0
2035	1389	0.0
4350	500	0.0
1837	1783	0.0
1576	973	0.0
113	5235	0.0
78	1837	0.0
1824	4928	0.0
3777	1267	0.0
3486	1898	0.0
4320	5007	0.0
4401	982	0.0
4041	204	0.0
3442	5097	0.0
872	4481	0.0
2582	880	0.0
3863	4568	0.0
1898	4533	0.0
911	2719	0.0
941	1824	0.0
3583	1855	0.0
746	5191	0.0
2388	5235	0.0
2556	4565	0.0
347	2719	0.0
197	2251	0.507573187089
3447	3346	0.0
789	3447	0.0
4565	4701	0.0
155	2798	0.0
1910	2556	0.0
4041	2045	0.0
3105	4627	0.0
514	2206	0.0
1764	4281	0.0
203	1482	0.0
5166	4481	0.0
1764	4565	0.0
5208	3184	0.0
2582	4904	0.0
1078	3693	0.0
5208	3179	0.0
2783	3447	0.0
746	4904	0.0
4119	5064	0.0
5208	4701	0.0
4119	204	0.0
1257	2054	0.0
3271	2719	0.0
2689	4481	0.0
3756	4500	0.0
2213	4041	0.0
2388	3777	0.0
2424	1837	0.0
1605	4325	0.0
2972	789	0.0
2724	4325	0.0
4932	347	0.0
2035	3275	0.0
4858	4164	0.0
3616	669	0.0
4401	4568	0.0
3864	1939	0.0
5208	2037	0.0
3271	5007	0.0
4276	2447	0.0
2035	4276	0.0
3863	2619	0.0
545	3543	0.48951907555
3275	2283	0.0
1939	2724	0.0
926	2484	0.0
1251	3777	0.0
3881	4481	0.0
4494	1267	0.0
5166	2037	0.0
746	872	0.0
941	5166	0.0
746	4425	0.0
4932	872	0.0
2139	3275	0.0
1257	1783	0.0
2508	1855	0.0
203	5235	0.0
3441	3423	0.0
2689	2504	0.0
1386	3346	0.0
1120	514	0.0
746	4248	0.0
1939	2619	0.0
3275	4542	0.0
2206	3463	0.0
1002	4565	0.0
1389	1855	0.0
746	2371	0.0
872	5235	0.0
1642	1837	0.0
746	2206	0.0
1953	4645	0.0
910	4164	0.0
78	2054	0.0
1935	2206	0.0
3599	2937	0.0
2698	746	0.0
4225	888	0.0
2371	5029	0.57211296933
4932	1170	0.0
1816	888	0.0
2945	1855	0.0
1879	4542	0.0
1879	2078	0.0
1533	3777	0.0
3854	2945	0.0
5186	973	0.0
2054	5235	0.0
910	352	0.0
149	2213	0.0
3616	2481	0.0
4320	4533	0.0
2834	4425	0.461864595841
1576	1939	0.0
2582	1234	0.0
1384	2798	0.0
2316	4320	0.0
2508	2689	0.0
3835	4164	0.0
4186	3814	0.0
1764	347	0.0
1824	3356	0.0
2619	3179	0.0
1875	4481	0.0
3271	78	0.0
1384	1837	0.0
4494	347	0.0
1847	1311	0.0
4838	4542	0.0
1093	3184	0.0
973	926	0.0
3777	4240	0.0
1533	1879	0.0
3874	3814	0.0
2783	2037	0.0
2037	2283	0.0
5323	514	0.0
2508	2945	0.0
2035	1898	0.0
2689	1783	0.0
2977	1389	0.0
926	1482	0.452463596772
2946	2503	0.0
4932	5034	0.0
5186	4275	0.0
1935	892	0.0
804	5029	0.0
5340	741	0.0
941	3463	0.0
5166	4542	0.0
255	4742	0.0
1962	5061	0.0
2037	4275	0.0
5323	741	0.0
2504	2078	0.0
3883	1093	0.0
2834	4161	0.0
746	754	0.0
2834	4565	0.79721613897
2582	4469	0.0
1824	2937	0.0
3441	78	0.0
3844	4672	0.0
194	926	0.0
746	4275	0.0
1415	5323	0.0
4928	2689	0.0
5097	2371	0.0
2508	3179	0.0
4161	4565	0.0
5166	2738	0.0
1415	155	0.0
5166	831	0.0
5191	352	0.0
3854	4701	0.0
352	4500	0.0
2689	2484	0.0
2206	3077	0.0
651	1093	0.0
5340	3463	0.0
3442	2004	0.810612195115
3316	4255	0.0
2738	1093	0.0
2619	1584	0.0
3599	741	0.0
3416	3756	0.0
2481	4533	0.0
3583	1389	0.0
5333	5235	0.0
1837	2037	0.0
3630	872	0.0
2738	1533	0.0
4161	872	0.0
1389	4320	0.0
78	880	0.0
255	5235	0.0
926	2283	0.0
3583	888	0.0
4672	3184	0.0
2582	5061	0.0
3441	1855	0.0
2467	2371	0.0
1938	4246	0.0
1935	3863	0.0
973	804	0.0
5166	4246	0.0
2689	4904	0.0
4701	5235	0.0
5166	4275	0.0
2206	4672	0.0
4442	113	0.0
514	2078	0.0
4425	3229	0.0
4276	4928	0.0
3693	4240	0.0
3275	3583	0.0
2424	2689	0.0
1824	1170	0.0
1939	4533	0.0
956	1074	0.0
1257	347	0.0
2467	5064	0.0
1955	5191	0.0
1389	5029	0.0
888	3346	0.0
4458	3854	0.0
5034	2484	0.0
5064	1482	0.0
3844	2719	0.0
1938	2504	0.0
1764	1800	0.0
1764	2484	0.0
3864	4149	0.0
2556	4481	0.0
2698	3835	0.0
1386	746	0.0
1786	4928	0.0
3829	518	0.0
2045	4742	0.0
5333	762	0.0
3486	2447	0.0
2689	2619	0.0
3599	1074	0.0
982	3447	0.0
1955	1847	0.0
5340	3883	0.0
1953	3829	0.0
1816	3184	0.0
1251	4634	0.0
4609	4627	0.0
4320	1855	0.0
4240	1002	0.0
5186	1900	0.0
2035	1386	0.0
537	1642	0.498541957676
4276	1948	0.0
4858	2316	0.0
1847	973	0.0
197	4246	0.0
3616	4225	0.0
2388	2783	0.0
2424	817	0.0
3061	208	0.0
4246	3077	0.0
3854	2484	0.0
1002	4320	0.0
3979	859	0.0
4928	5265	0.0
1258	2945	0.0
197	1234	0.0
817	4701	0.0
4565	4742	0.0
3303	2113	0.0
2834	5235	0.0
4168	4255	0.0
3447	5265	0.0
1311	2798	0.0
5323	804	0.0
3883	3827	0.0
2572	1910	0.0
2503	1482	0.0
4276	5190	0.0
754	4542	0.552493918085
537	746	0.0
4246	440	0.0
2724	5265	0.0
1605	2283	0.0
352	4533	0.0
4161	5333	0.0
2508	4565	0.0
537	892	0.467213557943
4276	3179	0.0
3756	5265	0.0
1935	208	0.0
2424	4320	0.0
2724	2536	0.0
1170	2371	0.875012149208
3599	4350	0.0
3863	741	0.0
1533	4304	0.0
1816	4325	0.0
4350	514	0.0
518	5235	0.0
2689	3077	0.0
1953	4320	0.0
1234	3356	0.0
2977	2857	0.447185398954
2724	4320	0.0
1642	2540	0.0
2251	1389	0.0
5323	2689	0.0
2440	1389	0.0
2698	4928	0.0
5034	4742	0.0
746	149	0.0
2619	2283	0.0
804	2945	0.0
3442	804	0.0
2283	2113	0.0
3061	3442	0.653831910711
1935	1228	0.0
347	2945	0.0
1257	4565	0.0
2972	4119	0.0
2937	872	0.0
5097	4320	0.0
4469	872	0.0
2582	1460	0.0
78	3105	0.0
5208	1389	0.0
2508	1460	0.0
2977	5235	0.0
2738	982	0.0
3874	4568	0.0
3854	5265	0.0
669	500	0.0
1875	4533	0.0
3441	4275	0.0
1311	347	0.0
926	5061	0.0
3888	1816	0.0
2834	2283	0.0
1898	831	0.0
2316	545	0.469066718075
4240	3077	0.0
1251	2719	0.0
4645	754	0.0
3543	2283	0.0
78	2206	0.0
1786	746	0.0
78	741	0.0
4742	3077	0.0
2371	2283	0.0
1078	2834	0.0
982	746	0.0
347	1002	0.0
789	149	0.0
4932	4565	0.0
5356	970	0.0
3874	1898	0.0
3271	3693	0.0
941	2857	0.0
3881	3853	0.559159486982
2054	4275	0.0
1251	4533	0.0
1847	492	0.0
4225	2113	0.0
1257	3447	0.0
1074	3234	0.43093634877
2054	804	0.0
3854	741	0.0
4350	2719	0.0
4240	2798	0.0
78	3814	0.0
1847	4627	0.0
347	5265	0.0
4672	5265	0.0
2719	4609	0.0
2388	4325	0.0
1939	4325	0.0
3630	4609	0.0
1962	5235	0.0
4672	4742	0.0
3883	4838	0.0
1267	4542	0.0
4325	5265	0.0
4565	804	0.0
941	3835	0.0
2946	3179	0.0
2937	2371	0.0
1837	2536	0.0
1910	2719	0.0
2582	4041	0.0
746	4609	0.0
1953	859	0.0
3271	4246	0.0
4276	3447	0.0
4149	3979	0.0
1074	1855	0.0
4186	1482	0.502343088901
1009	859	0.0
3442	4240	0.0
2972	926	0.0
2133	3463	0.0
3616	4565	0.0
762	2447	0.0
1764	892	0.0
941	2440	0.0
911	754	0.0
537	982	0.0
4565	113	0.504577006679
1576	3854	0.0
5166	3486	0.0
726	1386	0.0
4401	2556	0.0
3599	2834	0.0
2316	4672	0.0
1837	3105	0.0
255	4469	0.0
4742	4701	0.0
2582	1910	0.0
1955	2206	0.0
4168	3303	0.0
1511	492	0.0
1605	3883	0.0
941	4458	0.0
970	762	0.0
1875	2054	0.0
1078	3441	0.0
911	926	0.0
2857	2481	0.0
2484	4565	0.0
1389	2719	0.0
5356	4248	0.725877157775
3275	3874	0.0
2738	1898	0.0
2424	1533	0.753952111883
4276	2619	0.0
1078	892	0.0
1311	4838	0.0
1251	746	0.0
2481	2798	0.0
492	2937	0.0
1935	1939	0.0
1257	1962	0.0
1386	352	0.0
1120	2689	0.0
358	754	0.0
726	3416	0.0
2783	1482	0.492407761478
4276	892	0.0
1837	2371	0.0
2424	3844	0.0
2037	5235	0.0
1605	4494	0.0
4246	2484	0.0
4634	1584	0.0
2972	2508	0.0
1938	4542	0.482182232616
2283	4701	0.0
859	2447	0.0
3853	880	0.0
194	4701	0.0
3616	4255	0.0
3863	3447	0.0
2424	4742	0.0
3863	5186	0.0
1576	2045	0.0
2738	2508	0.0
3442	203	0.0
2035	4887	0.0
3061	500	0.0
3441	1783	0.0
2484	5265	0.0
1764	3844	0.0
2834	4240	0.0
892	3853	0.471074732705
194	1009	0.0
197	2798	0.0
1939	4565	0.0
5034	4186	0.0
1511	2582	0.0
4494	4701	0.0
1605	4401	0.0
2783	4248	0.0
1783	5235	0.0
1078	204	0.0
741	2283	0.0
347	4742	0.0
2972	5186	0.0
1898	2133	0.0
4246	1800	0.0
1389	2937	0.0
4304	2619	0.0
1847	3864	0.0
4458	911	0.0
2133	4481	0.0
5097	2484	0.0
2467	4634	0.0
2857	3814	0.0
3863	1257	0.0
482	5235	0.0
1953	2508	0.0
1939	347	0.0
2972	4077	0.0
1900	347	0.0
2738	3979	0.0
5166	2945	0.0
2719	4248	0.0
746	3630	0.0
2689	754	0.0
78	4320	0.0
941	970	0.0
5333	926	0.751346654018
4255	2447	0.0
3835	926	0.0
208	3423	0.0
3144	3853	0.54421179858
1170	804	0.0
2508	3854	0.0
1605	2536	0.0
3874	2536	0.0
3316	3854	0.0
2972	4565	0.0
4168	3756	0.0
3583	1682	0.0
3442	5029	0.615878381388
5166	4320	0.0
2719	3077	0.0
3599	492	0.0
2251	4469	0.0
5097	804	0.0
2689	2834	0.0
1800	3447	0.0
4304	545	0.0
3630	4533	0.0
4634	5029	0.0
4275	500	0.0
1953	1783	0.0
4161	347	0.0
1605	1962	0.0
2508	4275	0.0
2937	817	0.0
3835	4645	0.0
3486	3279	0.0
2937	3463	0.0
537	4469	0.0
2251	3777	0.0
831	1228	0.0
2440	1460	0.0
4458	2467	0.0
2440	872	0.0
4565	1258	0.0
941	892	0.0
545	4565	0.466577339864
5352	2054	0.0
4276	1783	0.0
3844	2504	0.0
789	2719	0.0
3229	1816	0.0
1605	2037	0.0
4742	1855	0.0
1824	4320	0.0
545	2384	0.0
941	2467	0.0
3888	5190	0.0
194	2619	0.0
1898	1816	0.0
1460	5265	0.0
1898	2937	0.0
3442	4481	0.0
941	2113	0.0
1847	149	0.0
880	1783	0.0
2035	888	0.0
1389	4701	0.0
358	194	0.0
4276	746	0.0
5166	2719	0.0
194	3993	0.0
4304	1002	0.0
78	2937	0.0
817	3346	0.0
1415	1898	0.0
4442	2798	0.0
941	762	0.0
2440	2783	0.0
2388	358	0.0
2783	4304	0.0
4168	1093	0.0
1074	2504	0.0
1314	1258	0.0
741	4701	0.0
1460	3346	0.0
5323	4248	0.0
5034	78	0.0
911	4887	0.0
2738	2113	0.0
1955	2738	0.0
5356	1962	0.0
3275	2037	0.0
2133	3229	0.0
2937	3184	0.0
1605	4742	0.0
1939	4672	0.0
2508	2834	0.0
669	3756	0.0
2508	1002	0.0
1939	3756	0.0
5166	2045	0.0
1962	4887	0.0
1764	2783	0.0
3979	2283	0.0
5186	482	0.0
1384	5061	0.0
492	4481	0.0
2719	4672	0.0
5356	2045	0.0
5208	1939	0.0
1511	4255	0.0
2689	1533	0.0
3863	746	0.0
3599	4276	0.0
941	113	0.0
746	3461	0.0
3854	4542	0.0
4350	926	0.0
1386	2447	0.0
1764	3303	0.0
2035	2619	0.0
5115	1783	0.0
91	4542	0.0
2213	3827	0.0
2857	3829	0.0
4275	4248	0.0
4276	5323	0.0
537	2609	0.47505518505
255	669	0.0
1953	347	0.0
2133	3979	0.0
1251	2540	0.0
5191	3827	0.0
2447	1093	0.0
2977	1910	0.0
4795	3756	0.496704258587
1605	2798	0.0
941	1935	0.0
514	3447	0.0
1311	545	0.0
3829	482	0.0
4928	2937	0.0
3777	1875	0.0
2834	91	0.0
1511	2540	0.0
789	1311	0.0
669	4904	0.0
1900	2206	0.0
2798	2503	0.0
1642	3271	0.0
651	4838	0.0
2424	4932	0.0
1576	1800	0.0
3881	3077	0.0
1251	1837	0.0
2536	5265	0.0
2447	2536	0.0
2619	3447	0.0
2798	3463	0.0
1898	880	0.0
1764	2972	0.0
1875	1855	0.0
1642	1460	0.0
926	1314	0.0
3486	2783	0.0
1389	926	0.0
3874	352	0.0
4645	741	0.0
941	5007	0.0
3881	5166	0.0
3874	4225	0.0
4246	2945	0.0
5352	4276	0.0
1948	1460	0.0
2536	5029	0.0
1533	4161	0.0
892	91	0.0
982	2619	0.0
482	3184	0.0
2424	5323	0.0
1009	4225	0.0
4795	831	0.0
3486	741	0.0
1948	5061	0.0
4494	3447	0.0
1898	1800	0.0
3061	3275	0.0
2481	2536	0.0
1384	3543	0.453082501911
1953	2798	0.0
4164	2503	0.0
3441	1898	0.0
1764	1824	0.0
4225	804	0.0
2467	926	0.0
3275	347	0.0
3442	2798	0.0
2251	5265	0.0
1605	1764	0.0
1764	859	0.0
4481	5235	0.0
1386	4425	0.0
3486	5265	0.0
651	2719	0.0
804	2113	0.0
926	817	0.0
4350	2834	0.0
892	2945	0.448801780324
1170	5235	0.0
208	2133	0.0
4276	2783	0.0
1389	2045	0.0
741	3105	0.0
545	3105	0.504900285431
956	2503	0.0
4276	3356	0.0
3761	4281	0.524312823129
672	1257	0.0
2139	4568	0.0
1953	3356	0.0
194	5265	0.0
2946	352	0.0
358	4565	0.498759164134
2424	1939	0.0
746	3303	0.0
5190	746	0.0
518	741	0.0
2536	3416	0.0
1898	2798	0.0
1386	1800	0.0
1816	859	0.0
1898	3184	0.0
1576	4320	0.0
4795	2540	0.0
4077	352	0.0
2508	672	0.0
4672	2503	0.0
4119	4928	0.0
1847	746	0.0
4401	880	0.0
2937	4904	0.0
1415	1384	0.0
3061	113	0.0
3777	1855	0.0
1953	3275	0.0
208	982	0.0
5208	3888	0.0
3761	4168	0.0
910	482	0.0
5340	2467	0.0
2316	4533	0.0
2582	1389	0.0
3888	5323	0.0
789	4469	0.0
3316	2424	0.0
1800	5007	0.0
2698	4119	0.0
3835	2719	0.0
545	4701	0.0
3486	514	0.0
5097	762	0.0
941	2540	0.0
2467	746	0.0
3229	3184	0.0
941	1879	0.0
4276	804	0.0
358	1311	0.0
1816	872	0.0
2035	5333	0.0
3693	4742	0.0
1948	4481	0.0
3888	1314	0.0
4119	440	0.0
5190	2113	0.0
1939	4275	0.0
3144	4149	0.0
2467	91	0.0
5034	4304	0.0
5190	5064	0.0
2037	4542	0.5980754128
2037	2503	0.0
2206	1855	0.0
2582	91	0.0
4932	1384	0.0
1875	4255	0.0
3441	3346	0.0
4932	3883	0.0
982	2689	0.0
1258	1855	0.0
113	204	0.0
3761	4932	0.0
1682	754	0.0
3835	1939	0.0
746	817	0.0
5166	255	0.0
1953	3853	0.0
2424	4481	0.0
2037	2484	0.0
3979	3461	0.0
1511	2609	0.0
746	4255	0.0
4932	4304	0.0
2481	2316	0.0
2440	2536	0.0
1576	2609	0.0
941	3583	0.0
2857	2946	0.0
2582	204	0.0
537	347	0.0
78	4304	0.0
892	1533	0.4996274012
741	926	0.0
892	3543	0.450378026789
859	2536	0.0
3888	669	0.0
2467	5235	0.0
926	3346	0.0
4672	817	0.0
3881	746	0.0
1386	1053	0.0
3275	155	0.0
3888	1847	0.0
255	859	0.0
910	4645	0.0
2388	203	0.0
3854	2719	0.0
3616	741	0.0
2037	1800	0.0
1170	4565	0.799432436663
3844	347	0.0
3854	3693	0.0
5034	5356	0.0
2035	2719	0.0
2582	3316	0.0
4494	1053	0.0
2572	4701	0.0
911	4928	0.0
941	3863	0.0
5190	926	0.0
440	2045	0.0
1898	4240	0.0
2206	804	0.0
3979	4320	0.0
545	5007	0.469828877436
492	4186	0.0
3599	4077	0.0
3346	4542	0.0
5340	3356	0.0
3777	4325	0.0
2035	5061	0.0
2508	1900	0.0
5166	2609	0.0
3275	888	0.0
2945	4481	0.0
2035	3442	0.0
492	4609	0.0
3854	5323	0.0
1251	2689	0.0
4401	3423	0.0
1953	5061	0.0
4304	4481	0.0
2719	2045	0.0
4425	1855	0.0
941	831	0.0
358	3814	0.0
1511	982	0.0
3599	5265	0.0
4634	3346	0.0
91	518	0.0
2424	804	0.0
804	4701	0.0
1605	5061	0.0
3616	5034	0.0
4795	4701	0.0
4795	5333	0.465140114824
4246	3416	0.0
3583	762	0.0
545	926	0.44390991595
3543	3883	0.0
2424	545	0.434493510059
4077	651	0.0
5208	5007	0.0
1824	888	0.0
78	5265	0.0
3316	2484	0.0
2440	2371	0.0
4494	4350	0.0
2609	3077	0.0
3854	78	0.0
2834	1258	0.0
651	2834	0.0
4458	4225	0.0
2572	2834	0.0
651	4161	0.0
5190	1389	0.0
4568	1314	0.0
2572	3883	0.0
941	3461	0.0
3888	1875	0.0
3616	1078	0.0
880	5029	0.0
255	888	0.0
1251	3447	0.0
1900	4838	0.0
4320	1800	0.0
4425	482	0.478646875034
3863	5333	0.0
1764	5029	0.0
1257	2371	0.0
2035	892	0.0
3844	4320	0.0
155	4742	0.0
4425	3179	0.0
2078	5265	0.0
5333	754	0.60345048433
358	2834	0.498759164134
4858	1682	0.0
5166	3864	0.0
2447	5235	0.0
3854	892	0.0
208	4565	0.0
3756	500	0.0
3486	3077	0.0
2440	1228	0.0
956	2937	0.0
4041	2536	0.0
5186	440	0.0
2035	4041	0.0
1824	2283	0.0
1879	3827	0.0
2724	3543	0.0
5166	872	0.0
3271	1311	0.0
1910	2689	0.0
2783	5007	0.0
3844	804	0.0
4795	3303	0.0
741	859	0.0
4255	5265	0.0
2424	3854	0.0
1053	5265	0.0
4565	2283	0.0
1576	5356	0.0
2316	804	0.0
4350	970	0.0
804	1855	0.0
2045	4542	0.0
5340	982	0.0
2689	5061	0.0
5191	4248	0.0
347	1234	0.0
2035	3844	0.0
5186	2037	0.0
1576	1460	0.0
3144	4164	0.0
3486	5352	0.0
4609	5265	0.0
1939	1800	0.0
2054	1460	0.0
1605	4168	0.0
2582	3583	0.0
545	2536	0.0
5186	518	0.0
1576	1824	0.0
545	831	0.461927021977
2440	482	0.0
2004	2798	0.0
4795	2113	0.0
2798	5235	0.0
3829	1074	0.0
4469	2045	0.0
3777	2724	0.0
2857	5356	0.497729264333
5166	672	0.775132755295
3275	2371	0.0
4928	3883	0.0
4742	4542	0.0
746	3179	0.0
5166	4281	0.0
1953	817	0.0
2738	5191	0.0
746	1900	0.0
1642	1533	0.4996274012
5166	5034	0.0
4928	4795	0.0
3271	2783	0.0
3423	762	0.0
4858	888	0.0
1682	5007	0.0
3864	5190	0.0
2972	1962	0.0
1386	2783	0.0
2783	347	0.0
514	545	0.0
4276	113	0.0
1939	1855	0.0
2834	5333	0.799432436663
1389	1800	0.0
3061	3184	0.0
3105	4609	0.817436800308
3275	1962	0.0
741	2037	0.0
941	4795	0.0
1642	4041	0.0
1386	2719	0.0
2388	3863	0.0
804	880	0.0
3442	3777	0.0
892	817	0.0
3486	4350	0.0
1824	3447	0.0
1576	3583	0.0
3863	3874	0.0
1939	4248	0.0
1898	4742	0.0
1855	3447	0.0
1386	4481	0.0
4928	1939	0.0
2508	892	0.0
4240	1053	0.0
113	817	0.0
537	2945	0.484083326782
4240	3853	0.0
4041	3184	0.0
4401	91	0.0
5115	2798	0.0
2556	4255	0.0
1576	5186	0.0
4565	2113	0.0
4701	3077	0.0
2035	2783	0.0
3599	2689	0.0
3883	4255	0.0
3316	4481	0.0
2945	2536	0.0
3275	4494	0.0
4858	4425	0.0
1875	1170	0.0
514	4701	0.0
4425	2484	0.0
1576	5166	0.0
1955	352	0.0
3316	2467	0.0
255	3234	0.0
4442	3077	0.0
2977	888	0.0
1898	4928	0.0
208	2798	0.0
514	1460	0.0
1764	2388	0.0
1120	3888	0.0
1955	2798	0.0
5323	3979	0.0
3275	2440	0.0
2384	2536	0.0
2467	2536	0.0
1257	5235	0.0
3844	1170	0.0
3441	4928	0.0
4149	859	0.0
1824	4494	0.0
1251	4645	0.0
2972	1258	0.0
1576	4276	0.0
1251	2724	0.0
4494	2783	0.0
1311	514	0.0
4458	2213	0.0
1935	746	0.0
910	926	0.0
1935	2783	0.0
4568	1816	0.0
3777	2619	0.0
2582	1415	0.0
726	746	0.0
5191	514	0.0
4350	78	0.0
4401	2977	0.0
4276	970	0.0
5186	3077	0.0
1074	1948	0.0
3854	4304	0.0
1314	4255	0.0
514	2719	0.0
4246	3234	0.0
1955	2251	0.0
5115	2946	0.0
492	4838	0.0
358	4742	0.0
888	4609	0.0
208	2467	0.0
3275	3486	0.0
2857	3441	0.0
3761	2037	0.615792144562
3061	2798	0.0
5356	2004	0.782570421136
149	4255	0.0
2857	4795	0.485240157077
982	1875	0.0
1824	3442	0.0
194	2113	0.0
4246	2113	0.0
3144	347	0.0
2481	3814	0.0
5356	2724	0.0
4795	4255	0.0
1955	1584	0.0
2283	204	0.0
2251	1170	0.508277397171
4304	3827	0.0
5191	4645	0.0
3844	2054	0.0
4276	3234	0.0
194	4795	0.0
3275	1898	0.0
3599	1898	0.0
440	741	0.0
194	2424	0.0
970	2619	0.0
3979	4887	0.0
1816	4904	0.0
1898	1837	0.0
1953	3447	0.0
1605	982	0.0
3416	1482	0.472990345334
1267	113	0.0
3616	2582	0.0
2035	4248	0.0
1415	1900	0.0
5190	3179	0.0
1764	4701	0.0
911	2619	0.0
2388	2508	0.0
1910	4838	0.0
2857	746	0.0
2508	4469	0.0
5097	2937	0.0
3275	5064	0.0
2371	4565	0.79721613897
1953	2719	0.0
1962	880	0.0
2945	4542	0.445115444212
892	804	0.0
3993	4645	0.0
1267	5007	0.0
1533	204	0.792783026874
3144	4304	0.0
3863	1682	0.0
4494	2283	0.0
1267	5265	0.0
4565	2540	0.0
4186	1800	0.0
1605	2945	0.0
5190	1910	0.0
926	880	0.0
2572	3275	0.0
514	4320	0.0
1935	1389	0.0
3105	4481	0.0
1953	3346	0.0
3854	4742	0.0
1415	2834	0.0
5190	1384	0.0
2424	1389	0.0
2508	4795	0.0
5186	5061	0.0
545	5061	0.0
941	789	0.0
1847	4481	0.0
2467	1783	0.0
1311	4240	0.0
3486	4672	0.0
4246	1053	0.0
5166	347	0.0
3229	3979	0.0
2783	2078	0.0
941	3303	0.0
3829	2609	0.509228916
3356	4500	0.0
973	113	0.0
2689	4149	0.0
4928	2447	0.0
3316	4932	0.0
910	5029	0.0
514	5265	0.0
1824	2738	0.0
2698	1074	0.456202202444
3279	4149	0.0
2719	1816	0.0
3883	804	0.0
5166	4565	0.0
3616	1898	0.0
1910	4742	0.0
1078	3883	0.0
3874	880	0.0
1764	5190	0.0
1511	2371	0.0
3279	2536	0.0
741	5061	0.0
4634	5097	0.0
518	203	0.0
1935	2582	0.0
3583	5340	0.0
3599	5007	0.0
1074	2619	0.0
2037	3447	0.0
440	2556	0.0
3616	2798	0.0
2004	352	0.0
2133	3630	0.0
482	3814	0.0
1764	4320	0.0
5208	4255	0.0
4225	3105	0.0
1764	2719	0.0
2689	2937	0.0
1251	4795	0.0
3835	347	0.0
208	2447	0.0
204	4481	0.0
1939	762	0.0
2946	4325	0.0
1251	347	0.0
2738	78	0.0
2508	2481	0.0
4255	4320	0.0
746	203	0.0
4246	2619	0.0
5166	3543	0.0
4246	4500	0.0
1605	2113	0.0
2251	2945	0.474317755079
1900	113	0.0
2689	2536	0.0
2388	2045	0.0
1847	2689	0.0
1386	1783	0.0
4425	4887	0.0
804	1053	0.0
941	1053	0.0
3844	78	0.0
4119	5034	0.0
746	2113	0.0
3271	4248	0.0
4276	2484	0.0
91	5235	0.0
982	1093	0.0
831	5007	0.0
1898	5265	0.0
5061	3447	0.0
3616	4481	0.0
3423	2283	0.0
970	880	0.0
2440	1910	0.0
804	2283	0.0
204	3814	0.0
4246	5061	0.0
194	4320	0.0
1938	3271	0.0
5352	492	0.0
5166	4904	0.0
4672	5007	0.0
91	2798	0.0
2834	4320	0.0
2698	2078	0.479774035476
1605	208	0.0
4149	1384	0.0
2251	5352	0.0
3979	4500	0.0
4225	2384	0.0
4401	1053	0.0
3077	4887	0.0
2037	817	0.0
3441	5235	0.0
1078	2945	0.0
2035	347	0.0
4932	4255	0.0
514	113	0.0
910	2857	0.0
2045	3184	0.0
347	2206	0.0
4627	2503	0.0
2540	4481	0.0
5340	4248	0.0
880	5007	0.0
5323	2113	0.0
2139	4795	0.0
2946	5235	0.0
492	4645	0.0
3853	4275	0.0
197	1605	0.0
941	5190	0.0
746	1875	0.0
2540	204	0.0
3275	4932	0.0
2440	2719	0.0
3316	1910	0.0
1251	2283	0.0
1258	831	0.0
3144	3441	0.0
537	4645	0.0
746	2503	0.0
4568	1837	0.0
5208	880	0.0
3275	2054	0.0
941	4533	0.0
4494	1875	0.0
1764	3814	0.0
1078	3461	0.0
3864	4240	0.0
2251	5235	0.0
1935	4248	0.0
2619	5029	0.0
1900	3105	0.0
4795	500	0.0
4168	2371	0.0
4401	5097	0.0
2857	518	0.575486544641
5007	5265	0.0
1605	5265	0.0
2035	1939	0.0
4494	2834	0.0
4246	347	0.0
4168	2503	0.0
1935	1847	0.0
2857	2133	0.0
1824	3583	0.0
3423	5333	0.489176695336
5115	5191	0.0
2719	5007	0.0
4568	1267	0.0
910	3486	0.0
4645	1053	0.0
1389	3979	0.0
3777	1258	0.0
1847	3486	0.0
1053	2540	0.0
5166	3234	0.0
2371	1816	0.0
1009	3356	0.0
537	482	0.502909368534
440	4481	0.0
804	859	0.0
1642	2719	0.0
1576	1879	0.0
1605	5340	0.0
1786	4481	0.0
3583	831	0.0
3829	1228	0.0
545	2484	0.0
669	859	0.0
4164	1948	0.0
2139	3416	0.0
5166	2857	0.0
1824	2424	0.0
2572	3844	0.0
982	204	0.0
440	1875	0.0
2078	5235	0.0
358	2946	0.0
3061	1939	0.0
3279	2937	0.0
1605	2447	0.0
4494	3077	0.0
4119	2937	0.0
3316	4161	0.0
2689	4887	0.0
2582	746	0.0
4494	4795	0.0
5208	1875	0.0
5356	1258	0.0
1384	2484	0.0
4246	2045	0.0
1170	3234	0.459304696917
2783	4634	0.0
4168	3416	0.0
3543	2113	0.0
5186	1234	0.0
4742	5007	0.0
3275	1855	0.0
5166	2440	0.0
2004	3184	0.0
2619	4701	0.0
4458	4627	0.0
789	514	0.0
3863	545	0.0
746	4281	0.0
1953	3416	0.0
2139	5097	0.0
4401	1910	0.0
2572	514	0.0
1251	2556	0.0
2834	4304	0.0
2371	1584	0.488382088129
1764	3863	0.0
194	4246	0.0
726	5007	0.0
4928	3229	0.0
1816	5235	0.0
1605	3888	0.0
1120	4425	0.0
5356	3105	0.735501103647
3144	5029	0.52377223952
3864	5191	0.0
956	2834	0.0
3616	817	0.0
3275	4304	0.0
2719	4275	0.0
892	1386	0.0
3486	4494	0.0
2572	2283	0.0
1910	2834	0.0
3693	4255	0.0
2945	3303	0.0
3275	4568	0.0
2689	2037	0.0
4246	2283	0.0
1847	4281	0.0
4161	1783	0.0
4186	4634	0.0
2719	1800	0.0
1576	2424	0.0
1009	5352	0.0
3881	4542	0.559159486982
2619	4742	0.0
5190	3693	0.0
4186	4701	0.0
4164	4248	0.0
3616	2719	0.0
4325	817	0.0
4276	347	0.0
4186	1900	0.0
1935	3993	0.0
4248	804	0.0
2698	1267	0.0
741	4500	0.0
1939	3234	0.0
1251	514	0.0
5166	4350	0.0
2004	3105	0.722277955823
537	3814	0.0
2619	2045	0.0
3441	208	0.0
3316	4627	0.0
941	1002	0.0
2834	2037	0.79721613897
2798	669	0.0
2719	3229	0.0
2139	1251	0.0
4350	1855	0.0
4119	3279	0.0
4041	4609	0.0
2508	2283	0.0
1879	1584	0.0
1955	5235	0.0
1389	817	0.0
3275	5190	0.0
1824	3863	0.0
492	880	0.0
4276	926	0.0
3486	1257	0.0
1576	3486	0.0
3486	2834	0.0
941	1764	0.0
1935	4672	0.0
926	3077	0.0
2977	669	0.455661330306
1824	1837	0.0
1824	2972	0.0
1953	5190	0.0
1078	5190	0.0
4225	545	0.0
789	1816	0.0
3616	2371	0.0
1764	3864	0.0
1939	545	0.0
1939	888	0.0
1948	3883	0.0
255	91	0.0
2609	2540	0.0
4928	4481	0.0
5166	817	0.0
2857	2834	0.478270013156
3442	4887	0.0
3077	5265	0.0
347	4255	0.0
4350	2113	0.0
3993	4248	0.0
1824	2689	0.0
5333	4275	0.0
4795	926	0.438340600554
2388	5190	0.0
4276	4932	0.0
4246	4533	0.0
1938	113	0.0
1953	2004	0.0
4565	4609	0.83586044137
2035	4325	0.0
3630	5265	0.0
910	358	0.0
804	1093	0.0
4350	4742	0.0
2609	5235	0.0
2283	5235	0.0
3853	4609	0.624998124102
2440	4304	0.0
5333	4281	0.529292462876
1533	741	0.0
1384	888	0.0
1311	4275	0.0
5186	2316	0.0
3979	4701	0.0
1935	926	0.0
3599	1900	0.0
4494	91	0.0
1605	5235	0.0
1311	3279	0.0
746	514	0.0
518	1228	0.0
3993	1053	0.0
1764	155	0.0
1879	347	0.0
672	4672	0.0
4401	2206	0.0
1962	4469	0.0
2467	1093	0.0
2582	3863	0.0
3616	1900	0.0
892	2536	0.0
789	2945	0.0
5166	5265	0.0
78	4161	0.0
1786	3346	0.0
4320	3077	0.0
5208	5323	0.0
941	910	0.0
2045	4701	0.0
651	4672	0.0
2035	4701	0.0
3275	741	0.0
2937	3827	0.0
1764	1460	0.0
2857	4627	0.0
3316	4276	0.0
2609	4609	0.517342875469
4276	4565	0.0
1953	2037	0.0
2857	4932	0.0
5190	3756	0.0
1605	4225	0.0
3864	4858	0.0
3888	4904	0.0
3442	4149	0.0
4276	1875	0.0
3543	3447	0.0
347	3853	0.0
1898	4634	0.0
4119	3979	0.0
5064	2945	0.0
2689	4533	0.0
973	1389	0.0
888	1093	0.0
2004	4742	0.0
3486	347	0.0
1953	4672	0.0
2738	2037	0.0
1074	3356	0.0
1384	3416	0.0
3275	5061	0.0
4041	754	0.0
3346	4533	0.0
1764	4246	0.0
3316	817	0.0
4149	514	0.0
3761	726	0.0
4350	3416	0.0
2719	1855	0.0
941	3077	0.0
2937	2283	0.0
1837	1800	0.0
3486	2424	0.0
4795	4887	0.0
910	880	0.0
2424	872	0.0
5097	1875	0.0
4401	746	0.0
2556	1816	0.0
1953	1605	0.0
2424	2037	0.730466107187
2447	3447	0.0
3881	3229	0.0
4164	4481	0.0
2798	3827	0.0
762	1855	0.0
4350	4672	0.0
2424	746	0.0
2424	2834	0.723768156667
2508	1939	0.0
2834	4481	0.0
2582	2206	0.0
4350	3077	0.0
2857	1460	0.0
1078	1482	0.474937526269
746	4742	0.0
2937	3447	0.0
1898	3423	0.0
2738	3463	0.0
5190	754	0.0
1384	3229	0.0
4246	5265	0.0
2045	352	0.0
1764	2371	0.0
1955	746	0.0
1953	2035	0.0
5352	2724	0.0
2037	1053	0.723558022968
1389	2206	0.0
4494	4932	0.0
91	3979	0.0
2972	4246	0.0
1389	2371	0.0
1074	2937	0.0
1847	194	0.0
197	1948	0.0
926	2946	0.0
2582	651	0.0
746	2484	0.0
3835	4500	0.0
970	1879	0.0
3888	2045	0.0
2783	2536	0.0
5352	5034	0.0
5340	492	0.0
1511	2447	0.0
514	926	0.0
2440	3543	0.0
2937	5265	0.0
4246	4281	0.0
1314	2384	0.0
3993	1228	0.0
1120	5356	0.0
5097	3543	0.0
1605	3346	0.0
78	2503	0.0
5166	1460	0.0
197	3077	0.0
1511	1898	0.0
3888	3303	0.0
2572	746	0.0
3461	3346	0.0
2572	3316	0.0
1314	4887	0.0
1935	3543	0.0
4795	3346	0.0
1642	1816	0.0
3275	4246	0.0
892	5007	0.0
3844	982	0.0
789	741	0.0
4928	4469	0.0
2738	1837	0.0
4928	1311	0.0
1935	4425	0.0
5340	3693	0.0
4795	2447	0.0
4458	2582	0.0
2035	2945	0.0
1898	2206	0.0
4246	817	0.0
1314	5064	0.0
1605	4904	0.0
726	4500	0.0
2783	4565	0.0
3854	4320	0.0
1764	3583	0.0
3441	3883	0.0
3863	2945	0.0
746	3416	0.0
5186	4645	0.0
3844	1900	0.0
2037	4248	0.814793960796
2035	817	0.0
3423	926	0.456970342127
1953	4255	0.0
2371	4320	0.0
4276	5097	0.0
3888	926	0.0
194	2283	0.0
651	545	0.0
2283	3346	0.0
2857	3864	0.469545410814
3888	2946	0.0
3616	2937	0.0
1078	4320	0.0
4119	4627	0.0
888	817	0.0
3061	2508	0.0
1605	2467	0.0
1682	804	0.0
741	2536	0.0
5333	4609	0.850741536107
5166	113	0.0
3441	3229	0.0
1824	5007	0.0
347	500	0.0
1576	1314	0.0
352	3346	0.0
4609	1093	0.0
2857	3275	0.0
2572	3229	0.0
3316	1898	0.0
1935	2719	0.0
2054	4533	0.0
1009	2037	0.563570247141
4928	2133	0.0
3864	4542	0.46732396412
4645	4469	0.0
1939	831	0.0
789	1879	0.0
1311	1267	0.0
2035	5323	0.0
3442	4609	0.826043787948
2481	2037	0.0
3486	5097	0.0
1460	4701	0.0
4401	2004	0.0
3844	4168	0.0
5235	2113	0.0
5166	1898	0.0
1935	1314	0.0
5034	4481	0.0
2857	2283	0.0
2467	4542	0.0
1948	4281	0.0
982	2283	0.0
4634	3756	0.0
2857	4248	0.484532433584
5190	2206	0.0
537	1576	0.0
2440	4320	0.0
1955	545	0.0
892	1257	0.0
888	2945	0.0
3881	1314	0.0
817	2447	0.0
1953	4168	0.0
545	2037	0.471167799541
1170	4275	0.0
203	4281	0.0
2689	1093	0.0
3854	3077	0.0
4255	872	0.0
3854	970	0.0
1002	4325	0.0
3854	1533	0.0
3271	3105	0.0
537	4634	0.0
5190	2045	0.0
5061	1258	0.0
2783	888	0.0
78	926	0.0
4645	2504	0.0
3486	5061	0.0
1251	2467	0.0
651	2798	0.0
859	2283	0.0
1415	4500	0.0
2508	2503	0.0
197	4533	0.0
3761	5191	0.0
1824	5034	0.0
3854	2045	0.0
1938	3275	0.0
2582	3630	0.0
1847	4742	0.0
1074	4838	0.0
1258	1482	0.449171663092
4425	4533	0.0
2857	1900	0.0
4255	2078	0.0
4255	1258	0.0
1837	3077	0.0
5097	2945	0.0
1764	1816	0.0
1935	500	0.0
3616	4928	0.0
4168	3461	0.0
2582	514	0.0
4255	4565	0.0
2037	2945	0.466269623896
1847	1962	0.0
2035	1170	0.0
3863	1533	0.0
5034	1267	0.0
3442	4904	0.0
762	4481	0.0
1251	1389	0.0
4255	4701	0.0
746	2719	0.0
651	1314	0.0
545	1855	0.0
2619	3077	0.0
2139	746	0.0
2035	3486	0.0
2251	4701	0.0
5352	3423	0.0
1824	2834	0.0
3864	4186	0.0
4795	859	0.0
1938	5007	0.0
1935	804	0.0
3827	2078	0.0
537	3761	0.48553005746
2582	440	0.0
911	1816	0.0
2719	2447	0.0
1824	2619	0.0
2484	859	0.0
1824	2384	0.0
1898	4425	0.0
2857	2113	0.0
2945	5029	0.446278618614
5208	3854	0.0
1879	762	0.0
982	926	0.0
2857	3061	0.447329498673
1415	2719	0.0
5323	5265	0.0
1898	2447	0.0
3844	2037	0.0
2004	1800	0.0
2508	1314	0.0
2977	4932	0.0
3993	4168	0.0
3616	2388	0.0
3888	2213	0.0
1955	5186	0.0
2977	352	0.0
2857	4542	0.546685154593
1576	2945	0.0
3486	3863	0.0
3888	4442	0.0
2424	5029	0.570689916599
1170	2504	0.0
518	1800	0.0
1314	2503	0.0
1384	3447	0.0
910	3583	0.0
3844	4304	0.0
1009	1053	0.550666293289
3979	5235	0.0
1935	2834	0.0
1816	4627	0.0
3761	1234	0.0
5323	1389	0.0
347	3346	0.0
2035	1460	0.0
3888	208	0.0
2037	2719	0.0
3486	113	0.0
4928	1251	0.0
1935	831	0.0
2834	204	0.659568967037
4246	4350	0.0
2719	2619	0.0
2388	3756	0.0
4276	1251	0.0
5333	888	0.0
3844	5007	0.0
4568	1939	0.0
1605	4928	0.0
149	2004	0.0
2388	3061	0.0
2977	2384	0.0
2937	3346	0.0
2316	2609	0.492193090559
872	3447	0.0
5190	347	0.0
2484	3346	0.0
5208	4742	0.0
1389	3346	0.0
1576	1384	0.0
4149	4304	0.0
2724	2945	0.0
2582	4248	0.0
859	5029	0.0
2582	492	0.0
3835	1389	0.0
3835	3874	0.0
5333	2447	0.0
514	203	0.0
1009	3814	0.0
4458	1642	0.0
1078	669	0.0
1910	2004	0.0
4240	4320	0.0
4246	5235	0.0
941	3630	0.0
4149	5029	0.0
4225	746	0.0
941	1875	0.0
2035	2738	0.0
5186	4281	0.0
5166	3077	0.0
1605	3229	0.0
982	1251	0.0
2424	4246	0.0
3863	2045	0.0
3463	5235	0.0
4565	4481	0.0
1120	2037	0.0
5323	5007	0.0
91	3179	0.0
1605	5323	0.0
4119	4568	0.0
3179	4533	0.0
1786	4533	0.0
2481	2045	0.0
5034	1962	0.0
892	4634	0.0
2582	2738	0.0
1511	3888	0.0
1783	4481	0.0
1605	1314	0.0
4442	2371	0.0
3275	4149	0.0
2798	1093	0.0
4304	2540	0.0
255	2556	0.0
5186	3105	0.0
1074	2540	0.0
1953	1855	0.0
1764	5265	0.0
982	4481	0.0
4186	1875	0.0
941	2582	0.0
2484	4533	0.0
3441	1074	0.0
1783	1093	0.0
2582	1258	0.0
2582	2440	0.0
746	1855	0.0
5208	1511	0.0
1311	817	0.0
956	746	0.0
2619	4533	0.0
3441	4932	0.0
1311	5235	0.0
4186	2206	0.0
1935	3442	0.0
1311	926	0.0
3423	1002	0.0
1386	926	0.0
746	3543	0.0
3864	3883	0.0
746	4838	0.0
1078	4275	0.0
4077	1682	0.0
3271	5190	0.0
2139	1228	0.0
3599	514	0.0
440	1386	0.0
1824	741	0.0
1898	4701	0.0
2783	926	0.0
4320	352	0.0
2316	2206	0.0
1009	4161	0.0
4494	149	0.0
892	973	0.0
2619	113	0.0
3829	1875	0.0
1258	1460	0.0
91	2113	0.0
1576	831	0.0
5166	2619	0.0
1642	4225	0.0
5061	4742	0.0
669	3447	0.0
3835	5323	0.0
941	2133	0.0
4225	4350	0.0
3423	831	0.0
4350	5265	0.0
4304	3077	0.0
1389	5097	0.0
941	514	0.0
1389	4041	0.0
2857	5190	0.0
1939	4887	0.0
2388	2946	0.0
888	1234	0.0
1898	2719	0.0
3275	2719	0.0
3463	5064	0.0
2251	2582	0.0
2139	194	0.0
2689	3279	0.0
5323	4565	0.0
5034	1093	0.0
2619	817	0.0
1875	3184	0.0
3543	5265	0.0
5166	1962	0.0
1935	545	0.0
2738	746	0.0
4442	1482	0.0
3616	347	0.0
1389	3630	0.0
155	2724	0.0
78	4795	0.0
1875	4609	0.0
2572	2447	0.0
970	4161	0.0
2484	2536	0.0
3979	1855	0.0
4276	2037	0.0
4304	1855	0.0
482	762	0.0
3874	672	0.0
1078	3316	0.0
2972	4858	0.0
2689	1800	0.0
1234	5235	0.0
2689	2078	0.0
2972	1386	0.0
2783	1855	0.0
3275	1948	0.775132755295
1824	2388	0.0
3844	2945	0.0
3423	4248	0.489176695336
5190	5333	0.0
492	5235	0.0
2316	2037	0.694914733958
789	2783	0.0
2035	3346	0.0
4225	4248	0.0
5166	1386	0.0
1389	5235	0.0
4246	3346	0.0
4494	78	0.0
1605	2388	0.0
3144	2798	0.0
5356	1311	0.0
2251	3835	0.0
537	3346	0.0
1605	3234	0.0
4858	2371	0.0
3888	1900	0.0
941	1389	0.0
2424	3447	0.0
3583	669	0.0
4225	2719	0.0
5064	3416	0.0
194	1389	0.0
892	347	0.0
5166	203	0.0
741	1816	0.0
4645	1948	0.0
5061	5064	0.0
2798	4481	0.0
4304	2945	0.0
4542	4887	0.0
2719	3979	0.0
155	1389	0.0
4932	1460	0.0
1386	4904	0.0
762	5265	0.0
2719	804	0.0
1078	3863	0.0
440	2447	0.0
4672	1855	0.0
2738	4248	0.0
4240	2946	0.0
4795	2945	0.478351140356
3275	2113	0.0
789	1837	0.0
741	482	0.0
911	204	0.0
2467	4255	0.0
2388	3979	0.0
78	746	0.0
2371	5235	0.0
3993	492	0.0
1953	5166	0.0
2977	5034	0.0
1962	5265	0.0
746	2536	0.0
2283	5265	0.0
194	741	0.0
2738	2054	0.0
911	1875	0.0
2054	4701	0.0
1837	2504	0.0
255	149	0.0
3316	4928	0.0
2481	4701	0.0
5356	4161	0.0
1511	1605	0.0
1764	2283	0.0
2424	5190	0.0
1576	4161	0.0
2035	741	0.0
492	817	0.0
1053	5029	0.611892997761
941	5061	0.0
2206	2371	0.0
2977	762	0.0
4442	4701	0.0
1314	2536	0.0
1605	2689	0.0
3888	1837	0.0
3993	3883	0.0
3874	4932	0.0
941	2572	0.0
3583	5190	0.0
2251	4904	0.0
910	3979	0.0
789	1257	0.0
4168	347	0.0
926	4533	0.0
1389	888	0.0
2388	2977	0.0
3441	982	0.0
4077	1228	0.0
1576	500	0.0
3441	804	0.0
3061	518	0.478138008818
746	3777	0.0
2440	4932	0.0
789	3814	0.0
2977	3271	0.0
910	2206	0.0
1764	817	0.0
4168	1800	0.0
1415	3693	0.0
4494	2719	0.0
1605	5166	0.0
2582	726	0.0
1002	2447	0.0
2139	3761	0.0
3543	1800	0.0
2481	4325	0.0
1824	4795	0.0
492	2213	0.0
746	482	0.0
3777	859	0.0
651	2945	0.0
4240	2536	0.0
2384	5061	0.0
3486	1939	0.0
2738	5265	0.0
5097	514	0.0
746	1002	0.0
941	956	0.0
5097	3827	0.0
4304	741	0.0
3844	5034	0.0
1938	4533	0.0
892	2937	0.0
4858	1386	0.0
941	3447	0.0
926	888	0.0
5208	3077	0.0
973	2504	0.0
1009	4255	0.0
4246	4276	0.0
5323	500	0.0
3599	3077	0.0
1837	3979	0.0
4276	4742	0.0
4276	4481	0.0
2798	4887	0.0
982	4248	0.0
1386	2689	0.0
4458	2504	0.0
3061	3486	0.0
1847	5265	0.0
3275	4565	0.0
5034	3543	0.0
4119	672	0.0
817	1855	0.0
1386	4500	0.0
2035	4500	0.0
3461	831	0.0
5340	5235	0.0
3275	2481	0.0
1824	817	0.0
2698	1855	0.0
1386	2619	0.0
5097	1002	0.0
5191	482	0.0
4350	4932	0.0
4481	3756	0.0
1955	1311	0.0
2724	3234	0.0
2977	672	0.0
4246	2037	0.0
3874	2113	0.0
2619	2113	0.0
1576	4304	0.0
4742	4533	0.0
194	1962	0.0
4494	2467	0.0
3864	1910	0.0
1962	4248	0.0
1764	789	0.0
2388	3461	0.0
5208	789	0.0
1847	859	0.0
2724	3346	0.0
2834	3077	0.0
3144	1389	0.0
1764	3835	0.0
3599	1257	0.0
203	5029	0.0
746	5029	0.0
3463	3883	0.0
3881	1257	0.0
3316	1783	0.0
3881	5007	0.0
4119	3630	0.0
941	1258	0.0
2689	91	0.0
1009	2384	0.0
4168	5235	0.0
2481	4565	0.0
726	4533	0.0
2440	1939	0.0
4932	3105	0.0
941	5064	0.0
4246	5190	0.0
518	545	0.58606552005
5115	1837	0.0
203	4701	0.0
4928	3447	0.0
