1234	4701	0.01
4701	1234	0.01
892	5190	1.0
5190	892	1.0
2798	2045	1.0
2045	2798	1.0
4469	1078	0.01
1078	4469	0.01
2582	2972	1.0
2972	2582	1.0
4149	5235	0.01
5235	4149	0.01
3463	1511	0.01
1511	3463	0.01
4119	1267	0.01
1267	4119	0.01
4276	1078	1.0
1078	4276	1.0
1879	1533	0.01
1533	1879	0.01
1533	3316	0.01
3316	1533	0.01
4858	2316	0.01
2316	4858	0.01
1953	746	1.0
746	1953	1.0
2857	5061	0.01
5061	2857	0.01
3486	789	1.0
789	3486	1.0
4240	1078	0.01
1078	4240	0.01
880	4672	1.0
4672	880	1.0
2133	2582	1.0
2582	2133	1.0
2447	1251	1.0
1251	2447	1.0
3883	1576	0.01
1576	3883	0.01
1078	204	0.01
204	1078	0.01
3827	113	0.01
113	3827	0.01
440	746	1.0
746	440	1.0
1576	1879	0.01
1879	1576	0.01
1855	1074	1.0
1074	1855	1.0
926	5265	1.0
5265	926	1.0
3854	358	0.01
358	3854	0.01
1786	4119	0.01
4119	1786	0.01
941	2113	1.0
2113	941	1.0
1384	2698	0.01
2698	1384	0.01
4161	2540	0.01
2540	4161	0.01
5352	2724	0.01
2724	5352	0.01
3423	5333	1.0
5333	3423	1.0
2798	1783	1.0
1783	2798	1.0
1314	2503	0.01
2503	1314	0.01
514	1953	1.0
1953	514	1.0
1511	1078	0.01
1078	1511	0.01
352	2440	0.01
2440	352	0.01
1800	1898	1.0
1898	1800	1.0
2834	5235	0.01
5235	2834	0.01
4795	926	1.0
926	4795	1.0
3693	5340	0.01
5340	3693	0.01
3835	3864	1.0
3864	3835	1.0
4164	1093	0.01
1093	4164	0.01
888	1009	0.01
1009	888	0.01
3864	1311	1.0
1311	3864	1.0
2045	4255	1.0
4255	2045	1.0
4565	2834	1.0
2834	4565	1.0
4225	4458	0.01
4458	4225	0.01
831	5166	0.01
5166	831	0.01
3630	4858	0.01
4858	3630	0.01
4149	545	1.0
545	4149	1.0
3077	2937	1.0
2937	3077	1.0
926	1935	1.0
1935	926	1.0
4795	4494	1.0
4494	4795	1.0
2481	3829	0.01
3829	2481	0.01
5333	754	0.01
754	5333	0.01
1009	973	0.01
973	1009	0.01
3061	2857	0.01
2857	3061	0.01
4161	4320	0.01
4320	4161	0.01
4533	1938	1.0
1938	4533	1.0
2251	5352	0.01
5352	2251	0.01
4276	1311	0.01
1311	4276	0.01
2572	3883	1.0
3883	2572	1.0
2798	1576	1.0
1576	2798	1.0
3416	440	0.01
440	3416	0.01
1482	4442	0.01
4442	1482	0.01
4186	5034	0.01
5034	4186	0.01
208	1939	0.01
1939	208	0.01
4469	482	0.01
482	4469	0.01
4325	3229	0.01
3229	4325	0.01
2798	651	1.0
651	2798	1.0
1002	4565	1.0
4565	1002	1.0
4634	3599	0.01
3599	4634	0.01
1875	2619	1.0
2619	1875	1.0
880	5235	1.0
5235	880	1.0
1948	3756	0.01
3756	1948	0.01
2503	872	0.01
872	2503	0.01
2783	746	1.0
746	2783	1.0
1251	2582	1.0
2582	1251	1.0
3179	2619	1.0
2619	3179	1.0
1939	2283	1.0
2283	1939	1.0
2945	1314	1.0
1314	2945	1.0
3616	4225	1.0
4225	3616	1.0
3583	1764	0.01
1764	3583	0.01
3486	3814	0.01
3814	3486	0.01
4928	1311	0.01
1311	4928	0.01
3077	1605	1.0
1605	3077	1.0
5190	746	1.0
746	5190	1.0
4255	4932	1.0
4932	4255	1.0
5190	3777	0.01
3777	5190	0.01
4469	1482	0.01
1482	4469	0.01
4255	1605	1.0
1605	4255	1.0
817	2937	1.0
2937	817	1.0
4304	3993	0.01
3993	4304	0.01
817	4672	1.0
4672	817	1.0
2447	2937	1.0
2937	2447	1.0
5190	537	0.01
537	5190	0.01
872	746	1.0
746	872	1.0
4164	726	0.01
726	4164	0.01
3144	4281	0.01
4281	3144	0.01
1935	4248	1.0
4248	1935	1.0
2582	4904	1.0
4904	2582	1.0
2447	1093	1.0
1093	2447	1.0
4119	5034	0.01
5034	4119	0.01
3827	1002	0.01
1002	3827	0.01
4041	1642	0.01
1642	4041	0.01
5190	2536	1.0
2536	5190	1.0
5235	2133	1.0
2133	5235	1.0
4928	1824	0.01
1824	4928	0.01
2738	1267	0.01
1267	2738	0.01
4246	2113	1.0
2113	4246	1.0
5190	2481	1.0
2481	5190	1.0
2582	3616	0.01
3616	2582	0.01
5190	2045	1.0
2045	5190	1.0
4627	1938	0.01
1938	4627	0.01
5097	2719	0.01
2719	5097	0.01
3486	5007	1.0
5007	3486	1.0
4565	3275	1.0
3275	4565	1.0
4627	3543	0.01
3543	4627	0.01
5235	2946	0.01
2946	5235	0.01
746	2540	0.01
2540	746	0.01
3543	5166	1.0
5166	3543	1.0
3888	4248	1.0
4248	3888	1.0
3271	1938	0.01
1938	3271	0.01
888	2283	1.0
2283	888	1.0
1682	4077	1.0
4077	1682	1.0
2508	1875	1.0
1875	2508	1.0
3275	2113	1.0
2113	3275	1.0
2447	1511	1.0
1511	2447	1.0
2508	3854	1.0
3854	2508	1.0
2481	4565	1.0
4565	2481	1.0
3442	4240	0.01
4240	3442	0.01
1898	155	0.01
155	1898	0.01
2467	1783	1.0
1783	2467	1.0
2508	2536	1.0
2536	2508	1.0
789	2619	1.0
2619	789	1.0
2037	3761	0.01
3761	2037	0.01
5007	746	1.0
746	5007	1.0
3883	982	1.0
982	3883	1.0
2133	1953	1.0
1953	2133	1.0
5166	4568	1.0
4568	5166	1.0
1682	804	0.01
804	1682	0.01
5166	5323	1.0
5323	5166	1.0
4041	2213	0.01
2213	4041	0.01
5190	2206	1.0
2206	5190	1.0
3486	1234	0.01
1234	3486	0.01
1824	2619	1.0
2619	1824	1.0
2937	4887	0.01
4887	2937	0.01
892	2283	1.0
2283	892	1.0
4304	3144	0.01
3144	4304	0.01
2572	255	0.01
255	2572	0.01
3184	1824	0.01
1824	3184	0.01
3844	2481	0.01
2481	3844	0.01
1311	2037	1.0
2037	1311	1.0
2977	3423	1.0
3423	2977	1.0
4565	2113	1.0
2113	4565	1.0
5115	5208	0.01
5208	5115	0.01
4742	1910	0.01
1910	4742	0.01
3229	982	1.0
982	3229	1.0
2857	492	0.01
492	2857	0.01
872	1824	0.01
1824	872	0.01
1900	2834	1.0
2834	1900	1.0
2798	3829	1.0
3829	2798	1.0
880	4904	1.0
4904	880	1.0
4276	1948	0.01
1948	4276	0.01
1824	4304	1.0
4304	1824	1.0
5190	3442	0.01
3442	5190	0.01
754	4645	0.01
4645	754	0.01
859	1009	0.01
1009	859	0.01
3979	2054	0.01
2054	3979	0.01
1898	3184	0.01
3184	1898	0.01
2035	5166	1.0
5166	2035	1.0
831	941	1.0
941	831	1.0
1093	2133	1.0
2133	1093	1.0
2251	2582	1.0
2582	2251	1.0
1855	3441	0.01
3441	1855	0.01
1816	1642	0.01
1642	1816	0.01
113	4276	0.01
4276	113	0.01
1837	2045	1.0
2045	1837	1.0
1605	1953	1.0
1953	1605	1.0
1093	1898	1.0
1898	1093	1.0
1824	2946	1.0
2946	1824	1.0
3888	4928	1.0
4928	3888	1.0
1093	982	1.0
982	1093	1.0
1605	1314	1.0
1314	1605	1.0
2078	514	0.01
514	2078	0.01
2582	817	0.01
817	2582	0.01
5186	941	1.0
941	5186	1.0
2783	2937	1.0
2937	2783	1.0
1783	1962	0.01
1962	1783	0.01
4255	2508	0.01
2508	4255	0.01
3583	3229	0.01
3229	3583	0.01
3616	926	1.0
926	3616	1.0
3863	3486	0.01
3486	3863	0.01
2054	5097	0.01
5097	2054	0.01
5208	2937	1.0
2937	5208	1.0
1939	2619	1.0
2619	1939	1.0
892	973	0.01
973	892	0.01
880	492	0.01
492	880	0.01
4565	5166	1.0
5166	4565	1.0
4275	3275	1.0
3275	4275	1.0
4609	5333	0.01
5333	4609	0.01
3827	4225	0.01
4225	3827	0.01
1875	941	1.0
941	1875	1.0
880	1783	0.01
1783	880	0.01
1251	2467	1.0
2467	1251	1.0
4240	5340	0.01
5340	4240	0.01
2508	1311	1.0
1311	2508	1.0
2447	440	1.0
440	2447	1.0
2972	4350	0.01
4350	2972	0.01
4609	1120	0.01
1120	4609	0.01
4609	1935	0.01
1935	4609	0.01
2206	1251	1.0
1251	2206	1.0
4248	3993	0.01
3993	4248	0.01
2251	5007	0.01
5007	2251	0.01
2937	956	0.01
956	2937	0.01
2572	4565	1.0
4565	2572	1.0
518	3814	0.01
3814	518	0.01
4350	4225	0.01
4225	4350	0.01
514	2206	1.0
2206	514	1.0
3864	4627	0.01
4627	3864	0.01
831	3844	1.0
3844	831	1.0
2783	4565	1.0
4565	2783	1.0
1605	3279	0.01
3279	1605	0.01
1053	4168	0.01
4168	1053	0.01
5190	4350	1.0
4350	5190	1.0
5190	926	1.0
926	5190	1.0
545	3829	1.0
3829	545	1.0
3844	5190	1.0
5190	3844	1.0
5265	5007	1.0
5007	5265	1.0
2698	1267	0.01
1267	2698	0.01
5235	1955	0.01
1955	5235	0.01
545	982	1.0
982	545	1.0
3486	5323	1.0
5323	3486	1.0
2798	973	1.0
973	2798	1.0
4542	3275	1.0
3275	4542	1.0
440	1939	1.0
1939	440	1.0
1257	2133	1.0
2133	1257	1.0
973	926	0.01
926	973	0.01
3864	2503	0.01
2503	3864	0.01
1258	2834	0.01
2834	1258	0.01
4077	1962	0.01
1962	4077	0.01
1511	1900	0.01
1900	1511	0.01
2484	2536	1.0
2536	2484	1.0
956	1875	0.01
1875	956	0.01
2798	2503	1.0
2503	2798	1.0
4255	3599	1.0
3599	4255	1.0
4240	3693	0.01
3693	4240	0.01
1267	1311	0.01
1311	1267	0.01
1170	5208	0.01
5208	1170	0.01
3179	3275	0.01
3275	3179	0.01
2798	1955	1.0
1955	2798	1.0
2004	3184	0.01
3184	2004	0.01
1415	2582	1.0
2582	1415	1.0
3275	1078	1.0
1078	3275	1.0
5097	1533	0.01
1533	5097	0.01
5235	2937	1.0
2937	5235	1.0
4325	5265	0.01
5265	4325	0.01
545	2037	1.0
2037	545	1.0
1460	3275	1.0
3275	1460	1.0
545	2798	0.01
2798	545	0.01
4350	5323	1.0
5323	4350	1.0
3077	1257	1.0
1257	3077	1.0
2536	5265	1.0
5265	2536	1.0
2798	5235	1.0
5235	2798	1.0
4634	4932	1.0
4932	4634	1.0
2484	1898	1.0
1898	2484	1.0
956	941	0.01
941	956	0.01
2206	2113	1.0
2113	2206	1.0
817	3844	1.0
3844	817	1.0
2783	3275	1.0
3275	2783	1.0
3275	5323	1.0
5323	3275	1.0
754	358	0.01
358	754	0.01
4858	3864	0.01
3864	4858	0.01
1800	3105	1.0
3105	1800	1.0
1311	4240	1.0
4240	1311	1.0
2798	1078	1.0
1078	2798	1.0
1900	746	1.0
746	1900	1.0
3077	2536	1.0
2536	3077	1.0
1824	1078	1.0
1078	1824	1.0
3616	1682	0.01
1682	3616	0.01
3077	5186	0.01
5186	3077	0.01
2783	4276	1.0
4276	2783	1.0
1939	4248	1.0
4248	1939	1.0
1576	4304	1.0
4304	1576	1.0
5340	3416	0.01
3416	5340	0.01
492	2937	1.0
2937	492	1.0
4494	4350	1.0
4350	4494	1.0
500	4149	0.01
4149	500	0.01
3077	3543	1.0
3543	3077	1.0
1962	1816	1.0
1816	1962	1.0
1002	2139	0.01
2139	1002	0.01
4304	2619	1.0
2619	4304	1.0
5190	2388	0.01
2388	5190	0.01
3993	1786	1.0
1786	3993	1.0
204	2540	0.01
2540	204	0.01
3844	1837	1.0
1837	3844	1.0
1800	3447	1.0
3447	1800	1.0
3184	3874	0.01
3874	3184	0.01
3447	4928	1.0
4928	3447	1.0
831	4542	1.0
4542	831	1.0
3881	1898	1.0
1898	3881	1.0
4795	4350	1.0
4350	4795	1.0
2946	5097	0.01
5097	2946	0.01
789	5166	1.0
5166	789	1.0
3777	5265	1.0
5265	3777	1.0
3827	2213	0.01
2213	3827	0.01
2783	4350	1.0
4350	2783	1.0
194	2113	1.0
2113	194	1.0
1824	2283	1.0
2283	1824	1.0
4645	1257	0.01
1257	4645	0.01
4240	3979	0.01
3979	4240	0.01
2388	1962	0.01
1962	2388	0.01
4246	2037	1.0
2037	4246	1.0
4149	3279	0.01
3279	4149	0.01
1955	1847	0.01
1847	1955	0.01
1786	1257	1.0
1257	1786	1.0
1898	2035	1.0
2035	1898	1.0
4500	1386	0.01
1386	4500	0.01
4533	1875	1.0
1875	4533	1.0
3279	5265	0.01
5265	3279	0.01
2481	2508	0.01
2508	2481	0.01
1251	746	1.0
746	1251	1.0
1386	4645	0.01
4645	1386	0.01
1962	1257	1.0
1257	1962	1.0
926	2619	1.0
2619	926	1.0
514	5191	0.01
5191	514	0.01
2283	2619	1.0
2619	2283	1.0
2536	2035	1.0
2035	2536	1.0
2738	1824	0.01
1824	2738	0.01
1093	4672	1.0
4672	1093	1.0
892	2937	1.0
2937	892	1.0
1837	5166	1.0
5166	1837	1.0
194	1847	0.01
1847	194	0.01
1824	726	0.01
726	1824	0.01
3864	5265	0.01
5265	3864	0.01
2619	4672	1.0
4672	2619	1.0
3827	2078	0.01
2078	3827	0.01
4325	1002	0.01
1002	4325	0.01
2484	982	1.0
982	2484	1.0
5265	2619	1.0
2619	5265	1.0
3844	4248	1.0
4248	3844	1.0
1576	1953	1.0
1953	1576	1.0
2139	2798	1.0
2798	2139	1.0
5190	2037	1.0
2037	5190	1.0
2133	2689	0.01
2689	2133	0.01
2619	3863	1.0
3863	2619	1.0
3864	4248	1.0
4248	3864	1.0
651	1093	0.01
1093	651	0.01
1824	746	1.0
746	1824	1.0
2738	1955	0.01
1955	2738	0.01
4275	2582	1.0
2582	4275	1.0
1074	5323	1.0
5323	1074	1.0
4149	3275	0.01
3275	4149	0.01
2503	2504	0.01
2504	2503	0.01
2689	5007	0.01
5007	2689	0.01
5190	4281	1.0
4281	5190	1.0
1786	4565	1.0
4565	1786	1.0
4276	2037	1.0
2037	4276	1.0
2536	4304	1.0
4304	2536	1.0
4041	746	1.0
746	4041	1.0
4255	4904	1.0
4904	4255	1.0
4609	2946	0.01
2946	4609	0.01
2206	5166	1.0
5166	2206	1.0
2508	1078	1.0
1078	2508	1.0
255	4469	0.01
4469	255	0.01
1900	4442	0.01
4442	1900	0.01
4928	1900	0.01
1900	4928	0.01
545	2536	1.0
2536	545	1.0
1460	1962	0.01
1962	1460	0.01
4276	1953	1.0
1953	4276	1.0
5235	5340	0.01
5340	5235	0.01
3854	4276	1.0
4276	3854	1.0
5265	4932	1.0
4932	5265	1.0
4458	2504	0.01
2504	4458	0.01
3864	4240	1.0
4240	3864	1.0
1875	2054	0.01
2054	1875	0.01
1800	1576	1.0
1576	1800	1.0
5235	4928	1.0
4928	5235	1.0
2945	1605	1.0
1605	2945	1.0
789	746	1.0
746	789	1.0
3693	4742	0.01
4742	3693	0.01
926	2946	1.0
2946	926	1.0
5235	3463	0.01
3463	5235	0.01
4246	2035	1.0
2035	4246	1.0
194	358	0.01
358	194	0.01
1078	2946	1.0
2946	1078	1.0
1953	4645	0.01
4645	1953	0.01
78	2213	0.01
2213	78	0.01
5190	1855	1.0
1855	5190	1.0
872	4255	0.01
4255	872	0.01
2251	4904	0.01
4904	2251	0.01
3184	1093	1.0
1093	3184	1.0
3853	3979	1.0
3979	3853	1.0
1855	2035	1.0
2035	1855	1.0
4275	2977	0.01
2977	4275	0.01
1837	4565	1.0
4565	1837	1.0
1824	4255	0.01
4255	1824	0.01
817	4350	1.0
4350	817	1.0
2972	4932	0.01
4932	2972	0.01
941	4041	1.0
4041	941	1.0
1074	892	0.01
892	1074	0.01
3543	4932	1.0
4932	3543	1.0
5186	3979	0.01
3979	5186	0.01
4149	1384	0.01
1384	4149	0.01
545	941	1.0
941	545	1.0
492	941	1.0
941	492	1.0
2371	5356	0.01
5356	2371	0.01
4401	5097	0.01
5097	4401	0.01
2977	4255	0.01
4255	2977	0.01
910	3979	0.01
3979	910	0.01
4442	113	0.01
113	4442	0.01
2619	746	1.0
746	2619	1.0
941	3275	1.0
3275	941	1.0
4542	3881	0.01
3881	4542	0.01
1170	2977	0.01
2977	1170	0.01
440	3761	0.01
3761	440	0.01
5064	4275	1.0
4275	5064	1.0
2945	4565	1.0
4565	2945	1.0
941	2467	0.01
2467	941	0.01
2719	651	0.01
651	2719	0.01
872	5029	0.01
5029	872	0.01
2834	3144	0.01
3144	2834	0.01
880	3853	0.01
3853	880	0.01
3275	2035	1.0
2035	3275	1.0
1800	4186	0.01
4186	1800	0.01
3416	3144	0.01
3144	3416	0.01
1824	888	1.0
888	1824	1.0
4565	2503	0.01
2503	4565	0.01
4494	4246	1.0
4246	4494	1.0
4672	672	0.01
672	4672	0.01
789	941	1.0
941	789	1.0
3583	892	0.01
892	3583	0.01
1935	2582	1.0
2582	1935	1.0
5064	2467	0.01
2467	5064	0.01
1257	4565	0.01
4565	1257	0.01
2798	4164	1.0
4164	2798	1.0
5186	1953	0.01
1953	5186	0.01
1953	910	0.01
910	1953	0.01
1234	2582	0.01
2582	1234	0.01
537	888	1.0
888	537	1.0
2133	5323	0.01
5323	2133	0.01
1786	3346	0.01
3346	1786	0.01
2035	3583	0.01
3583	2035	0.01
4533	4425	0.01
4425	4533	0.01
4350	2508	0.01
2508	4350	0.01
1837	1855	1.0
1855	1837	1.0
3077	2609	1.0
2609	3077	1.0
1764	4469	0.01
4469	1764	0.01
4350	2556	0.01
2556	4350	0.01
2572	3844	0.01
3844	2572	0.01
5007	2724	0.01
2724	5007	0.01
4627	2503	0.01
2503	4627	0.01
3279	2536	0.01
2536	3279	0.01
4149	3835	0.01
3835	4149	0.01
4442	3888	0.01
3888	4442	0.01
817	2037	1.0
2037	817	1.0
1605	762	0.01
762	1605	0.01
1386	440	0.01
440	1386	0.01
2536	911	0.01
911	2536	0.01
4119	4568	0.01
4568	4119	0.01
4634	1786	0.01
1786	4634	0.01
1682	5007	0.01
5007	1682	0.01
4904	746	1.0
746	4904	1.0
149	746	1.0
746	149	1.0
2447	1415	1.0
1415	2447	1.0
1460	4350	1.0
4350	1460	1.0
1824	926	1.0
926	1824	1.0
817	4255	1.0
4255	817	1.0
3275	2481	0.01
2481	3275	0.01
2945	1855	1.0
1855	2945	1.0
4565	2139	0.01
2139	4565	0.01
1384	194	0.01
194	1384	0.01
3844	5166	1.0
5166	3844	1.0
1009	1511	0.01
1511	1009	0.01
500	926	0.01
926	500	0.01
5265	2283	1.0
2283	5265	1.0
1955	352	0.01
352	1955	0.01
2798	1093	1.0
1093	2798	1.0
5235	2283	1.0
2283	5235	1.0
2798	204	1.0
204	2798	1.0
1386	4425	0.01
4425	1386	0.01
3863	4565	0.01
4565	3863	0.01
956	1257	0.01
1257	956	0.01
3583	1576	0.01
1576	3583	0.01
2738	3463	0.01
3463	2738	0.01
2037	3061	0.01
3061	2037	0.01
831	4255	1.0
4255	831	1.0
4255	3888	0.01
3888	4255	0.01
3271	1311	0.01
1311	3271	0.01
2467	2937	1.0
2937	2467	1.0
2139	746	1.0
746	2139	1.0
3486	3275	1.0
3275	3486	1.0
2447	3441	1.0
3441	2447	1.0
3423	926	1.0
926	3423	1.0
1074	4248	0.01
4248	1074	0.01
1053	4481	0.01
4481	1053	0.01
2946	3179	0.01
3179	2946	0.01
2977	1389	0.01
1389	2977	0.01
3184	203	0.01
203	3184	0.01
1955	482	0.01
482	1955	0.01
2283	3616	0.01
3616	2283	0.01
1948	1955	0.01
1955	1948	0.01
5235	2582	1.0
2582	5235	1.0
1093	4458	0.01
4458	1093	0.01
1576	4350	1.0
4350	1576	1.0
3275	5007	1.0
5007	3275	1.0
888	982	0.01
982	888	0.01
892	1800	1.0
1800	892	1.0
2283	1764	0.01
1764	2283	0.01
1764	2316	0.01
2316	1764	0.01
2536	5323	1.0
5323	2536	1.0
2206	4276	1.0
4276	2206	1.0
2206	3271	1.0
3271	2206	1.0
726	1053	0.01
1053	726	0.01
2582	440	0.01
440	2582	0.01
347	892	0.01
892	347	0.01
1816	3888	0.01
3888	1816	0.01
1898	1953	1.0
1953	1898	1.0
4609	5265	1.0
5265	4609	1.0
4246	4858	0.01
4858	4246	0.01
1009	4425	0.01
4425	1009	0.01
1847	1783	0.01
1783	1847	0.01
2945	2572	0.01
2572	2945	0.01
5190	3543	1.0
3543	5190	1.0
2078	3599	0.01
3599	2078	0.01
4494	1605	1.0
1605	4494	1.0
817	5166	1.0
5166	817	1.0
4246	3271	1.0
3271	4246	1.0
4458	1855	0.01
1855	4458	0.01
2467	3303	0.01
3303	2467	0.01
651	1314	0.01
1314	651	0.01
3441	3229	1.0
3229	3441	1.0
1234	754	0.01
754	1234	0.01
1415	1605	1.0
1605	1415	1.0
2133	2857	0.01
2857	2133	0.01
1786	2937	1.0
2937	1786	1.0
2572	1962	0.01
1962	2572	0.01
1074	1533	0.01
1533	1074	0.01
789	1642	0.01
1642	789	0.01
4795	4565	1.0
4565	4795	1.0
3275	2037	1.0
2037	3275	1.0
651	4838	0.01
4838	651	0.01
2719	1682	0.01
1682	2719	0.01
4275	3853	0.01
3853	4275	0.01
492	831	0.01
831	492	0.01
2798	1311	1.0
1311	2798	1.0
4904	4119	0.01
4119	4904	0.01
4275	2619	1.0
2619	4275	1.0
1533	892	0.01
892	1533	0.01
5061	545	0.01
545	5061	0.01
2689	754	0.01
754	2689	0.01
3234	1939	0.01
1939	3234	0.01
4565	746	1.0
746	4565	1.0
4533	4255	1.0
4255	4533	1.0
1935	1939	1.0
1939	1935	1.0
197	4246	0.01
4246	197	0.01
1093	746	1.0
746	1093	1.0
3316	746	0.01
746	3316	0.01
892	4565	1.0
4565	892	1.0
3442	482	0.01
482	3442	0.01
2719	4119	0.01
4119	2719	0.01
789	1939	1.0
1939	789	1.0
5208	5323	1.0
5323	5208	1.0
2783	2536	1.0
2536	2783	1.0
4533	1939	1.0
1939	4533	1.0
672	3874	0.01
3874	672	0.01
113	5235	1.0
5235	113	1.0
2508	1605	1.0
1605	2508	1.0
762	5097	0.01
5097	762	0.01
5235	982	1.0
982	5235	1.0
3229	859	0.01
859	3229	0.01
1875	3829	0.01
3829	1875	0.01
2834	2857	0.01
2857	2834	0.01
1935	2834	1.0
2834	1935	1.0
2798	3271	1.0
3271	2798	1.0
3599	1900	0.01
1900	3599	0.01
4494	1053	0.01
1053	4494	0.01
941	3316	1.0
3316	941	1.0
3234	4838	0.01
4838	3234	0.01
1170	1576	0.01
1576	1170	0.01
3486	4494	1.0
4494	3486	1.0
1093	2738	0.01
2738	1093	0.01
3229	1384	0.01
1384	3229	0.01
4276	4672	1.0
4672	4276	1.0
2536	888	1.0
888	2536	1.0
2133	3829	0.01
3829	2133	0.01
5265	2937	1.0
2937	5265	1.0
1605	197	0.01
197	1605	0.01
1847	4542	0.01
4542	1847	0.01
4275	4568	1.0
4568	4275	1.0
500	3275	1.0
3275	500	1.0
746	1786	0.01
1786	746	0.01
3835	5265	1.0
5265	3835	1.0
4469	3105	0.01
3105	4469	0.01
3316	2572	0.01
2572	3316	0.01
3864	1093	0.01
1093	3864	0.01
817	2035	1.0
2035	817	1.0
5190	1910	0.01
1910	5190	0.01
5235	2078	1.0
2078	5235	1.0
2467	982	1.0
982	2467	1.0
2508	4634	0.01
4634	2508	0.01
3447	2037	1.0
2037	3447	1.0
746	3303	1.0
3303	746	1.0
888	2035	1.0
2035	888	1.0
3077	3854	1.0
3854	3077	1.0
2503	4672	0.01
4672	2503	0.01
3275	1900	0.01
1900	3275	0.01
1898	1234	0.01
1234	1898	0.01
4645	3543	0.01
3543	4645	0.01
514	4350	1.0
4350	514	1.0
2977	2857	0.01
2857	2977	0.01
941	3863	1.0
3863	941	1.0
2503	2582	1.0
2582	2503	1.0
197	4240	0.01
4240	197	0.01
4928	4795	0.01
4795	4928	0.01
3854	5166	1.0
5166	3854	1.0
2798	4565	0.01
4565	2798	0.01
5191	482	0.01
482	5191	0.01
2440	1847	0.01
1847	2440	0.01
941	3583	1.0
3583	941	1.0
4276	1642	0.01
1642	4276	0.01
1389	910	0.01
910	1389	0.01
4119	3234	0.01
3234	4119	0.01
1576	4246	1.0
4246	1576	1.0
2536	2972	1.0
2972	2536	1.0
4533	1953	1.0
1953	4533	1.0
1257	2689	0.01
2689	1257	0.01
1855	5340	0.01
5340	1855	0.01
5029	4161	0.01
4161	5029	0.01
804	973	0.01
973	804	0.01
3854	1875	1.0
1875	3854	1.0
3275	4932	1.0
4932	3275	1.0
204	911	0.01
911	204	0.01
514	3275	1.0
3275	514	1.0
4246	4887	0.01
4887	4246	0.01
789	2783	1.0
2783	789	1.0
3543	4350	1.0
4350	3543	1.0
2503	956	0.01
956	2503	0.01
3447	872	1.0
872	3447	1.0
3883	4838	0.01
4838	3883	0.01
2783	514	1.0
514	2783	1.0
3543	1935	0.01
1935	3543	0.01
2738	1053	0.01
1053	2738	0.01
5166	804	0.01
804	5166	0.01
3835	1939	1.0
1939	3835	1.0
3874	4568	0.01
4568	3874	0.01
545	4255	1.0
4255	545	1.0
2133	2113	0.01
2113	2133	0.01
926	4246	1.0
4246	926	1.0
2724	1093	0.01
1093	2724	0.01
892	2035	1.0
2035	892	1.0
1460	1783	0.01
1783	1460	0.01
926	3693	0.01
3693	926	0.01
358	500	1.0
500	358	1.0
3777	1267	1.0
1267	3777	1.0
514	926	1.0
926	514	1.0
5191	1053	0.01
1053	5191	0.01
5356	970	0.01
970	5356	0.01
4161	4565	0.01
4565	4161	0.01
5029	804	0.01
804	5029	0.01
1800	4246	1.0
4246	1800	1.0
518	203	0.01
203	518	0.01
2857	2946	0.01
2946	2857	0.01
2467	1800	0.01
1800	2467	0.01
1584	4164	0.01
4164	1584	0.01
926	1605	1.0
1605	926	1.0
4904	5029	0.01
5029	4904	0.01
1074	1910	0.01
1910	1074	0.01
2798	2424	0.01
2424	2798	0.01
3229	5235	1.0
5235	3229	1.0
2045	352	0.01
352	2045	0.01
4255	4350	1.0
4350	4255	1.0
1855	3316	1.0
3316	1855	1.0
78	956	0.01
956	78	0.01
2556	4565	1.0
4565	2556	1.0
2206	1576	1.0
1576	2206	1.0
113	5166	0.01
5166	113	0.01
2054	3777	0.01
3777	2054	0.01
1311	113	0.01
113	1311	0.01
741	2738	0.01
2738	741	0.01
1939	1953	1.0
1953	1939	1.0
2133	1783	1.0
1783	2133	1.0
5190	5064	1.0
5064	5190	1.0
545	1939	1.0
1939	545	1.0
831	746	1.0
746	831	1.0
3888	5323	1.0
5323	3888	1.0
5235	3275	1.0
3275	5235	1.0
3854	746	1.0
746	3854	1.0
2937	2540	0.01
2540	2937	0.01
817	3979	0.01
3979	817	0.01
1642	2440	0.01
2440	1642	0.01
3077	2283	1.0
2283	3077	1.0
514	746	1.0
746	514	1.0
5265	1053	0.01
1053	5265	0.01
3888	4533	1.0
4533	3888	1.0
1460	4494	1.0
4494	1460	1.0
789	5265	1.0
5265	789	1.0
1800	746	1.0
746	1800	1.0
1533	1482	0.01
1482	1533	0.01
2536	941	1.0
941	2536	1.0
4542	2037	0.01
2037	4542	0.01
3441	3184	1.0
3184	3441	1.0
4565	3874	0.01
3874	4565	0.01
1879	5356	0.01
5356	1879	0.01
2609	1511	0.01
1511	2609	0.01
2484	3303	0.01
3303	2484	0.01
2133	3630	0.01
3630	2133	0.01
1837	4246	1.0
4246	1837	1.0
2508	1314	1.0
1314	2508	1.0
1511	746	1.0
746	1511	1.0
892	1935	0.01
1935	892	0.01
2857	3447	0.01
3447	2857	0.01
5208	4904	1.0
4904	5208	1.0
2536	859	1.0
859	2536	1.0
3486	1800	1.0
1800	3486	1.0
2536	4672	1.0
4672	2536	1.0
1898	4240	1.0
4240	1898	1.0
2251	1228	0.01
1228	2251	0.01
2447	926	1.0
926	2447	1.0
4609	3105	0.01
3105	4609	0.01
1053	1386	0.01
1386	1053	0.01
2783	4533	1.0
4533	2783	1.0
4494	2113	1.0
2113	4494	1.0
1170	2371	0.01
2371	1170	0.01
3979	4149	0.01
4149	3979	0.01
4645	4469	0.01
4469	4645	0.01
1910	2582	1.0
2582	1910	1.0
892	2834	1.0
2834	892	1.0
1879	3229	0.01
3229	1879	0.01
2738	5333	0.01
5333	2738	0.01
3777	3441	1.0
3441	3777	1.0
1786	1955	0.01
1955	1786	0.01
3144	926	1.0
926	3144	1.0
91	3854	0.01
3854	91	0.01
789	4246	1.0
4246	789	1.0
1482	2619	0.01
2619	1482	0.01
2945	4246	1.0
4246	2945	1.0
1002	2503	0.01
2503	1002	0.01
3447	3346	0.01
3346	3447	0.01
669	2977	0.01
2977	669	0.01
872	2508	0.01
2508	872	0.01
3693	5190	0.01
5190	3693	0.01
3883	4255	1.0
4255	3883	1.0
4246	1939	1.0
1939	4246	1.0
4149	859	0.01
859	4149	0.01
492	3993	1.0
3993	492	1.0
4932	1384	0.01
1384	4932	0.01
5235	4276	1.0
4276	5235	1.0
2798	2504	1.0
2504	2798	1.0
2508	3279	1.0
3279	2508	1.0
926	3599	1.0
3599	926	1.0
1053	2783	0.01
2783	1053	0.01
5208	3179	0.01
3179	5208	0.01
4276	2937	1.0
2937	4276	1.0
3693	4255	0.01
4255	3693	0.01
926	982	0.01
982	926	0.01
1258	2724	0.01
2724	1258	0.01
1311	514	0.01
514	1311	0.01
2054	804	0.01
804	2054	0.01
2798	4932	1.0
4932	2798	1.0
5265	1002	0.01
1002	5265	0.01
3229	1816	1.0
1816	3229	1.0
4565	3814	0.01
3814	4565	0.01
3461	2139	0.01
2139	3461	0.01
1800	1837	1.0
1837	1800	1.0
3616	1002	1.0
1002	3616	1.0
3441	3423	1.0
3423	3441	1.0
4494	3275	1.0
3275	4494	1.0
872	1764	0.01
1764	872	0.01
4481	2698	0.01
2698	4481	0.01
726	4500	0.01
4500	726	0.01
3271	1642	1.0
1642	3271	1.0
4281	3761	0.01
3761	4281	0.01
941	2133	1.0
2133	941	1.0
5115	2004	0.01
2004	5115	0.01
3442	2004	0.01
2004	3442	0.01
2798	4627	1.0
4627	2798	1.0
1816	3184	0.01
3184	1816	0.01
3275	2609	1.0
2609	3275	1.0
1953	2283	1.0
2283	1953	1.0
2388	817	0.01
817	2388	0.01
2447	1311	0.01
1311	2447	0.01
911	3144	0.01
3144	911	0.01
1460	1837	0.01
1837	1460	0.01
500	1898	1.0
1898	500	1.0
4281	3275	1.0
3275	4281	1.0
3835	746	1.0
746	3835	1.0
194	5265	0.01
5265	194	0.01
2798	4500	1.0
4500	2798	1.0
892	1078	1.0
1078	892	1.0
4255	4634	1.0
4634	4255	1.0
500	5340	1.0
5340	500	1.0
2508	1953	1.0
1953	2508	1.0
1800	5007	1.0
5007	1800	1.0
3883	3827	0.01
3827	3883	0.01
2037	726	0.01
726	2037	0.01
3881	1314	1.0
1314	3881	1.0
2440	1120	0.01
1120	2440	0.01
113	204	0.01
204	113	0.01
2508	1938	1.0
1938	2508	1.0
3442	1935	1.0
1935	3442	1.0
3346	5097	0.01
5097	3346	0.01
3184	4041	0.01
4041	3184	0.01
3461	3979	0.01
3979	3461	0.01
203	888	1.0
888	203	1.0
4565	4248	0.01
4248	4565	0.01
440	1900	1.0
1900	440	1.0
892	1898	1.0
1898	892	1.0
3356	3814	0.01
3814	3356	0.01
2371	2004	0.01
2004	2371	0.01
2945	888	1.0
888	2945	1.0
1314	4186	0.01
4186	1314	0.01
3486	4350	1.0
4350	3486	1.0
518	741	0.01
741	518	0.01
2540	2481	0.01
2481	2540	0.01
4634	746	1.0
746	4634	1.0
762	1939	0.01
1939	762	0.01
4225	3316	1.0
3316	4225	1.0
817	910	1.0
910	817	1.0
3844	1682	0.01
1682	3844	0.01
2783	5166	1.0
5166	2783	1.0
970	4276	0.01
4276	970	0.01
2972	4246	0.01
4246	2972	0.01
4568	4161	0.01
4161	4568	0.01
5356	204	0.01
204	5356	0.01
1682	754	0.01
754	1682	0.01
3463	941	1.0
941	3463	1.0
3234	3441	0.01
3441	3234	0.01
1009	2037	0.01
2037	1009	0.01
2798	1482	1.0
1482	2798	1.0
888	5064	0.01
5064	888	0.01
3993	3883	1.0
3883	3993	1.0
1576	5265	1.0
5265	1576	1.0
4494	2834	1.0
2834	4494	1.0
1953	2619	1.0
2619	1953	1.0
1948	4077	0.01
4077	1948	0.01
789	1816	1.0
1816	789	1.0
1576	2045	0.01
2045	1576	0.01
194	1962	0.01
1962	194	0.01
1258	91	0.01
91	1258	0.01
1938	4542	0.01
4542	1938	0.01
789	1460	1.0
1460	789	1.0
1074	1267	0.01
1267	1074	0.01
3441	3316	1.0
3316	3441	1.0
1855	4672	1.0
4672	1855	1.0
3883	4928	1.0
4928	3883	1.0
2045	5235	1.0
5235	2045	1.0
2783	2834	1.0
2834	2783	1.0
5190	1251	1.0
1251	5190	1.0
5333	762	0.01
762	5333	0.01
4494	2316	0.01
2316	4494	0.01
2504	4672	0.01
4672	2504	0.01
2798	5190	0.01
5190	2798	0.01
1093	5235	1.0
5235	1093	1.0
1576	4672	1.0
4672	1576	1.0
3543	746	1.0
746	3543	1.0
1855	941	1.0
941	1855	1.0
5235	2481	0.01
2481	5235	0.01
2447	1898	1.0
1898	2447	1.0
2283	1875	0.01
1875	2283	0.01
4500	3881	0.01
3881	4500	0.01
4248	5356	1.0
5356	4248	1.0
3888	4276	1.0
4276	3888	1.0
500	4645	0.01
4645	500	0.01
892	500	1.0
500	892	1.0
1875	4186	0.01
4186	1875	0.01
4161	4186	0.01
4186	4161	0.01
514	2371	0.01
2371	514	0.01
3814	358	0.01
358	3814	0.01
5340	5186	0.01
5186	5340	0.01
208	5190	0.01
5190	208	0.01
1962	4246	1.0
4246	1962	1.0
1511	1093	1.0
1093	1511	1.0
5208	3184	0.01
3184	5208	0.01
859	4164	0.01
4164	859	0.01
4795	5166	1.0
5166	4795	1.0
3105	1074	0.01
1074	3105	0.01
1002	2508	0.01
2508	1002	0.01
2783	2582	1.0
2582	2783	1.0
3077	1800	1.0
1800	3077	1.0
3441	1898	1.0
1898	3441	1.0
1576	973	1.0
973	1576	1.0
208	4320	0.01
4320	208	0.01
4565	2972	0.01
2972	4565	0.01
5190	4276	1.0
4276	5190	1.0
2783	4248	1.0
4248	2783	1.0
4275	4248	1.0
4248	4275	1.0
1898	1002	0.01
1002	1898	0.01
2440	1816	0.01
1816	2440	0.01
3463	1170	1.0
1170	3463	1.0
2945	5333	0.01
5333	2945	0.01
2508	5166	1.0
5166	2508	1.0
4350	911	0.01
911	4350	0.01
1962	880	1.0
880	1962	1.0
1258	741	0.01
741	1258	0.01
2582	4248	1.0
4248	2582	1.0
1078	5097	0.01
5097	1078	0.01
2945	1258	1.0
1258	2945	1.0
3583	746	1.0
746	3583	1.0
3854	5208	0.01
5208	3854	0.01
2556	1511	1.0
1511	2556	1.0
817	3447	0.01
3447	817	0.01
1900	3844	0.01
3844	1900	0.01
4858	4164	0.01
4164	4858	0.01
4248	2037	1.0
2037	4248	1.0
4634	892	0.01
892	4634	0.01
4246	5166	1.0
5166	4246	1.0
1824	2045	1.0
2045	1824	1.0
3993	746	1.0
746	3993	1.0
2536	155	0.01
155	2536	0.01
3077	4276	1.0
4276	3077	1.0
2045	3275	1.0
3275	2045	1.0
1314	3144	0.01
3144	1314	0.01
3447	5190	1.0
5190	3447	1.0
1816	1605	0.01
1605	1816	0.01
3599	3061	0.01
3061	3599	0.01
1009	4469	0.01
4469	1009	0.01
3888	4904	1.0
4904	3888	1.0
2206	941	1.0
941	2206	1.0
2783	4255	1.0
4255	2783	1.0
973	5186	0.01
5186	973	0.01
2619	3777	0.01
3777	2619	0.01
4168	1783	1.0
1783	4168	1.0
2556	1898	1.0
1898	2556	1.0
2556	1093	1.0
1093	2556	1.0
3486	2035	1.0
2035	3486	1.0
4077	4119	0.01
4119	4077	0.01
872	2937	0.01
2937	872	0.01
3105	5265	1.0
5265	3105	1.0
4565	5323	1.0
5323	4565	1.0
5190	4275	1.0
4275	5190	1.0
113	2738	0.01
2738	113	0.01
888	1816	1.0
1816	888	1.0
3853	4248	1.0
4248	3853	1.0
1258	4533	0.01
4533	1258	0.01
4565	2504	0.01
2504	4565	0.01
255	3888	0.01
3888	255	0.01
1824	2206	1.0
2206	1824	1.0
872	2424	0.01
2424	872	0.01
2035	5323	1.0
5323	2035	1.0
789	4494	1.0
4494	789	1.0
149	4469	1.0
4469	149	1.0
1800	2037	1.0
2037	1800	1.0
2798	2004	1.0
2004	2798	1.0
2133	4928	0.01
4928	2133	0.01
4795	888	1.0
888	4795	1.0
817	3316	0.01
3316	817	0.01
2972	746	1.0
746	2972	1.0
2508	4275	1.0
4275	2508	1.0
2834	831	0.01
831	2834	0.01
3416	1482	0.01
1482	3416	0.01
1311	2946	1.0
2946	1311	1.0
892	1257	0.01
1257	892	0.01
1837	1576	1.0
1576	1837	1.0
3854	1074	0.01
1074	3854	0.01
859	5356	0.01
5356	859	0.01
4494	746	1.0
746	4494	1.0
1816	2371	0.01
2371	1816	0.01
1910	746	1.0
746	1910	1.0
3881	5007	1.0
5007	3881	1.0
2508	746	1.0
746	2508	1.0
1953	2035	1.0
2035	1953	1.0
1875	982	1.0
982	1875	1.0
1093	545	0.01
545	1093	0.01
2977	1910	1.0
1910	2977	1.0
5190	3888	1.0
3888	5190	1.0
1386	4858	0.01
4858	1386	0.01
2536	5208	1.0
5208	2536	1.0
2798	3356	1.0
3356	2798	1.0
926	2972	1.0
2972	926	1.0
545	4304	1.0
4304	545	1.0
537	2536	1.0
2536	537	1.0
970	2388	0.01
2388	970	0.01
5352	669	0.01
669	5352	0.01
537	3756	0.01
3756	537	0.01
4627	3105	0.01
3105	4627	0.01
789	1837	1.0
1837	789	1.0
2484	1384	0.01
1384	2484	0.01
3883	1093	1.0
1093	3883	1.0
2783	1855	1.0
1855	2783	1.0
3447	1875	1.0
1875	3447	1.0
941	1078	1.0
1078	941	1.0
4481	4281	0.01
4281	4481	0.01
3835	3874	0.01
3874	3835	0.01
4494	2283	1.0
2283	4494	1.0
3061	4672	1.0
4672	3061	1.0
2582	3863	1.0
3863	2582	1.0
4246	651	1.0
651	4246	1.0
3447	926	1.0
926	3447	1.0
3854	5323	1.0
5323	3854	1.0
888	2857	0.01
2857	888	0.01
5190	5265	1.0
5265	5190	1.0
5265	5323	1.0
5323	5265	1.0
1258	4325	0.01
4325	1258	0.01
3442	1228	0.01
1228	3442	0.01
1875	746	1.0
746	1875	1.0
1824	4494	0.01
4494	1824	0.01
4858	746	1.0
746	4858	1.0
1074	1093	0.01
1093	1074	0.01
3854	2037	1.0
2037	3854	1.0
941	3835	0.01
3835	941	0.01
2467	3316	1.0
3316	2467	1.0
910	2316	1.0
2316	910	1.0
746	2724	0.01
2724	746	0.01
2206	2037	1.0
2037	2206	1.0
3184	3229	1.0
3229	3184	1.0
941	2972	1.0
2972	941	1.0
3447	3863	1.0
3863	3447	1.0
3486	4565	0.01
4565	3486	0.01
545	2384	0.01
2384	545	0.01
203	149	0.01
149	203	0.01
1898	2467	1.0
2467	1898	1.0
4568	78	0.01
78	4568	0.01
2540	1962	0.01
1962	2540	0.01
2798	155	1.0
155	2798	1.0
1605	982	1.0
982	1605	1.0
892	941	1.0
941	892	1.0
3271	3814	0.01
3814	3271	0.01
1605	2113	0.01
2113	1605	0.01
1898	3599	1.0
3599	1898	1.0
5265	2035	1.0
2035	5265	1.0
5235	1267	1.0
1267	5235	1.0
1228	3463	0.01
3463	1228	0.01
3829	2857	0.01
2857	3829	0.01
1120	4350	0.01
4350	1120	0.01
2619	888	0.01
888	2619	0.01
2945	746	1.0
746	2945	1.0
2783	3854	1.0
3854	2783	1.0
892	1939	1.0
1939	892	1.0
1074	4838	0.01
4838	1074	0.01
5208	4255	1.0
4255	5208	1.0
2783	1824	1.0
1824	2783	1.0
4255	5333	1.0
5333	4255	1.0
817	5190	1.0
5190	817	1.0
149	2508	0.01
2508	149	0.01
2481	500	0.01
500	2481	0.01
514	197	0.01
197	514	0.01
2798	3616	1.0
3616	2798	1.0
5029	3416	0.01
3416	5029	0.01
4401	2556	0.01
2556	4401	0.01
2724	3777	0.01
3777	2724	0.01
2508	5007	1.0
5007	2508	1.0
1120	3077	0.01
3077	1120	0.01
4320	2078	0.01
2078	4320	0.01
1824	5323	1.0
5323	1824	1.0
2536	4276	1.0
4276	2536	1.0
2447	4494	1.0
4494	2447	1.0
1837	746	1.0
746	1837	1.0
4168	2213	0.01
2213	4168	0.01
1533	672	0.01
672	1533	0.01
3447	911	1.0
911	3447	1.0
5235	3316	1.0
3316	5235	1.0
2283	204	0.01
204	2283	0.01
926	746	1.0
746	926	1.0
1962	3275	1.0
3275	1962	1.0
956	746	1.0
746	956	1.0
1251	2724	0.01
2724	1251	0.01
2251	1847	0.01
1847	2251	0.01
892	208	0.01
208	892	0.01
1120	5356	0.01
5356	1120	0.01
872	4161	0.01
4161	872	0.01
1938	746	1.0
746	1938	1.0
514	5323	1.0
5323	514	1.0
4255	982	1.0
982	4255	1.0
1078	3316	0.01
3316	1078	0.01
3441	3888	1.0
3888	3441	1.0
2536	4350	1.0
4350	2536	1.0
2945	1311	1.0
1311	2945	1.0
2045	4565	1.0
4565	2045	1.0
3423	1002	1.0
1002	3423	1.0
2283	2035	1.0
2035	2283	1.0
1078	1482	0.01
1482	1078	0.01
5235	4701	0.01
4701	5235	0.01
2783	1953	1.0
1953	2783	1.0
3077	352	0.01
352	3077	0.01
1910	1267	0.01
1267	1910	0.01
956	4742	0.01
4742	956	0.01
1234	726	0.01
726	1234	0.01
5323	2037	1.0
2037	5323	1.0
2467	4634	0.01
4634	2467	0.01
1824	2035	1.0
2035	1824	1.0
4240	5007	0.01
5007	4240	0.01
2798	4255	1.0
4255	2798	1.0
892	537	1.0
537	892	1.0
2508	2503	1.0
2503	2508	1.0
3616	4928	1.0
4928	3616	1.0
4304	3854	0.01
3854	4304	0.01
2945	5166	1.0
5166	2945	1.0
1955	3814	0.01
3814	1955	0.01
3864	4275	1.0
4275	3864	1.0
4928	3077	0.01
3077	4928	0.01
1935	672	1.0
672	1935	1.0
1800	817	1.0
817	1800	1.0
1257	5333	1.0
5333	1257	1.0
3883	2388	0.01
2388	3883	0.01
4928	2698	0.01
2698	4928	0.01
4248	746	1.0
746	4248	1.0
2798	5115	1.0
5115	2798	1.0
5190	2857	0.01
2857	5190	0.01
3447	4276	1.0
4276	3447	1.0
3864	3777	0.01
3777	3864	0.01
2113	5115	0.01
5115	2113	0.01
1170	4119	0.01
4119	1170	0.01
3883	3888	1.0
3888	3883	1.0
3061	518	0.01
518	3061	0.01
1783	4276	0.01
4276	1783	0.01
4350	4304	1.0
4304	4350	1.0
2783	5265	1.0
5265	2783	1.0
2206	3888	0.01
3888	2206	0.01
2484	4255	1.0
4255	2484	1.0
4634	1900	0.01
1900	4634	0.01
2556	4225	1.0
4225	2556	1.0
859	3853	0.01
3853	859	0.01
3077	3599	0.01
3599	3077	0.01
1460	746	1.0
746	1460	1.0
2206	1898	1.0
1898	2206	1.0
4276	1939	1.0
1939	4276	1.0
726	3416	0.01
3416	726	0.01
3442	4887	0.01
4887	3442	0.01
3844	2037	1.0
2037	3844	1.0
3447	4494	1.0
4494	3447	1.0
3844	926	1.0
926	3844	1.0
5186	5265	1.0
5265	5186	1.0
1847	2037	0.01
2037	1847	0.01
1460	2484	0.01
2484	1460	0.01
4255	5235	1.0
5235	4255	1.0
5235	1783	1.0
1783	5235	1.0
1074	2424	0.01
2424	1074	0.01
1837	1605	1.0
1605	1837	1.0
3761	741	0.01
741	3761	0.01
4350	3416	0.01
3416	4350	0.01
545	2972	1.0
2972	545	1.0
4494	149	0.01
149	4494	0.01
5034	1234	0.01
1234	5034	0.01
3616	4248	1.0
4248	3616	1.0
1228	1093	0.01
1093	1228	0.01
789	2972	1.0
2972	789	1.0
1170	4565	0.01
4565	1170	0.01
754	4542	0.01
4542	754	0.01
3881	3447	0.01
3447	3881	0.01
3275	2619	1.0
2619	3275	1.0
492	5235	1.0
5235	492	1.0
3105	2582	0.01
2582	3105	0.01
3844	2316	1.0
2316	3844	1.0
2045	5166	1.0
5166	2045	1.0
888	762	0.01
762	888	0.01
2508	1251	0.01
1251	2508	0.01
5061	2384	0.01
2384	5061	0.01
1898	1605	1.0
1605	1898	1.0
4609	2609	0.01
2609	4609	0.01
518	2977	0.01
2977	518	0.01
4701	4858	0.01
4858	4701	0.01
3442	910	0.01
910	3442	0.01
2945	4276	1.0
4276	2945	1.0
1311	2035	0.01
2035	1311	0.01
3854	1120	0.01
1120	3854	0.01
3275	155	0.01
155	3275	0.01
4401	2857	0.01
2857	4401	0.01
2283	2937	1.0
2937	2283	1.0
1311	4248	1.0
4248	1311	1.0
4542	2977	0.01
2977	4542	0.01
2609	1576	0.01
1576	2609	0.01
926	4350	1.0
4350	926	1.0
3184	5235	1.0
5235	3184	1.0
2206	4350	1.0
4350	2206	1.0
78	155	0.01
155	78	0.01
4248	1415	0.01
1415	4248	0.01
1898	746	1.0
746	1898	1.0
3447	1120	0.01
1120	3447	0.01
3275	1267	1.0
1267	3275	1.0
4304	4672	1.0
4672	4304	1.0
2213	2139	0.01
2139	2213	0.01
347	3883	0.01
3883	347	0.01
2556	2582	1.0
2582	2556	1.0
1800	3616	1.0
3616	1800	1.0
2113	2619	1.0
2619	2113	1.0
2283	2113	1.0
2113	2283	1.0
3356	1234	0.01
1234	3356	0.01
4458	941	1.0
941	4458	1.0
2206	746	1.0
746	2206	1.0
545	1955	1.0
1955	545	1.0
2078	2689	0.01
2689	2078	0.01
4275	1939	1.0
1939	4275	1.0
1605	2467	1.0
2467	1605	1.0
3888	5007	1.0
5007	3888	1.0
754	4565	0.01
4565	754	0.01
672	746	1.0
746	672	1.0
3835	3693	0.01
3693	3835	0.01
5097	1002	0.01
1002	5097	0.01
859	255	0.01
255	859	0.01
4568	746	1.0
746	4568	1.0
2738	4248	0.01
4248	2738	0.01
1783	5115	0.01
5115	1783	0.01
1009	3356	0.01
3356	1009	0.01
888	1642	0.01
1642	888	0.01
358	941	1.0
941	358	1.0
1935	4077	0.01
4077	1935	0.01
3077	1837	1.0
1837	3077	1.0
4494	2467	1.0
2467	4494	1.0
4255	5265	1.0
5265	4255	1.0
2484	4533	1.0
4533	2484	1.0
4240	1948	0.01
1948	4240	0.01
5356	1576	0.01
1576	5356	0.01
817	746	1.0
746	817	1.0
4645	4255	0.01
4255	4645	0.01
3441	1511	1.0
1511	3441	1.0
1824	5265	1.0
5265	1824	1.0
1389	3630	0.01
3630	1389	0.01
911	4565	1.0
4565	911	1.0
4795	1939	1.0
1939	4795	1.0
2004	1910	0.01
1910	2004	0.01
4240	2037	1.0
2037	4240	1.0
4838	1855	1.0
1855	4838	1.0
4149	3144	0.01
3144	4149	0.01
3844	3979	1.0
3979	3844	1.0
1511	1605	1.0
1605	1511	1.0
3844	2536	1.0
2536	3844	1.0
1511	982	1.0
982	1511	1.0
2972	892	0.01
892	2972	0.01
2447	3883	1.0
3883	2447	1.0
2504	4281	0.01
4281	2504	0.01
3486	1898	1.0
1898	3486	1.0
5235	2467	1.0
2467	5235	1.0
3881	1257	0.01
1257	3881	0.01
2037	1482	0.01
1482	2037	0.01
2972	4077	0.01
4077	2972	0.01
1955	2251	0.01
2251	1955	0.01
1605	3179	0.01
3179	1605	0.01
4494	2508	0.01
2508	4494	0.01
3077	2508	1.0
2508	3077	1.0
1009	78	0.01
78	1009	0.01
3416	3303	0.01
3303	3416	0.01
1605	2283	1.0
2283	1605	1.0
5097	3543	0.01
3543	5097	0.01
4350	1953	1.0
1953	4350	1.0
2609	5166	1.0
5166	2609	1.0
911	2619	1.0
2619	911	1.0
3874	880	0.01
880	3874	0.01
4481	762	0.01
762	4481	0.01
1093	1910	1.0
1910	1093	1.0
1511	2467	1.0
2467	1511	1.0
4168	3303	0.01
3303	4168	0.01
2556	1234	0.01
1234	2556	0.01
4304	5323	1.0
5323	4304	1.0
2508	926	1.0
926	2508	1.0
4276	3863	1.0
3863	4276	1.0
2447	4795	1.0
4795	2447	1.0
1093	3316	1.0
3316	1093	1.0
2484	1900	1.0
1900	2484	1.0
2371	4164	0.01
4164	2371	0.01
1938	1935	0.01
1935	1938	0.01
4320	5097	0.01
5097	4320	0.01
2206	2937	1.0
2937	2206	1.0
4255	3316	1.0
3316	4255	1.0
3486	1460	1.0
1460	3486	1.0
973	2504	0.01
2504	973	0.01
4276	5323	1.0
5323	4276	1.0
1939	746	1.0
746	1939	1.0
4494	4565	1.0
4565	4494	1.0
2945	2045	1.0
2045	2945	1.0
982	746	1.0
746	982	1.0
2945	1800	1.0
1800	2945	1.0
4425	4887	0.01
4887	4425	0.01
2045	4246	1.0
4246	2045	1.0
2447	2977	0.01
2977	2447	0.01
514	1251	1.0
1251	514	1.0
2619	4248	1.0
4248	2619	1.0
4645	149	0.01
149	4645	0.01
4533	3630	0.01
3630	4533	0.01
3234	1605	1.0
1605	3234	1.0
746	91	0.01
91	746	0.01
3854	3693	0.01
3693	3854	0.01
3853	4350	1.0
4350	3853	1.0
1955	746	1.0
746	1955	1.0
1267	4542	0.01
4542	1267	0.01
2484	746	1.0
746	2484	1.0
880	1898	1.0
1898	880	1.0
5190	1314	1.0
1314	5190	1.0
3447	941	1.0
941	3447	1.0
2251	1170	1.0
1170	2251	1.0
545	4246	1.0
4246	545	1.0
2503	3486	0.01
3486	2503	0.01
4458	2582	1.0
2582	4458	1.0
1384	1898	1.0
1898	1384	1.0
982	2619	1.0
2619	982	1.0
817	1855	1.0
1855	817	1.0
4275	1311	1.0
1311	4275	1.0
2447	2078	0.01
2078	2447	0.01
3583	1415	0.01
1415	3583	0.01
3234	2724	0.01
2724	3234	0.01
2619	5166	1.0
5166	2619	1.0
3583	2582	1.0
2582	3583	1.0
3486	4672	1.0
4672	3486	1.0
1837	2536	1.0
2536	1837	1.0
1314	3864	0.01
3864	1314	0.01
514	1847	0.01
1847	514	0.01
2798	4240	1.0
4240	2798	1.0
3179	1576	1.0
1576	3179	1.0
3993	1898	1.0
1898	3993	1.0
3077	2037	1.0
2037	3077	1.0
4119	911	0.01
911	4119	0.01
1258	4276	1.0
4276	1258	1.0
2503	3356	0.01
3356	2503	0.01
4240	2283	0.01
2283	4240	0.01
1847	2689	0.01
2689	1847	0.01
3883	3316	1.0
3316	3883	1.0
113	3061	0.01
3061	113	0.01
5186	2972	1.0
2972	5186	1.0
2206	4672	1.0
4672	2206	1.0
2945	2536	1.0
2536	2945	1.0
1251	5265	1.0
5265	1251	1.0
2045	3863	1.0
3863	2045	1.0
1879	1948	0.01
1948	1879	0.01
3616	1953	0.01
1953	3616	0.01
3814	2283	0.01
2283	3814	0.01
4928	1605	1.0
1605	4928	1.0
1800	1855	1.0
1855	1800	1.0
514	941	1.0
941	514	1.0
1584	2619	0.01
2619	1584	0.01
1935	2283	1.0
2283	1935	1.0
941	204	1.0
204	941	1.0
1078	2384	0.01
2384	1078	0.01
5208	4565	1.0
4565	5208	1.0
3777	1314	1.0
1314	3777	1.0
2508	2045	1.0
2045	2508	1.0
973	4119	0.01
4119	973	0.01
1837	5007	1.0
5007	1837	1.0
2977	5029	0.01
5029	2977	0.01
4609	3853	0.01
3853	4609	0.01
3486	2206	1.0
2206	3486	1.0
4533	1898	1.0
1898	4533	1.0
1824	2972	1.0
2972	1824	1.0
194	2283	1.0
2283	194	1.0
2206	4565	1.0
4565	2206	1.0
2689	956	0.01
956	2689	0.01
1875	5323	1.0
5323	1875	1.0
1258	1953	1.0
1953	1258	1.0
255	2556	0.01
2556	255	0.01
492	970	0.01
970	492	0.01
2045	5356	1.0
5356	2045	1.0
2556	941	1.0
941	2556	1.0
5166	4672	1.0
4672	5166	1.0
1120	3874	0.01
3874	1120	0.01
2045	3854	1.0
3854	2045	1.0
3179	4568	0.01
4568	3179	0.01
3229	4425	0.01
4425	3229	0.01
2206	2384	0.01
2384	2206	0.01
817	1824	1.0
1824	817	1.0
2783	1935	1.0
1935	2783	1.0
3356	4276	0.01
4276	3356	0.01
2467	2857	0.01
2857	2467	0.01
4627	3777	0.01
3777	4627	0.01
3105	859	1.0
859	3105	1.0
4350	2004	0.01
2004	4350	0.01
3814	3777	0.01
3777	3814	0.01
3630	1415	0.01
1415	3630	0.01
1384	5333	1.0
5333	1384	1.0
2508	4276	1.0
4276	2508	1.0
1898	2078	0.01
2078	1898	0.01
5208	1953	0.01
1953	5208	0.01
1093	1605	1.0
1605	1093	1.0
545	5235	1.0
5235	545	1.0
4240	4281	0.01
4281	4240	0.01
4240	3543	0.01
3543	4240	0.01
2698	1074	0.01
1074	2698	0.01
2504	2556	0.01
2556	2504	0.01
4350	4932	1.0
4932	4350	1.0
3279	1311	0.01
1311	3279	0.01
492	3184	1.0
3184	492	1.0
5064	4168	0.01
4168	5064	0.01
4565	2037	1.0
2037	4565	1.0
1955	2783	0.01
2783	1955	0.01
1953	2037	1.0
2037	1953	1.0
4795	500	0.01
500	4795	0.01
2139	3761	0.01
3761	2139	0.01
4904	4565	0.01
4565	4904	0.01
91	3979	0.01
3979	91	0.01
2037	741	0.01
741	2037	0.01
4542	113	0.01
113	4542	0.01
4255	5061	0.01
5061	4255	0.01
4164	4932	0.01
4932	4164	0.01
2035	2037	1.0
2037	2035	1.0
4494	4932	1.0
4932	4494	1.0
4481	1074	0.01
1074	4481	0.01
3303	892	0.01
892	3303	0.01
4281	5166	1.0
5166	4281	1.0
5265	4672	1.0
4672	5265	1.0
1938	4928	0.01
4928	1938	0.01
3442	1786	0.01
1786	3442	0.01
5166	2037	1.0
2037	5166	1.0
3844	3630	0.01
3630	3844	0.01
2054	5352	0.01
5352	2054	0.01
1314	789	0.01
789	1314	0.01
888	1093	0.01
1093	888	0.01
2724	1533	0.01
1533	2724	0.01
514	5166	1.0
5166	514	1.0
2251	5265	1.0
5265	2251	1.0
4542	3864	0.01
3864	4542	0.01
1837	2113	1.0
2113	1837	1.0
789	2113	1.0
2113	789	1.0
4425	4255	0.01
4255	4425	0.01
3346	3756	0.01
3756	3346	0.01
2536	1939	1.0
1939	2536	1.0
4795	941	1.0
941	4795	1.0
545	2619	1.0
2619	545	1.0
3442	2857	0.01
2857	3442	0.01
4795	3854	1.0
3854	4795	1.0
2467	746	1.0
746	2467	1.0
1074	3356	0.01
3356	1074	0.01
1415	4186	0.01
4186	1415	0.01
1311	1078	1.0
1078	1311	1.0
3874	941	1.0
941	3874	1.0
5186	1948	0.01
1948	5186	0.01
2078	3693	0.01
3693	2078	0.01
1605	2037	1.0
2037	1605	1.0
537	746	1.0
746	537	1.0
2045	4645	1.0
4645	2045	1.0
2113	746	1.0
746	2113	1.0
5034	149	0.01
149	5034	0.01
941	1783	1.0
1783	941	1.0
5061	1879	0.01
1879	5061	0.01
3864	1939	1.0
1939	3864	1.0
5235	651	0.01
651	5235	0.01
1074	1234	0.01
1234	1074	0.01
4246	2619	1.0
2619	4246	1.0
2481	2316	1.0
2316	2481	1.0
3874	1898	1.0
1898	3874	1.0
3229	2133	1.0
2133	3229	1.0
1251	982	1.0
982	1251	1.0
1234	197	0.01
197	1234	0.01
4275	1837	0.01
1837	4275	0.01
1258	3077	0.01
3077	1258	0.01
3077	518	1.0
518	3077	1.0
2508	4795	1.0
4795	2508	1.0
2857	2283	0.01
2283	2857	0.01
5186	2283	1.0
2283	5186	1.0
440	4325	0.01
4325	440	0.01
1824	2582	1.0
2582	1824	1.0
1800	973	1.0
973	1800	1.0
2536	2133	0.01
2133	2536	0.01
2783	1898	1.0
1898	2783	1.0
1824	2037	1.0
2037	1824	1.0
514	203	0.01
203	514	0.01
4795	2536	1.0
2536	4795	1.0
4246	5265	1.0
5265	4246	1.0
4304	2388	0.01
2388	4304	0.01
3486	2783	1.0
2783	3486	1.0
1837	1816	1.0
1816	1837	1.0
3883	746	1.0
746	3883	1.0
789	2946	1.0
2946	789	1.0
1009	4240	0.01
4240	1009	0.01
4795	2113	1.0
2113	4795	1.0
3447	2619	1.0
2619	3447	1.0
3874	2536	0.01
2536	3874	0.01
2316	5166	1.0
5166	2316	1.0
4281	746	1.0
746	4281	1.0
926	1953	1.0
1953	926	1.0
4481	492	0.01
492	4481	0.01
537	1642	1.0
1642	537	1.0
2783	5007	1.0
5007	2783	1.0
3979	1170	0.01
1170	3979	0.01
4645	1053	0.01
1053	4645	0.01
970	762	0.01
762	970	0.01
3583	5007	1.0
5007	3583	1.0
1898	3275	1.0
3275	1898	1.0
194	1267	0.01
1267	194	0.01
3077	1962	1.0
1962	3077	1.0
1384	5265	1.0
5265	1384	1.0
1170	804	0.01
804	1170	0.01
5166	3179	0.01
3179	5166	0.01
2834	4425	0.01
4425	2834	0.01
2447	1837	0.01
1837	2447	0.01
3179	926	1.0
926	3179	1.0
2783	1800	1.0
1800	2783	1.0
762	831	0.01
831	762	0.01
5186	3583	1.0
3583	5186	1.0
3881	941	1.0
941	3881	1.0
2035	1170	0.01
1170	2035	0.01
4742	970	0.01
970	4742	0.01
3888	1875	1.0
1875	3888	1.0
2738	1389	0.01
1389	2738	0.01
1234	3761	0.01
3761	1234	0.01
2798	194	0.01
194	2798	0.01
1251	3105	1.0
3105	1251	1.0
4795	4887	0.01
4887	4795	0.01
203	911	0.01
911	203	0.01
726	3599	0.01
3599	726	0.01
4161	2724	0.01
2724	4161	0.01
3599	4246	0.01
4246	3599	0.01
518	2609	0.01
2609	518	0.01
2719	3583	0.01
3583	2719	0.01
4542	1955	1.0
1955	4542	1.0
4533	746	1.0
746	4533	1.0
2113	5166	0.01
5166	2113	0.01
3442	4149	0.01
4149	3442	0.01
1898	5265	1.0
5265	1898	1.0
2504	872	0.01
872	2504	0.01
3616	4255	1.0
4255	3616	1.0
1855	91	0.01
91	1855	0.01
4469	2582	0.01
2582	4469	0.01
3346	514	0.01
514	3346	0.01
1879	672	0.01
672	1879	0.01
1837	3854	1.0
3854	1837	1.0
2484	5265	1.0
5265	2484	1.0
2054	5333	0.01
5333	2054	0.01
194	2619	1.0
2619	194	1.0
545	4568	1.0
4568	545	1.0
941	2540	1.0
2540	941	1.0
2556	2467	1.0
2467	2556	1.0
3303	4494	0.01
4494	3303	0.01
2945	2213	0.01
2213	2945	0.01
3229	4494	0.01
4494	3229	0.01
1415	746	1.0
746	1415	1.0
4795	2937	1.0
2937	4795	1.0
3829	1939	1.0
1939	3829	1.0
2977	2078	1.0
2078	2977	1.0
2977	4533	1.0
4533	2977	1.0
3441	2467	1.0
2467	3441	1.0
3883	3543	1.0
3543	3883	1.0
4281	5186	0.01
5186	4281	0.01
3829	3599	0.01
3599	3829	0.01
789	3447	1.0
3447	789	1.0
3844	1576	1.0
1576	3844	1.0
2504	2582	1.0
2582	2504	1.0
1251	4246	1.0
4246	1251	1.0
5235	5166	1.0
5166	5235	1.0
2503	4168	0.01
4168	2503	0.01
2316	746	1.0
746	2316	1.0
3599	5340	0.01
5340	3599	0.01
5191	5115	0.01
5115	5191	0.01
3271	1605	0.01
1605	3271	0.01
2689	804	0.01
804	2689	0.01
4320	4742	0.01
4742	4320	0.01
3423	982	0.01
982	3423	0.01
2035	5007	1.0
5007	2035	1.0
1314	5064	0.01
5064	1314	0.01
4701	4565	0.01
4565	4701	0.01
3835	194	0.01
194	3835	0.01
1170	2689	0.01
2689	1170	0.01
1898	2937	1.0
2937	1898	1.0
2798	3279	1.0
3279	2798	1.0
1935	3275	1.0
3275	1935	1.0
3447	1576	1.0
1576	3447	1.0
4161	149	0.01
149	4161	0.01
1009	1093	0.01
1093	1009	0.01
2139	2440	0.01
2440	2139	0.01
4627	888	0.01
888	4627	0.01
5166	5007	1.0
5007	5166	1.0
2536	3854	1.0
3854	2536	1.0
5186	545	1.0
545	5186	1.0
2798	5061	0.01
5061	2798	0.01
1384	1257	0.01
1257	1384	0.01
1682	3583	0.01
3583	1682	0.01
1837	3979	1.0
3979	1837	1.0
3827	5007	1.0
5007	3827	1.0
5235	2251	1.0
2251	5235	1.0
817	113	0.01
113	817	0.01
514	4276	1.0
4276	514	1.0
1605	888	1.0
888	1605	1.0
817	4425	0.01
4425	817	0.01
5340	2388	0.01
2388	5340	0.01
926	3979	1.0
3979	926	1.0
941	1258	1.0
1258	941	1.0
3844	4168	1.0
4168	3844	1.0
1584	3144	0.01
3144	1584	0.01
4533	4246	1.0
4246	4533	1.0
3693	3271	0.01
3271	3693	0.01
3993	3616	0.01
3616	3993	0.01
2536	2206	1.0
2206	2536	1.0
926	3271	1.0
3271	926	1.0
4795	880	1.0
880	4795	1.0
4469	4838	0.01
4838	4469	0.01
4304	746	1.0
746	4304	1.0
500	2139	0.01
2139	500	0.01
1938	3423	0.01
3423	1938	0.01
2035	203	0.01
203	2035	0.01
5064	746	1.0
746	5064	1.0
1783	3441	0.01
3441	1783	0.01
2536	3863	1.0
3863	2536	1.0
3844	3275	1.0
3275	3844	1.0
2316	5186	0.01
5186	2316	0.01
1855	1939	1.0
1939	1855	1.0
4350	2834	1.0
2834	4350	1.0
4742	3234	0.01
3234	4742	0.01
2206	2582	1.0
2582	2206	1.0
4350	2035	1.0
2035	4350	1.0
4240	1002	0.01
1002	4240	0.01
4672	2037	1.0
2037	4672	1.0
4077	3599	0.01
3599	4077	0.01
3844	4276	1.0
4276	3844	1.0
4255	4276	1.0
4276	4255	1.0
203	1093	0.01
1093	203	0.01
2440	4442	0.01
4442	2440	0.01
5186	1900	0.01
1900	5186	0.01
789	2283	1.0
2283	789	1.0
892	1953	1.0
1953	892	1.0
4469	78	0.01
78	4469	0.01
4304	859	1.0
859	4304	1.0
3077	1824	1.0
1824	3077	1.0
941	5115	0.01
5115	941	0.01
941	1910	1.0
1910	941	1.0
2054	5235	0.01
5235	2054	0.01
113	1900	0.01
1900	113	0.01
911	3543	0.01
3543	911	0.01
91	5235	0.01
5235	91	0.01
1605	5265	1.0
5265	1605	1.0
817	2540	0.01
2540	817	0.01
5323	4248	1.0
4248	5323	1.0
2447	3854	1.0
3854	2447	1.0
4500	672	0.01
672	4500	0.01
888	3583	0.01
3583	888	0.01
5186	3275	1.0
3275	5186	1.0
4565	3279	0.01
3279	4565	0.01
3864	5190	1.0
5190	3864	1.0
4225	1898	1.0
1898	4225	1.0
2035	746	1.0
746	2035	1.0
5208	741	0.01
741	5208	0.01
789	1855	1.0
1855	789	1.0
3844	4350	1.0
4350	3844	1.0
1682	113	0.01
113	1682	0.01
4494	2619	1.0
2619	4494	1.0
926	888	1.0
888	926	1.0
970	5352	0.01
5352	970	0.01
2467	1900	0.01
1900	2467	0.01
1837	4240	1.0
4240	1837	1.0
3543	888	1.0
888	3543	1.0
4500	3979	0.01
3979	4500	0.01
1847	762	0.01
762	1847	0.01
2447	4255	1.0
4255	2447	1.0
4565	2540	1.0
2540	4565	1.0
2536	1900	1.0
1900	2536	1.0
3583	3275	1.0
3275	3583	1.0
1786	4928	0.01
4928	1786	0.01
1938	4077	0.01
4077	1938	0.01
3854	3279	0.01
3279	3854	0.01
3888	982	1.0
982	3888	1.0
2945	926	1.0
926	2945	1.0
973	4928	0.01
4928	973	0.01
2945	2037	1.0
2037	2945	1.0
1511	4255	1.0
4255	1511	1.0
2719	3229	0.01
3229	2719	0.01
2945	4795	1.0
4795	2945	1.0
4887	3888	0.01
3888	4887	0.01
545	3863	1.0
3863	545	1.0
4609	3442	0.01
3442	4609	0.01
4494	5166	1.0
5166	4494	1.0
1898	3316	1.0
3316	1898	1.0
2977	352	0.01
352	2977	0.01
1228	2798	1.0
2798	1228	1.0
970	941	1.0
941	970	1.0
2139	4275	1.0
4275	2139	1.0
3179	4494	0.01
4494	3179	0.01
789	2035	1.0
2035	789	1.0
5191	4350	1.0
4350	5191	1.0
2283	1938	1.0
1938	2283	1.0
2388	3777	0.01
3777	2388	0.01
1783	2540	1.0
2540	1783	1.0
3863	1682	0.01
1682	3863	0.01
2798	518	1.0
518	2798	1.0
1170	880	0.01
880	1170	0.01
892	3854	1.0
3854	892	1.0
3616	347	0.01
347	3616	0.01
3888	5235	1.0
5235	3888	1.0
352	3346	0.01
3346	352	0.01
1875	1605	1.0
1605	1875	1.0
2504	3316	0.01
3316	2504	0.01
3441	4928	1.0
4928	3441	1.0
4627	3441	0.01
3441	4627	0.01
4795	970	0.01
970	4795	0.01
3844	5208	1.0
5208	3844	1.0
1900	2206	0.01
2206	1900	0.01
5190	1228	0.01
1228	5190	0.01
5265	1816	1.0
1816	5265	1.0
2937	4458	0.01
4458	2937	0.01
1837	880	0.01
880	1837	0.01
804	3061	0.01
3061	804	0.01
5235	1314	1.0
1314	5235	1.0
1898	5235	1.0
5235	1898	1.0
3853	2384	0.01
2384	3853	0.01
2045	1953	1.0
1953	2045	1.0
1879	941	1.0
941	1879	1.0
4469	2045	0.01
2045	4469	0.01
5235	1605	1.0
1605	5235	1.0
518	2484	0.01
2484	518	0.01
4887	3229	0.01
3229	4887	0.01
5323	746	1.0
746	5323	1.0
2724	1511	0.01
1511	2724	0.01
2556	1642	1.0
1642	2556	1.0
2719	2316	0.01
2316	2719	0.01
440	4246	1.0
4246	440	1.0
3271	4248	1.0
4248	3271	1.0
1078	5166	1.0
5166	1078	1.0
2206	5007	1.0
5007	2206	1.0
2556	3599	1.0
3599	2556	1.0
4255	2133	1.0
2133	4255	1.0
500	2004	1.0
2004	500	1.0
2698	2078	0.01
2078	2698	0.01
4119	872	0.01
872	4119	0.01
440	804	0.01
804	440	0.01
4887	1939	0.01
1939	4887	0.01
1879	5097	0.01
5097	1879	0.01
1764	5115	0.01
5115	1764	0.01
3543	4041	0.01
4041	3543	0.01
1953	5323	1.0
5323	1953	1.0
910	3583	1.0
3583	910	1.0
672	4119	0.01
4119	672	0.01
3077	5323	1.0
5323	3077	1.0
2508	3461	0.01
3461	2508	0.01
4304	2972	1.0
2972	4304	1.0
2447	2582	1.0
2582	2447	1.0
2783	3271	1.0
3271	2783	1.0
2467	754	0.01
754	2467	0.01
204	4225	0.01
4225	204	0.01
3486	1837	1.0
1837	3486	1.0
1511	5235	1.0
5235	1511	1.0
1234	5029	0.01
5029	1234	0.01
4276	4904	1.0
4904	4276	1.0
789	5208	0.01
5208	789	0.01
2783	1074	1.0
1074	2783	1.0
1824	1837	1.0
1837	1824	1.0
2689	1953	0.01
1953	2689	0.01
741	4904	0.01
4904	741	0.01
4320	352	0.01
352	4320	0.01
911	956	0.01
956	911	0.01
1953	1783	0.01
1783	1953	0.01
518	5061	0.01
5061	518	0.01
2251	4469	0.01
4469	2251	0.01
2798	3144	1.0
3144	2798	1.0
1002	973	0.01
973	1002	0.01
1460	1584	0.01
1584	1460	0.01
2945	2283	1.0
2283	2945	1.0
2783	4494	1.0
4494	2783	1.0
3883	2440	0.01
2440	3883	0.01
5352	1009	0.01
1009	5352	0.01
1900	3616	0.01
3616	1900	0.01
2037	2834	1.0
2834	2037	1.0
1386	5356	0.01
5356	1386	0.01
3844	746	1.0
746	3844	1.0
4149	4494	0.01
4494	4149	0.01
1855	2206	1.0
2206	1855	1.0
3486	3447	1.0
3447	3486	1.0
2556	1584	0.01
1584	2556	0.01
3447	514	1.0
514	3447	1.0
1093	2139	0.01
2139	1093	0.01
2004	1800	0.01
1800	2004	0.01
3447	4533	1.0
4533	3447	1.0
4442	2139	0.01
2139	4442	0.01
4255	746	1.0
746	4255	1.0
1837	4533	1.0
4533	1837	1.0
5208	2504	0.01
2504	5208	0.01
4281	2037	1.0
2037	4281	1.0
1384	2035	0.01
2035	1384	0.01
2316	4672	0.01
4672	2316	0.01
4275	1170	1.0
1170	4275	1.0
4246	4276	1.0
4276	4246	1.0
2972	1258	0.01
1258	2972	0.01
4928	982	1.0
982	4928	1.0
3447	746	1.0
746	3447	1.0
2783	2078	0.01
2078	2783	0.01
1898	1816	1.0
1816	1898	1.0
3442	1824	1.0
1824	3442	1.0
3835	3543	1.0
3543	3835	1.0
3630	5265	0.01
5265	3630	0.01
2508	2834	1.0
2834	2508	1.0
1875	4240	1.0
4240	1875	1.0
1078	746	0.01
746	1078	0.01
1935	2972	1.0
2972	1935	1.0
4246	2283	1.0
2283	4246	1.0
3447	2582	1.0
2582	3447	1.0
4246	4281	1.0
4281	4246	1.0
3844	2484	0.01
2484	3844	0.01
3447	4240	1.0
4240	3447	1.0
926	1311	1.0
1311	926	1.0
4325	1251	0.01
1251	4325	0.01
4350	4481	0.01
4481	4350	0.01
4255	4672	1.0
4672	4255	1.0
1855	1816	0.01
1816	1855	0.01
5007	3271	0.01
3271	5007	0.01
5007	208	0.01
208	5007	0.01
3463	4645	0.01
4645	3463	0.01
4533	155	0.01
155	4533	0.01
500	5323	0.01
5323	500	0.01
2481	4701	0.01
4701	2481	0.01
2536	3979	1.0
3979	2536	1.0
1002	941	1.0
941	1002	1.0
2447	4276	1.0
4276	2447	1.0
4281	3829	0.01
3829	4281	0.01
2139	1251	0.01
1251	2139	0.01
2371	5034	0.01
5034	2371	0.01
3883	1605	1.0
1605	3883	1.0
5235	3105	1.0
3105	5235	1.0
1093	4240	0.01
4240	1093	0.01
5190	5323	1.0
5323	5190	1.0
872	4932	0.01
4932	872	0.01
5191	4565	0.01
4565	5191	0.01
911	1816	0.01
1816	911	0.01
3827	3275	1.0
3275	3827	1.0
1953	3583	0.01
3583	1953	0.01
4304	4248	1.0
4248	4304	1.0
3844	1170	0.01
1170	3844	0.01
2798	5340	1.0
5340	2798	1.0
514	5265	1.0
5265	514	1.0
3863	5333	0.01
5333	3863	0.01
2972	5190	0.01
5190	2972	0.01
2977	911	1.0
911	2977	1.0
1855	5166	1.0
5166	1855	1.0
926	2937	1.0
2937	926	1.0
817	5007	1.0
5007	817	1.0
2133	3463	0.01
3463	2133	0.01
545	5166	1.0
5166	545	1.0
4928	5323	0.01
5323	4928	0.01
1939	5166	1.0
5166	1939	1.0
1511	5265	1.0
5265	1511	1.0
4168	4255	1.0
4255	4168	1.0
5265	5356	1.0
5356	5265	1.0
5029	762	0.01
762	5029	0.01
4701	3979	0.01
3979	4701	0.01
4928	1251	0.01
1251	4928	0.01
746	2037	1.0
2037	746	1.0
2508	4565	1.0
4565	2508	1.0
4795	3275	1.0
3275	4795	1.0
1460	5166	1.0
5166	1460	1.0
2045	4041	1.0
4041	2045	1.0
4887	5191	0.01
5191	4887	0.01
2536	1605	1.0
1605	2536	1.0
113	3630	0.01
3630	113	0.01
1384	4119	0.01
4119	1384	0.01
4533	2206	1.0
2206	4533	1.0
1482	2503	0.01
2503	1482	0.01
3303	1935	0.01
1935	3303	0.01
492	2582	1.0
2582	492	1.0
3883	2467	1.0
2467	3883	1.0
2037	2045	0.01
2045	2037	0.01
2834	3888	0.01
3888	2834	0.01
5115	3441	0.01
3441	5115	0.01
1576	2619	1.0
2619	1576	1.0
4442	1955	0.01
1955	4442	0.01
3599	2834	1.0
2834	3599	1.0
4161	746	1.0
746	4161	1.0
5356	1682	0.01
1682	5356	0.01
4609	888	1.0
888	4609	1.0
880	1939	1.0
1939	880	1.0
4932	3883	0.01
3883	4932	0.01
3077	2035	1.0
2035	3077	1.0
4565	2035	1.0
2035	4565	1.0
941	2251	1.0
2251	941	1.0
1511	3888	1.0
3888	1511	1.0
500	2316	0.01
2316	500	0.01
1002	2945	0.01
2945	1002	0.01
2572	2556	0.01
2556	2572	0.01
2798	1898	0.01
1898	2798	0.01
208	3881	0.01
3881	208	0.01
941	5166	1.0
5166	941	1.0
255	91	0.01
91	255	0.01
1415	872	1.0
872	1415	1.0
492	817	0.01
817	492	0.01
2834	1415	0.01
1415	2834	0.01
4904	1816	0.01
1816	4904	0.01
3463	2582	1.0
2582	3463	1.0
204	514	0.01
514	204	0.01
2619	2037	1.0
2037	2619	1.0
4442	2371	0.01
2371	4442	0.01
831	1855	1.0
1855	831	1.0
3888	1314	1.0
1314	3888	1.0
3441	5235	1.0
5235	3441	1.0
3346	3441	0.01
3441	3346	0.01
1093	4634	1.0
4634	1093	1.0
5190	4672	1.0
4672	5190	1.0
4304	1642	1.0
1642	4304	1.0
5208	1910	0.01
1910	5208	0.01
1939	2582	1.0
2582	1939	1.0
3881	4481	0.01
4481	3881	0.01
892	1824	1.0
1824	892	1.0
4672	3442	0.01
3442	4672	0.01
518	3827	0.01
3827	518	0.01
5186	4275	1.0
4275	5186	1.0
1257	3599	1.0
3599	1257	1.0
5235	1642	1.0
1642	5235	1.0
3854	1898	1.0
1898	3854	1.0
1384	2556	0.01
2556	1384	0.01
1584	2384	0.01
2384	1584	0.01
1053	2572	0.01
2572	1053	0.01
4276	2619	1.0
2619	4276	1.0
1415	1642	0.01
1642	1415	0.01
2945	5190	1.0
5190	2945	1.0
1389	3543	0.01
3543	1389	0.01
789	5190	1.0
5190	789	1.0
3447	2783	0.01
2783	3447	0.01
4248	2078	0.01
2078	4248	0.01
537	1816	0.01
1816	537	0.01
5029	5034	0.01
5034	5029	0.01
4565	4350	1.0
4350	4565	1.0
5235	1074	1.0
1074	5235	1.0
3486	2619	1.0
2619	3486	1.0
3827	2937	0.01
2937	3827	0.01
2283	3303	1.0
3303	2283	1.0
3271	4255	0.01
4255	3271	0.01
3844	1879	0.01
1879	3844	0.01
1415	941	1.0
941	1415	1.0
514	1955	1.0
1955	514	1.0
5333	2972	1.0
2972	5333	1.0
5235	482	0.01
482	5235	0.01
3486	2037	1.0
2037	3486	1.0
1948	880	0.01
880	1948	0.01
2440	1910	0.01
1910	2440	0.01
2536	1257	1.0
1257	2536	1.0
3441	1074	0.01
1074	3441	0.01
2447	5333	0.01
5333	2447	0.01
2946	5166	1.0
5166	2946	1.0
1009	4568	0.01
4568	1009	0.01
859	746	1.0
746	859	1.0
926	5166	1.0
5166	926	1.0
4838	1093	0.01
1093	4838	0.01
1847	149	0.01
149	1847	0.01
817	3275	1.0
3275	817	1.0
1533	2977	0.01
2977	1533	0.01
537	2698	0.01
2698	537	0.01
5340	492	0.01
492	5340	0.01
4164	1948	0.01
1948	4164	0.01
1837	4276	1.0
4276	1837	1.0
1939	3616	0.01
3616	1939	0.01
5029	1910	0.01
1910	5029	0.01
2572	352	0.01
352	2572	0.01
3077	2619	1.0
2619	3077	1.0
4887	911	0.01
911	4887	0.01
2937	746	1.0
746	2937	1.0
2035	5333	0.01
5333	2035	0.01
892	4276	1.0
4276	892	1.0
537	3814	0.01
3814	537	0.01
5186	2037	1.0
2037	5186	1.0
3854	2609	0.01
2609	3854	0.01
4350	3777	0.01
3777	4350	0.01
1800	5265	1.0
5265	1800	1.0
2213	149	0.01
149	2213	0.01
545	5007	1.0
5007	545	1.0
2972	3864	0.01
3864	2972	0.01
1460	831	0.01
831	1460	0.01
3814	1009	0.01
1009	3814	0.01
2556	2540	1.0
2540	2556	1.0
4304	2283	0.01
2283	4304	0.01
1605	746	1.0
746	1605	1.0
3693	1415	0.01
1415	3693	0.01
2556	492	1.0
492	2556	1.0
537	3105	1.0
3105	537	1.0
892	746	1.0
746	892	1.0
5323	5356	0.01
5356	5323	0.01
440	2371	0.01
2371	440	0.01
1258	3416	0.01
3416	1258	0.01
2206	4304	1.0
4304	2206	1.0
5191	2738	0.01
2738	5191	0.01
1855	1258	1.0
1258	1855	1.0
537	4634	1.0
4634	537	1.0
545	2946	1.0
2946	545	1.0
3356	4500	0.01
4500	3356	0.01
3105	2113	1.0
2113	3105	1.0
4701	2556	0.01
2556	4701	0.01
440	926	0.01
926	440	0.01
4795	1605	1.0
1605	4795	1.0
1267	3829	0.01
3829	1267	0.01
492	3883	0.01
3883	492	0.01
2556	1910	1.0
1910	2556	1.0
5186	2937	0.01
2937	5186	0.01
4928	3486	0.01
3486	4928	0.01
3844	2619	1.0
2619	3844	1.0
2572	514	1.0
514	2572	1.0
3835	2251	0.01
2251	3835	0.01
1875	4275	1.0
4275	1875	1.0
1228	1935	0.01
1935	1228	0.01
500	2619	1.0
2619	500	1.0
3423	1935	1.0
1935	3423	1.0
545	926	1.0
926	545	1.0
3303	3888	0.01
3888	3303	0.01
4225	3105	1.0
3105	4225	1.0
500	746	1.0
746	500	1.0
4442	500	0.01
500	4442	0.01
4186	4634	0.01
4634	4186	0.01
4246	872	0.01
872	4246	0.01
4533	941	0.01
941	4533	0.01
3234	3979	0.01
3979	3234	0.01
5208	746	1.0
746	5208	1.0
3854	2035	1.0
2035	3854	1.0
1009	1824	0.01
1824	1009	0.01
1935	2316	0.01
2316	1935	0.01
194	3993	0.01
3993	194	0.01
2945	3863	1.0
3863	2945	1.0
2798	197	1.0
197	2798	1.0
1257	2834	1.0
2834	1257	1.0
1962	5166	1.0
5166	1962	1.0
347	2619	0.01
2619	347	0.01
651	78	0.01
78	651	0.01
789	3814	0.01
3814	789	0.01
4077	545	0.01
545	4077	0.01
3599	941	0.01
941	3599	0.01
831	1898	1.0
1898	831	1.0
500	5166	1.0
5166	500	1.0
2783	3693	0.01
3693	2783	0.01
4458	911	1.0
911	4458	1.0
1605	2937	1.0
2937	1605	1.0
2798	2481	1.0
2481	2798	1.0
3486	1939	1.0
1939	3486	1.0
3835	5356	0.01
5356	3835	0.01
892	5186	1.0
5186	892	1.0
926	1257	1.0
1257	926	1.0
4041	3271	0.01
3271	4041	0.01
3441	4168	1.0
4168	3441	1.0
1002	4481	0.01
4481	1002	0.01
4168	1605	1.0
1605	4168	1.0
2698	2972	0.01
2972	2698	0.01
5034	4742	0.01
4742	5034	0.01
892	3543	1.0
3543	892	1.0
941	5235	1.0
5235	941	1.0
2798	4149	1.0
4149	2798	1.0
1002	2582	1.0
2582	1002	1.0
1824	1311	1.0
1311	1824	1.0
789	4350	1.0
4350	789	1.0
2945	1576	1.0
1576	2945	1.0
1078	1257	0.01
1257	1078	0.01
1837	1251	1.0
1251	1837	1.0
440	2556	0.01
2556	440	0.01
1879	4458	0.01
4458	1879	0.01
2945	4542	1.0
4542	2945	1.0
3863	4568	1.0
4568	3863	1.0
4795	831	1.0
831	4795	1.0
817	4246	1.0
4246	817	1.0
4304	2037	1.0
2037	4304	1.0
2037	2316	0.01
2316	2037	0.01
5208	1875	1.0
1875	5208	1.0
3844	5323	1.0
5323	3844	1.0
3854	2937	1.0
2937	3854	1.0
5340	5166	1.0
5166	5340	1.0
1257	1511	0.01
1511	1257	0.01
4225	2467	1.0
2467	4225	1.0
831	5007	1.0
5007	831	1.0
926	2283	1.0
2283	926	1.0
4928	4645	0.01
4645	4928	0.01
2508	2484	1.0
2484	2508	1.0
514	2037	1.0
2037	514	1.0
1953	4672	1.0
4672	1953	1.0
3229	2834	1.0
2834	3229	1.0
3761	2738	0.01
2738	3761	0.01
4246	5235	1.0
5235	4246	1.0
4568	1267	0.01
1267	4568	0.01
1935	1642	1.0
1642	1935	1.0
2283	2037	1.0
2037	2283	1.0
1962	746	1.0
746	1962	1.0
2977	1855	1.0
1855	2977	1.0
4246	3442	0.01
3442	4246	0.01
3854	2467	1.0
2467	3854	1.0
1824	2540	0.01
2540	1824	0.01
3441	1078	0.01
1078	3441	0.01
2783	1576	1.0
1576	2783	1.0
2572	4932	1.0
4932	2572	1.0
2798	4442	1.0
4442	2798	1.0
4565	2283	1.0
2283	4565	1.0
2508	3061	1.0
3061	2508	1.0
1511	2937	1.0
2937	1511	1.0
1251	5323	1.0
5323	1251	1.0
2945	1939	1.0
1939	2945	1.0
1078	2037	1.0
2037	1078	1.0
1955	3835	0.01
3835	1955	0.01
1257	1783	1.0
1783	1257	1.0
4255	2467	1.0
2467	4255	1.0
2556	4458	0.01
4458	2556	0.01
2977	3853	1.0
3853	2977	1.0
4533	1074	1.0
1074	4533	1.0
4350	746	1.0
746	4350	1.0
817	4500	0.01
4500	817	0.01
3854	2206	1.0
2206	3854	1.0
5166	4932	1.0
4932	5166	1.0
5235	1002	0.01
1002	5235	0.01
926	4255	1.0
4255	926	1.0
3761	1955	0.01
1955	3761	0.01
941	651	1.0
651	941	1.0
2283	3543	0.01
3543	2283	0.01
4320	1948	0.01
1948	4320	0.01
1875	4246	1.0
4246	1875	1.0
2133	672	0.01
672	2133	0.01
203	746	1.0
746	203	1.0
2945	5064	0.01
5064	2945	0.01
1898	4928	1.0
4928	1898	1.0
4568	3853	0.01
3853	4568	0.01
3616	669	0.01
669	3616	0.01
4469	746	1.0
746	4469	1.0
1078	3829	0.01
3829	1078	0.01
1939	5265	1.0
5265	1939	1.0
4568	1234	0.01
1234	4568	0.01
4672	3835	0.01
3835	4672	0.01
3447	1953	1.0
1953	3447	1.0
1786	2467	1.0
2467	1786	1.0
1267	5007	0.01
5007	1267	0.01
3630	2582	1.0
2582	3630	1.0
4932	2467	0.01
2467	4932	0.01
804	492	0.01
492	804	0.01
4255	2937	1.0
2937	4255	1.0
5323	2834	1.0
2834	5323	1.0
2504	2508	0.01
2508	2504	0.01
2945	1078	1.0
1078	2945	1.0
789	1078	1.0
1078	789	1.0
4932	3874	0.01
3874	4932	0.01
4928	4276	1.0
4276	4928	1.0
2945	5265	1.0
5265	2945	1.0
1228	3829	0.01
3829	1228	0.01
1824	4565	1.0
4565	1824	1.0
518	352	0.01
352	518	0.01
2133	2213	0.01
2213	2133	0.01
1939	1074	1.0
1074	1939	1.0
4565	2937	1.0
2937	4565	1.0
2388	1837	0.01
1837	2388	0.01
1267	4494	0.01
4494	1267	0.01
4225	4255	1.0
4255	4225	1.0
155	1053	0.01
1053	155	0.01
1939	672	1.0
672	1939	1.0
3077	4240	1.0
4240	3077	1.0
5208	3077	0.01
3077	5208	0.01
482	4568	0.01
4568	482	0.01
3061	1939	1.0
1939	3061	1.0
3854	4500	0.01
4500	3854	0.01
1786	4255	1.0
4255	1786	1.0
1460	4458	0.01
4458	1460	0.01
1786	1170	0.01
1170	1786	0.01
4533	4281	1.0
4281	4533	1.0
545	1935	1.0
1935	545	1.0
3777	4240	0.01
4240	3777	0.01
817	1251	1.0
1251	817	1.0
970	2582	1.0
2582	970	1.0
872	4041	0.01
4041	872	0.01
2582	4041	1.0
4041	2582	1.0
4795	1576	1.0
1576	4795	1.0
3864	2946	1.0
2946	3864	1.0
2004	3105	0.01
3105	2004	0.01
3229	4928	1.0
4928	3229	1.0
2388	514	0.01
514	2388	0.01
1074	2937	0.01
2937	1074	0.01
347	4281	0.01
4281	347	0.01
2977	3599	0.01
3599	2977	0.01
926	2467	1.0
2467	926	1.0
2283	859	0.01
859	2283	0.01
2540	1576	0.01
1576	2540	0.01
1938	4442	0.01
4442	1938	0.01
514	545	0.01
545	514	0.01
1855	3979	1.0
3979	1855	1.0
4858	3229	0.01
3229	4858	0.01
3423	2582	0.01
2582	3423	0.01
910	941	1.0
941	910	1.0
2937	3441	0.01
3441	2937	0.01
3854	4255	1.0
4255	3854	1.0
789	3234	0.01
3234	789	0.01
3447	1935	1.0
1935	3447	1.0
4161	926	1.0
926	4161	1.0
4469	789	0.01
789	4469	0.01
3486	4225	0.01
4225	3486	0.01
4494	5265	1.0
5265	4494	1.0
2508	2037	1.0
2037	2508	1.0
5190	5007	1.0
5007	5190	1.0
1800	5323	1.0
5323	1800	1.0
2508	2937	1.0
2937	2508	1.0
817	4325	0.01
4325	817	0.01
2139	4795	0.01
4795	2139	0.01
3599	3179	0.01
3179	3599	0.01
5333	982	0.01
982	5333	0.01
941	1939	1.0
1939	941	1.0
3423	4500	0.01
4500	3423	0.01
5235	1311	0.01
1311	5235	0.01
4634	1228	0.01
1228	4634	0.01
5186	3863	1.0
3863	5186	1.0
926	4248	1.0
4248	926	1.0
789	817	1.0
817	789	1.0
4565	4276	1.0
4276	4565	1.0
3853	3356	0.01
3356	3853	0.01
5340	3583	0.01
3583	5340	0.01
1898	4634	1.0
4634	1898	1.0
4246	1935	1.0
1935	4246	1.0
1935	4672	1.0
4672	1935	1.0
4119	3279	0.01
3279	4119	0.01
4425	482	0.01
482	4425	0.01
1511	1898	1.0
1898	1511	1.0
5034	3993	0.01
3993	5034	0.01
149	3271	0.01
3271	149	0.01
2035	4041	0.01
4041	2035	0.01
817	2619	1.0
2619	817	1.0
4742	155	0.01
155	4742	0.01
4932	2834	1.0
2834	4932	1.0
2484	3854	1.0
3854	2484	1.0
1258	2582	1.0
2582	1258	1.0
3416	817	0.01
817	3416	0.01
5190	4240	1.0
4240	5190	1.0
5190	754	0.01
754	5190	0.01
78	1170	0.01
1170	78	0.01
5190	2582	1.0
2582	5190	1.0
1875	2937	1.0
2937	1875	1.0
5265	4634	1.0
4634	5265	1.0
5208	2037	1.0
2037	5208	1.0
2139	1228	0.01
1228	2139	0.01
4225	5235	1.0
5235	4225	1.0
2582	4304	1.0
4304	2582	1.0
4275	741	0.01
741	4275	0.01
3356	5166	0.01
5166	3356	0.01
817	5265	1.0
5265	817	1.0
1093	1783	1.0
1783	1093	1.0
2484	4161	1.0
4161	2484	1.0
78	1314	0.01
1314	78	0.01
482	746	1.0
746	482	1.0
1900	2508	0.01
2508	1900	0.01
4609	3630	0.01
3630	4609	0.01
1764	492	0.01
492	1764	0.01
2536	1576	1.0
1576	2536	1.0
2572	941	0.01
941	2572	0.01
1384	1415	0.01
1415	1384	0.01
4494	2035	1.0
2035	4494	1.0
1824	3583	1.0
3583	1824	1.0
2783	1251	1.0
1251	2783	1.0
3888	5208	1.0
5208	3888	1.0
3442	1314	1.0
1314	3442	1.0
2508	2035	1.0
2035	2508	1.0
4565	4672	1.0
4672	4565	1.0
4565	203	0.01
203	4565	0.01
982	4932	0.01
4932	982	0.01
1855	3881	1.0
3881	1855	1.0
3583	5034	0.01
5034	3583	0.01
2783	2035	1.0
2035	2783	1.0
926	4276	1.0
4276	926	1.0
789	545	1.0
545	789	1.0
2798	5356	0.01
5356	2798	0.01
4149	4304	1.0
4304	4149	1.0
2945	1816	1.0
1816	2945	1.0
3777	2251	1.0
2251	3777	1.0
1837	3275	1.0
3275	1837	1.0
4645	5186	0.01
5186	4645	0.01
3077	4494	1.0
4494	3077	1.0
3447	3179	0.01
3179	3447	0.01
2834	358	0.01
358	2834	0.01
4500	3234	0.01
3234	4500	0.01
1948	197	0.01
197	1948	0.01
1120	746	1.0
746	1120	1.0
926	3275	1.0
3275	926	1.0
4858	3756	0.01
3756	4858	0.01
4161	1576	1.0
1576	4161	1.0
4246	194	1.0
194	4246	1.0
3599	4276	1.0
4276	3599	1.0
203	3442	0.01
3442	203	0.01
669	255	0.01
255	669	0.01
2484	5029	0.01
5029	2484	0.01
4350	1939	1.0
1939	4350	1.0
1511	4225	1.0
4225	1511	1.0
1384	888	1.0
888	1384	1.0
2078	5029	0.01
5029	2078	0.01
2508	1939	1.0
1939	2508	1.0
4350	3599	0.01
3599	4350	0.01
113	3486	0.01
3486	113	0.01
4186	492	0.01
492	4186	0.01
5340	1605	0.01
1605	5340	0.01
3303	1764	0.01
1764	3303	0.01
1786	2113	0.01
2113	1786	0.01
4276	4795	0.01
4795	4276	0.01
3844	1824	1.0
1824	3844	1.0
1962	5265	1.0
5265	1962	1.0
482	5186	0.01
5186	482	0.01
3105	5333	0.01
5333	3105	0.01
2945	1824	1.0
1824	2945	1.0
1800	1258	1.0
1258	1800	1.0
194	537	0.01
537	194	0.01
4533	926	1.0
926	4533	1.0
1120	4304	0.01
4304	1120	0.01
5235	1816	1.0
1816	5235	1.0
1910	2719	0.01
2719	1910	0.01
4350	2283	1.0
2283	4350	1.0
2619	2440	0.01
2440	2619	0.01
3888	2946	0.01
2946	3888	0.01
203	3888	0.01
3888	203	0.01
5191	4645	0.01
4645	5191	0.01
910	4645	0.01
4645	910	0.01
672	1953	0.01
1953	672	0.01
4255	1953	1.0
1953	4255	1.0
1837	2316	0.01
2316	1837	0.01
1783	3316	1.0
3316	1783	1.0
1234	1251	1.0
1251	1234	1.0
5333	5097	0.01
5097	5333	0.01
2206	880	0.01
880	2206	0.01
892	926	1.0
926	892	1.0
4425	1314	0.01
1314	4425	0.01
4494	1258	0.01
1258	4494	0.01
3423	5034	0.01
5034	3423	0.01
5235	2609	1.0
2609	5235	1.0
4325	2045	0.01
2045	4325	0.01
5190	941	1.0
941	5190	1.0
3864	5166	1.0
5166	3864	1.0
4533	1605	1.0
1605	4533	1.0
3854	2834	1.0
2834	3854	1.0
5166	440	0.01
440	5166	0.01
4225	2540	1.0
2540	4225	1.0
3105	1783	0.01
1783	3105	0.01
1389	973	0.01
973	1389	0.01
4627	2945	0.01
2945	4627	0.01
5340	3883	0.01
3883	5340	0.01
3881	746	1.0
746	3881	1.0
3461	3829	0.01
3829	3461	0.01
1948	1460	0.01
1460	1948	0.01
1824	941	1.0
941	1824	1.0
2481	3616	0.01
3616	2481	0.01
2945	1251	1.0
1251	2945	1.0
3543	1576	1.0
1576	3543	1.0
892	2467	1.0
2467	892	1.0
4494	3864	1.0
3864	4494	1.0
492	1511	1.0
1511	492	1.0
440	4119	0.01
4119	440	0.01
956	1074	0.01
1074	956	0.01
2783	941	1.0
941	2783	1.0
3279	3756	0.01
3756	3279	0.01
2388	4500	0.01
4500	2388	0.01
3864	3275	1.0
3275	3864	1.0
4533	4304	1.0
4304	4533	1.0
3144	2536	1.0
2536	3144	1.0
2213	3279	0.01
3279	2213	0.01
1415	4500	0.01
4500	1415	0.01
2045	4887	0.01
4887	2045	0.01
5097	2139	0.01
2139	5097	0.01
2045	941	1.0
941	2045	1.0
1460	5265	1.0
5265	1460	1.0
4542	5166	1.0
5166	4542	1.0
1786	1482	0.01
1482	1786	0.01
1002	2078	1.0
2078	1002	1.0
1257	78	0.01
78	1257	0.01
3184	2719	0.01
2719	3184	0.01
482	537	0.01
537	482	0.01
2037	5235	0.01
5235	2037	0.01
5265	4928	0.01
4928	5265	0.01
4161	3616	1.0
3616	4161	1.0
255	3234	0.01
3234	255	0.01
4565	888	1.0
888	4565	1.0
941	4904	1.0
4904	941	1.0
817	2213	0.01
2213	817	0.01
3463	1257	0.01
1257	3463	0.01
4928	2467	1.0
2467	4928	1.0
3863	3441	0.01
3441	3863	0.01
3599	1948	0.01
1948	3599	0.01
1251	941	1.0
941	1251	1.0
4281	4672	1.0
4672	4281	1.0
1764	1816	0.01
1816	1764	0.01
970	3423	0.01
3423	970	0.01
2937	2834	0.01
2834	2937	0.01
2045	2035	1.0
2035	2045	1.0
2536	2937	1.0
2937	2536	1.0
4838	1783	0.01
1783	4838	0.01
1824	4533	1.0
4533	1824	1.0
2536	4240	0.01
4240	2536	0.01
3423	859	1.0
859	3423	1.0
1935	3993	0.01
3993	1935	0.01
347	1002	0.01
1002	347	0.01
2503	746	0.01
746	2503	0.01
1910	4401	0.01
4401	1910	0.01
1576	2037	1.0
2037	1576	1.0
910	358	0.01
358	910	0.01
545	2834	1.0
2834	545	1.0
754	926	0.01
926	754	0.01
3486	4276	1.0
4276	3486	1.0
4225	982	1.0
982	4225	1.0
4565	4932	1.0
4932	4565	1.0
4248	4164	0.01
4164	4248	0.01
1576	1460	0.01
1460	1576	0.01
3883	3486	0.01
3486	3883	0.01
2388	2977	0.01
2977	2388	0.01
1824	982	0.01
982	1824	0.01
2004	5356	0.01
5356	2004	0.01
4469	1962	0.01
1962	4469	0.01
2283	5166	1.0
5166	2283	1.0
2609	2536	0.01
2536	2609	0.01
1009	4161	0.01
4161	1009	0.01
741	789	0.01
789	741	0.01
1384	5190	1.0
5190	1384	1.0
831	3583	1.0
3583	831	1.0
1837	926	1.0
926	1837	1.0
1824	4350	1.0
4350	1824	1.0
941	4568	0.01
4568	941	0.01
1460	2035	1.0
2035	1460	1.0
347	1955	0.01
1955	347	0.01
880	4401	0.01
4401	880	0.01
4672	2834	1.0
2834	4672	1.0
5190	1953	1.0
1953	5190	1.0
1800	2440	0.01
2440	1800	0.01
2556	5265	1.0
5265	2556	1.0
1855	1953	0.01
1953	1855	0.01
5007	5208	0.01
5208	5007	0.01
4255	2283	1.0
2283	4255	1.0
2508	3316	0.01
3316	2508	0.01
3447	1605	1.0
1605	3447	1.0
4077	2371	0.01
2371	4077	0.01
518	545	1.0
545	518	1.0
2945	537	1.0
537	2945	1.0
817	888	1.0
888	817	1.0
4533	3854	1.0
3854	4533	1.0
789	1824	1.0
1824	789	1.0
2484	762	0.01
762	2484	0.01
2037	1120	0.01
1120	2037	0.01
804	1875	0.01
1875	804	0.01
3883	2937	1.0
2937	3883	1.0
440	3616	1.0
3616	440	1.0
3854	2113	0.01
2113	3854	0.01
194	2037	1.0
2037	194	1.0
2556	5235	1.0
5235	2556	1.0
4887	1314	0.01
1314	4887	0.01
3979	2283	1.0
2283	3979	1.0
4275	4304	1.0
4304	4275	1.0
3077	888	1.0
888	3077	1.0
3077	2447	1.0
2447	3077	1.0
5340	3463	0.01
3463	5340	0.01
2503	4246	1.0
4246	2503	1.0
1786	4568	0.01
4568	1786	0.01
1786	4276	1.0
4276	1786	1.0
3814	3874	0.01
3874	3814	0.01
1267	3756	0.01
3756	1267	0.01
3543	4225	1.0
4225	3543	1.0
358	1948	0.01
1948	358	0.01
2798	3864	1.0
3864	2798	1.0
514	113	0.01
113	514	0.01
5190	1576	1.0
1576	5190	1.0
1898	5166	1.0
5166	1898	1.0
4041	3630	0.01
3630	4041	0.01
2582	651	1.0
651	2582	1.0
78	1847	0.01
1847	78	0.01
4275	746	1.0
746	4275	1.0
3854	5265	1.0
5265	3854	1.0
4281	5333	0.01
5333	4281	0.01
3761	4932	0.01
4932	3761	0.01
2536	1078	1.0
1078	2536	1.0
3761	4887	0.01
4887	3761	0.01
4742	726	0.01
726	4742	0.01
4168	2283	0.01
2283	4168	0.01
2945	3279	1.0
3279	2945	1.0
4672	3303	0.01
3303	4672	0.01
1384	4701	0.01
4701	1384	0.01
4887	3864	0.01
3864	4887	0.01
4225	746	1.0
746	4225	1.0
3883	1053	0.01
1053	3883	0.01
2283	2834	1.0
2834	2283	1.0
2977	888	1.0
888	2977	1.0
358	746	1.0
746	358	1.0
1482	500	0.01
500	1482	0.01
2213	4469	0.01
4469	2213	0.01
2206	4281	1.0
4281	2206	1.0
1837	545	1.0
545	1837	1.0
1009	1053	0.01
1053	1009	0.01
3105	4248	0.01
4248	3105	0.01
3442	2798	1.0
2798	3442	1.0
5166	672	0.01
672	5166	0.01
4225	4275	1.0
4275	4225	1.0
888	4225	0.01
4225	888	0.01
3423	5352	0.01
5352	3423	0.01
789	1257	0.01
1257	789	0.01
973	1847	0.01
1847	973	0.01
982	204	0.01
204	982	0.01
4838	746	1.0
746	4838	1.0
2536	746	1.0
746	2536	1.0
2113	2035	1.0
2035	2113	1.0
4248	2857	0.01
2857	4248	0.01
926	194	1.0
194	926	1.0
1855	4350	1.0
4350	1855	1.0
4887	78	0.01
78	4887	0.01
3814	3447	0.01
3447	3814	0.01
3829	2783	0.01
2783	3829	0.01
941	2424	0.01
2424	941	0.01
4276	4932	1.0
4932	4276	1.0
2536	2582	1.0
2582	2536	1.0
2484	4565	1.0
4565	2484	1.0
2139	3275	1.0
3275	2139	1.0
4795	2582	1.0
2582	4795	1.0
545	1311	1.0
1311	545	1.0
1682	3827	0.01
3827	1682	0.01
892	2045	1.0
2045	892	1.0
3844	2206	1.0
2206	3844	1.0
2945	1953	1.0
1953	2945	1.0
1816	859	1.0
859	1816	1.0
3423	4672	1.0
4672	3423	1.0
2078	5265	1.0
5265	2078	1.0
4858	1898	0.01
1898	4858	0.01
3835	2698	0.01
2698	3835	0.01
4795	1824	1.0
1824	4795	1.0
4161	3888	0.01
3888	4161	0.01
982	4248	1.0
4248	982	1.0
1935	746	1.0
746	1935	1.0
5064	1605	0.01
1605	5064	0.01
1234	3346	0.01
3346	1234	0.01
3486	1855	1.0
1855	3486	1.0
2481	4401	0.01
4401	2481	0.01
2316	3461	0.01
3461	2316	0.01
1251	1939	0.01
1939	1251	0.01
194	4401	0.01
4401	194	0.01
2484	2037	0.01
2037	2484	0.01
208	4248	0.01
4248	208	0.01
5208	1800	0.01
1800	5208	0.01
1962	2724	0.01
2724	1962	0.01
4350	3835	0.01
3835	4350	0.01
2508	2206	0.01
2206	2508	0.01
4565	1314	0.01
1314	4565	0.01
1009	2719	0.01
2719	1009	0.01
2798	3693	1.0
3693	2798	1.0
1460	514	1.0
514	1460	1.0
1228	831	0.01
831	1228	0.01
4928	4469	0.01
4469	4928	0.01
1576	5007	1.0
5007	1576	1.0
2283	3275	1.0
3275	2283	1.0
3316	4276	0.01
4276	3316	0.01
5265	2037	1.0
2037	5265	1.0
1855	4275	1.0
4275	1855	1.0
3630	5333	0.01
5333	3630	0.01
789	4186	0.01
4186	789	0.01
1533	1642	0.01
1642	1533	0.01
3835	926	0.01
926	3835	0.01
4742	754	0.01
754	4742	0.01
2582	204	1.0
204	2582	1.0
1415	1898	1.0
1898	1415	1.0
4928	911	0.01
911	4928	0.01
352	1002	0.01
1002	352	0.01
2447	3316	1.0
3316	2447	1.0
1855	3583	1.0
3583	1855	1.0
4795	3829	0.01
3829	4795	0.01
1786	1605	1.0
1605	1786	1.0
4565	1258	1.0
1258	4565	1.0
2783	3105	1.0
3105	2783	1.0
4904	2834	0.01
2834	4904	0.01
4533	2619	1.0
2619	4533	1.0
2556	1251	1.0
1251	2556	1.0
3883	651	0.01
651	3883	0.01
2783	3543	1.0
3543	2783	1.0
1879	4542	0.01
4542	1879	0.01
2977	5356	1.0
5356	2977	1.0
1093	4255	1.0
4255	1093	1.0
4887	1258	0.01
1258	4887	0.01
3777	1251	1.0
1251	3777	1.0
1460	4500	0.01
4500	1460	0.01
3583	5166	1.0
5166	3583	1.0
2078	1234	0.01
1234	2078	0.01
514	3599	0.01
3599	514	0.01
4276	746	1.0
746	4276	1.0
3844	4281	1.0
4281	3844	1.0
545	4225	1.0
4225	545	1.0
3416	5265	0.01
5265	3416	0.01
941	746	1.0
746	941	1.0
2045	2619	1.0
2619	2045	1.0
5235	3979	1.0
3979	5235	1.0
3441	1953	1.0
1953	3441	1.0
672	5333	0.01
5333	672	0.01
2556	4838	0.01
4838	2556	0.01
1576	3275	1.0
3275	1576	1.0
2481	3814	0.01
3814	2481	0.01
3844	3863	1.0
3863	3844	1.0
3777	5166	1.0
5166	3777	1.0
255	149	0.01
149	255	0.01
3883	4325	0.01
4325	3883	0.01
1120	2689	0.01
2689	1120	0.01
4795	859	0.01
859	4795	0.01
741	4425	0.01
4425	741	0.01
537	1258	1.0
1258	537	1.0
2447	4928	1.0
4928	2447	1.0
1511	1415	0.01
1415	1511	0.01
5064	3416	0.01
3416	5064	0.01
4350	2037	1.0
2037	4350	1.0
3416	2857	0.01
2857	3416	0.01
3854	1605	1.0
1605	3854	1.0
5191	1955	0.01
1955	5191	0.01
1482	4887	0.01
4887	1482	0.01
1879	2582	1.0
2582	1879	1.0
3761	4255	0.01
4255	3761	0.01
4077	2698	0.01
2698	4077	0.01
4325	2037	0.01
2037	4325	0.01
3303	4795	0.01
4795	3303	0.01
1257	5235	1.0
5235	1257	1.0
2504	3423	0.01
3423	2504	0.01
1257	3486	0.01
3486	1257	0.01
3543	1938	0.01
1938	3543	0.01
859	2972	1.0
2972	859	1.0
4565	4304	0.01
4304	4565	0.01
78	3441	0.01
3441	78	0.01
4255	4248	1.0
4248	4255	1.0
5352	831	0.01
831	5352	0.01
5190	1078	1.0
1078	5190	1.0
1384	4500	0.01
4500	1384	0.01
789	1576	0.01
1576	789	0.01
4609	4350	1.0
4350	4609	1.0
1837	1898	1.0
1898	1837	1.0
4795	2619	1.0
2619	4795	1.0
4281	3077	0.01
3077	4281	0.01
3864	500	0.01
500	3864	0.01
4225	4276	1.0
4276	4225	1.0
1053	2037	0.01
2037	1053	0.01
2508	892	0.01
892	2508	0.01
2783	2113	1.0
2113	2783	1.0
888	5166	1.0
5166	888	1.0
1786	4225	1.0
4225	1786	1.0
4350	5265	1.0
5265	4350	1.0
5265	4304	1.0
4304	5265	1.0
5186	2946	1.0
2946	5186	1.0
4350	4672	1.0
4672	4350	1.0
4795	1953	1.0
1953	4795	1.0
2977	3271	1.0
3271	2977	1.0
2447	4225	1.0
4225	2447	1.0
3442	2251	0.01
2251	3442	0.01
3599	2937	1.0
2937	3599	1.0
3077	941	1.0
941	3077	1.0
4469	5186	0.01
5186	4469	0.01
4255	1314	1.0
1314	4255	1.0
3416	2536	0.01
2536	3416	0.01
4246	1953	1.0
1953	4246	1.0
440	4275	1.0
4275	440	1.0
1953	3275	1.0
3275	1953	1.0
3486	4281	1.0
4281	3486	1.0
3441	4494	0.01
4494	3441	0.01
2783	4672	1.0
4672	2783	1.0
3179	5190	1.0
5190	3179	1.0
4276	3234	0.01
3234	4276	0.01
3077	2206	1.0
2206	3077	1.0
2540	1642	0.01
1642	2540	0.01
1935	1314	1.0
1314	1935	1.0
910	746	1.0
746	910	1.0
941	5007	1.0
5007	941	1.0
1258	3777	0.01
3777	1258	0.01
255	5352	0.01
5352	255	0.01
1939	3275	1.0
3275	1939	1.0
1605	5166	1.0
5166	1605	1.0
3105	4542	0.01
4542	3105	0.01
1824	194	0.01
194	1824	0.01
4325	2035	0.01
2035	4325	0.01
5356	2857	0.01
2857	5356	0.01
4494	1078	1.0
1078	4494	1.0
1482	1415	0.01
1415	1482	0.01
4533	3416	0.01
3416	4533	0.01
1816	5029	0.01
5029	1816	0.01
926	1482	0.01
1482	926	0.01
3416	4469	0.01
4469	3416	0.01
2798	1786	1.0
1786	2798	1.0
2783	5190	1.0
5190	2783	1.0
3630	746	1.0
746	3630	1.0
672	2977	0.01
2977	672	0.01
4904	2937	1.0
2937	4904	1.0
4240	3853	0.01
3853	4240	0.01
1935	3416	0.01
3416	1935	0.01
1093	4248	0.01
4248	1093	0.01
4275	1078	1.0
1078	4275	1.0
2540	1257	0.01
1257	2540	0.01
3229	3979	0.01
3979	3229	0.01
4645	2504	0.01
2504	4645	0.01
1576	5166	1.0
5166	1576	1.0
2540	2467	0.01
2467	2540	0.01
2139	3184	0.01
3184	2139	0.01
5235	746	1.0
746	5235	1.0
1605	4904	1.0
4904	1605	1.0
910	926	1.0
926	910	1.0
2481	1384	0.01
1384	2481	0.01
2045	1955	1.0
1955	2045	1.0
78	2582	0.01
2582	78	0.01
1837	1783	0.01
1783	1837	0.01
4246	1938	1.0
1938	4246	1.0
2738	4246	0.01
4246	2738	0.01
4904	4928	0.01
4928	4904	0.01
1962	2977	0.01
2977	1962	0.01
1093	4276	1.0
4276	1093	1.0
2783	3844	1.0
3844	2783	1.0
492	1935	0.01
1935	492	0.01
2508	2945	1.0
2945	2508	1.0
3583	726	0.01
726	3583	0.01
892	4246	0.01
4246	892	0.01
1855	1576	1.0
1576	1855	1.0
4350	2945	0.01
2945	4350	0.01
2783	669	0.01
669	2783	0.01
1078	1855	0.01
1855	1078	0.01
2783	1910	0.01
1910	2783	0.01
892	4795	1.0
4795	892	1.0
3881	4246	0.01
4246	3881	0.01
3441	4255	1.0
4255	3441	1.0
2798	970	1.0
970	2798	1.0
4304	2834	1.0
2834	4304	1.0
3777	3144	0.01
3144	3777	0.01
545	2035	1.0
2035	545	1.0
2798	2946	1.0
2946	2798	1.0
2582	754	0.01
754	2582	0.01
1120	4425	0.01
4425	1120	0.01
5235	5265	1.0
5265	5235	1.0
2467	2834	1.0
2834	2467	1.0
1576	1074	0.01
1074	1576	0.01
3863	746	1.0
746	3863	1.0
3077	1251	0.01
1251	3077	0.01
2447	1002	0.01
1002	2447	0.01
2738	4469	0.01
4469	2738	0.01
2045	4533	1.0
4533	2045	1.0
4645	746	1.0
746	4645	1.0
1053	872	0.01
872	1053	0.01
1837	2037	1.0
2037	1837	1.0
2582	3316	1.0
3316	2582	1.0
1939	831	0.01
831	1939	0.01
2798	1009	1.0
1009	2798	1.0
3583	4248	1.0
4248	3583	1.0
4164	78	0.01
78	4164	0.01
4609	746	1.0
746	4609	1.0
892	817	1.0
817	892	1.0
2798	3061	1.0
3061	2798	1.0
2447	2139	1.0
2139	2447	1.0
545	3543	0.01
3543	545	0.01
2698	1855	0.01
1855	2698	0.01
926	5323	1.0
5323	926	1.0
2798	4928	1.0
4928	2798	1.0
5323	3979	0.01
3979	5323	0.01
892	910	0.01
910	892	0.01
3835	5323	0.01
5323	3835	0.01
2582	2113	1.0
2113	2582	1.0
3844	4225	1.0
4225	3844	1.0
1251	1314	0.01
1314	1251	0.01
1962	1605	1.0
1605	1962	1.0
194	746	1.0
746	194	1.0
5191	726	0.01
726	5191	0.01
3486	514	1.0
514	3486	1.0
3423	2481	0.01
2481	3423	0.01
2384	3979	0.01
3979	2384	0.01
888	1953	1.0
1953	888	1.0
3447	1251	1.0
1251	3447	1.0
1078	741	0.01
741	1078	0.01
2783	888	1.0
888	2783	1.0
2447	2536	1.0
2536	2447	1.0
5061	2724	0.01
2724	5061	0.01
1605	1910	0.01
1910	1605	0.01
1855	4304	1.0
4304	1855	1.0
3077	3447	1.0
3447	3077	1.0
1251	2283	1.0
2283	1251	1.0
482	3184	0.01
3184	482	0.01
537	982	0.01
982	537	0.01
1251	1642	1.0
1642	1251	1.0
4225	2113	0.01
2113	4225	0.01
4276	4304	1.0
4304	4276	1.0
2572	3229	0.01
3229	2572	0.01
4469	872	0.01
872	4469	0.01
482	741	0.01
741	482	0.01
3105	5356	0.01
5356	3105	0.01
2857	3441	0.01
3441	2857	0.01
2447	5235	1.0
5235	2447	1.0
3184	3061	0.01
3061	3184	0.01
3486	746	1.0
746	3486	1.0
2504	2447	0.01
2447	2504	0.01
1855	911	1.0
911	1855	1.0
1939	4672	1.0
4672	1939	1.0
347	1879	0.01
1879	347	0.01
1800	203	0.01
203	1800	0.01
4248	970	0.01
970	4248	0.01
1962	545	1.0
545	1962	1.0
1251	2540	1.0
2540	1251	1.0
4276	3979	1.0
3979	4276	1.0
1837	1953	1.0
1953	1837	1.0
4500	3756	0.01
3756	4500	0.01
500	1935	1.0
1935	500	1.0
1938	4565	0.01
4565	1938	0.01
518	4565	1.0
4565	518	1.0
5333	888	0.01
888	5333	0.01
3888	926	1.0
926	3888	1.0
746	2834	1.0
2834	746	1.0
3077	3881	0.01
3881	3077	0.01
2946	5115	0.01
5115	2946	0.01
2536	2283	1.0
2283	2536	1.0
3844	4304	1.0
4304	3844	1.0
5208	4701	0.01
4701	5208	0.01
1384	2798	1.0
2798	1384	1.0
4276	2035	0.01
2035	4276	0.01
5034	1962	0.01
1962	5034	0.01
1511	2540	1.0
2540	1511	1.0
1837	4672	1.0
4672	1837	1.0
4304	4320	0.01
4320	4304	0.01
4401	1053	0.01
1053	4401	0.01
1847	545	0.01
545	1847	0.01
4161	2834	1.0
2834	4161	1.0
1824	2536	1.0
2536	1824	1.0
789	1879	1.0
1879	789	1.0
1576	1939	1.0
1939	1576	1.0
4325	1953	0.01
1953	4325	0.01
926	4672	1.0
4672	926	1.0
3888	4281	0.01
4281	3888	0.01
3447	2536	1.0
2536	3447	1.0
817	4276	1.0
4276	817	1.0
2857	1910	0.01
1910	2857	0.01
4565	4255	1.0
4255	4565	1.0
3756	2078	0.01
2078	3756	0.01
3461	5097	0.01
5097	3461	0.01
888	1170	0.01
1170	888	0.01
2206	155	0.01
155	2206	0.01
1939	3814	0.01
3814	1939	0.01
1311	4609	0.01
4609	1311	0.01
4246	1258	1.0
1258	4246	1.0
2508	2972	0.01
2972	2508	0.01
3777	1855	1.0
1855	3777	1.0
817	926	1.0
926	817	1.0
3061	5208	0.01
5208	3061	0.01
982	5208	0.01
5208	982	0.01
3854	1800	0.01
1800	3854	0.01
3883	4276	1.0
4276	3883	1.0
2783	4246	1.0
4246	2783	1.0
4304	2540	0.01
2540	4304	0.01
651	4161	0.01
4161	651	0.01
3814	1314	0.01
1314	3814	0.01
1910	4838	0.01
4838	1910	0.01
3854	1078	1.0
1078	3854	1.0
2945	203	0.01
203	2945	0.01
5190	5166	1.0
5166	5190	1.0
3853	1879	1.0
1879	3853	1.0
1875	2977	0.01
2977	1875	0.01
3486	1576	1.0
1576	3486	1.0
5265	3275	1.0
3275	5265	1.0
113	941	0.01
941	113	0.01
5064	5061	0.01
5061	5064	0.01
4928	3756	0.01
3756	4928	0.01
1800	2206	1.0
2206	1800	1.0
3630	941	1.0
941	3630	1.0
2113	5323	1.0
5323	2113	1.0
1234	888	1.0
888	1234	1.0
3077	2078	1.0
2078	3077	1.0
2213	2619	0.01
2619	2213	0.01
2504	1074	0.01
1074	2504	0.01
4255	4928	1.0
4928	4255	1.0
1955	2946	1.0
2946	1955	1.0
2206	5265	1.0
5265	2206	1.0
1482	2834	0.01
2834	1482	0.01
3888	2384	0.01
2384	3888	0.01
4401	1605	0.01
1605	4401	0.01
4246	5115	0.01
5115	4246	0.01
4168	4634	1.0
4634	4168	1.0
5115	4701	0.01
4701	5115	0.01
1962	4838	0.01
4838	1962	0.01
1837	2035	1.0
2035	1837	1.0
3442	2206	0.01
2206	3442	0.01
3077	2503	1.0
2503	3077	1.0
5064	3275	1.0
3275	5064	1.0
1855	4255	1.0
4255	1855	1.0
545	4276	1.0
4276	545	1.0
910	880	0.01
880	910	0.01
203	4281	0.01
4281	203	0.01
4627	1816	0.01
1816	4627	0.01
2937	3279	0.01
3279	2937	0.01
941	4275	1.0
4275	941	1.0
2206	1935	1.0
1935	2206	1.0
3077	1948	0.01
1948	3077	0.01
5186	1955	1.0
1955	5186	1.0
5235	204	0.01
204	5235	0.01
1533	204	0.01
204	1533	0.01
1800	4168	0.01
4168	1800	0.01
4276	5340	0.01
5340	4276	0.01
3630	872	0.01
872	3630	0.01
970	3543	0.01
3543	970	0.01
3316	4161	0.01
4161	3316	0.01
1170	2504	0.01
2504	1170	0.01
1824	3863	1.0
3863	1824	1.0
5235	255	1.0
255	5235	1.0
1837	3105	1.0
3105	1837	1.0
3423	2283	0.01
2283	3423	0.01
2582	1078	1.0
1078	2582	1.0
440	5186	1.0
5186	440	1.0
1855	1875	1.0
1875	1855	1.0
514	2508	0.01
2508	514	0.01
3881	4119	0.01
4119	3881	0.01
3979	1875	0.01
1875	3979	0.01
3077	2834	0.01
2834	3077	0.01
4568	2945	0.01
2945	4568	0.01
3423	1642	1.0
1642	3423	1.0
3835	4500	0.01
4500	3835	0.01
4458	4533	0.01
4533	4458	0.01
2783	926	1.0
926	2783	1.0
3829	1953	0.01
1953	3829	0.01
3486	5166	1.0
5166	3486	1.0
1955	1311	1.0
1311	1955	1.0
5208	926	1.0
926	5208	1.0
5191	746	1.0
746	5191	1.0
892	5323	1.0
5323	892	1.0
1053	941	0.01
941	1053	0.01
3303	3441	0.01
3441	3303	0.01
4119	3979	0.01
3979	4119	0.01
1251	973	0.01
973	1251	0.01
1953	2937	1.0
2937	1953	1.0
3827	5191	0.01
5191	3827	0.01
5097	2937	0.01
2937	5097	0.01
2503	4164	0.01
4164	2503	0.01
3854	1584	0.01
1584	3854	0.01
4928	2937	1.0
2937	4928	1.0
1384	1837	1.0
1837	1384	1.0
2783	1605	1.0
1605	2783	1.0
2371	4149	0.01
4149	2371	0.01
1764	2582	0.01
2582	1764	0.01
3423	1898	1.0
1898	3423	1.0
1837	5265	1.0
5265	1837	1.0
2484	859	0.01
859	2484	0.01
1415	3829	0.01
3829	1415	0.01
91	2035	0.01
2035	91	0.01
4350	5166	1.0
5166	4350	1.0
1576	2316	0.01
2316	1576	0.01
4246	1078	1.0
1078	4246	1.0
2206	1953	1.0
1953	2206	1.0
1460	4932	1.0
4932	1460	1.0
1855	3275	1.0
3275	1855	1.0
4932	537	0.01
537	4932	0.01
872	1786	1.0
1786	872	1.0
3486	2834	1.0
2834	3486	1.0
789	2945	0.01
2945	789	0.01
3447	1824	1.0
1824	3447	1.0
789	888	1.0
888	789	1.0
4672	5007	1.0
5007	4672	1.0
1533	1955	0.01
1955	1533	0.01
4225	1093	1.0
1093	4225	1.0
754	203	0.01
203	754	0.01
859	4281	0.01
4281	859	0.01
5097	4645	0.01
4645	5097	0.01
4240	3881	0.01
3881	4240	0.01
982	1074	1.0
1074	982	1.0
203	1053	0.01
1053	203	0.01
3447	2937	1.0
2937	3447	1.0
1948	1074	0.01
1074	1948	0.01
1576	880	0.01
880	1576	0.01
1764	155	0.01
155	1764	0.01
545	194	1.0
194	545	1.0
669	5064	0.01
5064	669	0.01
514	2035	1.0
2035	514	1.0
1837	5190	1.0
5190	1837	1.0
1824	4246	1.0
4246	1824	1.0
4248	2113	0.01
2113	4248	0.01
1879	5235	1.0
5235	1879	1.0
1910	1955	0.01
1955	1910	0.01
1855	5265	1.0
5265	1855	1.0
2045	2206	0.01
2206	2045	0.01
3864	255	0.01
255	3864	0.01
4246	4500	0.01
4500	4246	0.01
2484	4458	0.01
4458	2484	0.01
3888	1605	1.0
1605	3888	1.0
4645	1251	0.01
1251	4645	0.01
831	2582	1.0
2582	831	1.0
1824	2937	1.0
2937	1824	1.0
358	2388	0.01
2388	358	0.01
4320	2609	0.01
2609	4320	0.01
5323	4672	1.0
4672	5323	1.0
3827	1898	1.0
1898	3827	1.0
4887	2689	0.01
2689	4887	0.01
3844	941	1.0
941	3844	1.0
4494	1837	1.0
1837	4494	1.0
2572	4240	0.01
4240	2572	0.01
1800	4255	0.01
4255	1800	0.01
4542	3061	0.01
3061	4542	0.01
1875	4276	1.0
4276	1875	1.0
2447	3447	1.0
3447	2447	1.0
5061	4077	0.01
4077	5061	0.01
1898	4255	1.0
4255	1898	1.0
3077	817	1.0
817	3077	1.0
4742	3303	0.01
3303	4742	0.01
5007	2316	0.01
2316	5007	0.01
926	2035	1.0
2035	926	1.0
4533	1251	1.0
1251	4533	1.0
2857	1460	0.01
1460	2857	0.01
2977	5235	1.0
5235	2977	1.0
3888	1900	0.01
1900	3888	0.01
3447	5265	1.0
5265	3447	1.0
3874	956	0.01
956	3874	0.01
789	3105	1.0
3105	789	1.0
3599	3864	0.01
3864	3599	0.01
537	2045	1.0
2045	537	1.0
2724	3543	0.01
3543	2724	0.01
3835	4645	0.01
4645	3835	0.01
4255	1258	0.01
1258	4255	0.01
982	5323	1.0
5323	982	1.0
1879	1074	0.01
1074	1879	0.01
3234	5061	0.01
5061	3234	0.01
3883	2619	0.01
2619	3883	0.01
2945	3854	1.0
3854	2945	1.0
926	1314	1.0
1314	926	1.0
1257	1939	1.0
1939	1257	1.0
1948	1228	0.01
1228	1948	0.01
5265	5166	1.0
5166	5265	1.0
4542	91	0.01
91	4542	0.01
1074	2540	0.01
2540	1074	0.01
2139	545	1.0
545	2139	1.0
3184	4276	1.0
4276	3184	1.0
2783	3979	1.0
3979	2783	1.0
2447	1855	1.0
1855	2447	1.0
5007	3303	0.01
3303	5007	0.01
2045	911	0.01
911	2045	0.01
1093	4168	0.01
4168	1093	0.01
2206	3275	1.0
3275	2206	1.0
3693	4500	0.01
4500	3693	0.01
514	2582	1.0
2582	514	1.0
4928	1939	0.01
1939	4928	0.01
4186	2316	0.01
2316	4186	0.01
4246	4350	1.0
4350	4246	1.0
4904	3630	0.01
3630	4904	0.01
4225	1251	1.0
1251	4225	1.0
741	651	0.01
651	741	0.01
4672	746	1.0
746	4672	1.0
1053	4838	0.01
4838	1053	0.01
91	3543	0.01
3543	91	0.01
3844	2035	1.0
2035	3844	1.0
5235	4248	1.0
4248	5235	1.0
1824	3275	1.0
3275	1824	1.0
1234	5235	1.0
5235	1234	1.0
4149	5333	0.01
5333	4149	0.01
2977	4500	0.01
4500	2977	0.01
2447	2783	1.0
2783	2447	1.0
2424	3844	0.01
3844	2424	0.01
3844	2945	0.01
2945	3844	0.01
2503	1386	0.01
1386	2503	0.01
4542	4275	1.0
4275	4542	1.0
2536	1311	1.0
1311	2536	1.0
1816	2977	0.01
2977	1816	0.01
3844	1074	0.01
1074	3844	0.01
2798	4077	1.0
4077	2798	1.0
194	2139	0.01
2139	194	0.01
2798	4887	1.0
4887	2798	1.0
1938	5208	0.01
5208	1938	0.01
3061	2371	0.01
2371	3061	0.01
3423	347	0.01
347	3423	0.01
1251	1816	1.0
1816	1251	1.0
1511	2582	0.01
2582	1511	0.01
1879	1939	0.01
1939	1879	0.01
2540	4795	0.01
4795	2540	0.01
3888	2467	1.0
2467	3888	1.0
3599	5265	1.0
5265	3599	1.0
3616	4932	0.01
4932	3616	0.01
2783	2283	1.0
2283	2783	1.0
1576	2283	1.0
2283	1576	1.0
1251	537	0.01
537	1251	0.01
3077	5166	1.0
5166	3077	1.0
5190	3583	1.0
3583	5190	1.0
3441	3883	1.0
3883	3441	1.0
2508	2283	1.0
2283	2508	1.0
545	1855	1.0
1855	545	1.0
1948	2503	0.01
2503	1948	0.01
3486	2609	0.01
2609	3486	0.01
5323	5007	1.0
5007	5323	1.0
1900	4255	1.0
4255	1900	1.0
892	4304	1.0
4304	892	1.0
3844	1855	1.0
1855	3844	1.0
2798	3077	0.01
3077	2798	0.01
789	1311	1.0
1311	789	1.0
5208	4325	0.01
4325	5208	0.01
817	1576	1.0
1576	817	1.0
4240	2946	1.0
2946	4240	1.0
2945	5007	1.0
5007	2945	1.0
2536	2467	1.0
2467	2536	1.0
1533	2689	0.01
2689	1533	0.01
2945	651	1.0
651	2945	1.0
888	2937	1.0
2937	888	1.0
4077	4246	1.0
4246	4077	1.0
1875	4255	1.0
4255	1875	1.0
3441	3144	0.01
3144	3441	0.01
5186	5166	1.0
5166	5186	1.0
5191	2004	0.01
2004	5191	0.01
1120	1533	0.01
1533	1120	0.01
545	3105	1.0
3105	545	1.0
1948	1898	0.01
1898	1948	0.01
4609	2045	0.01
2045	4609	0.01
3777	859	0.01
859	3777	0.01
3844	2937	1.0
2937	3844	1.0
3077	926	1.0
926	3077	1.0
4161	859	0.01
859	4161	0.01
880	926	1.0
926	880	1.0
4225	1605	1.0
1605	4225	1.0
4533	4276	1.0
4276	4533	1.0
941	4304	1.0
4304	941	1.0
5352	4887	0.01
4887	5352	0.01
3077	2484	1.0
2484	3077	1.0
2945	2937	1.0
2937	2945	1.0
2724	1783	0.01
1783	2724	0.01
545	2316	1.0
2316	545	1.0
5166	3234	0.01
3234	5166	0.01
2213	492	0.01
492	2213	0.01
5186	1311	1.0
1311	5186	1.0
2447	1605	1.0
1605	2447	1.0
1074	4672	1.0
4672	1074	1.0
789	3275	1.0
3275	789	1.0
4425	3077	0.01
3077	4425	0.01
859	3463	0.01
3463	859	0.01
4795	2798	1.0
2798	4795	1.0
2045	2113	1.0
2113	2045	1.0
2206	892	0.01
892	2206	0.01
941	4248	1.0
4248	941	1.0
1837	3888	1.0
3888	1837	1.0
3993	4645	0.01
4645	3993	0.01
3844	5007	1.0
5007	3844	1.0
941	2582	1.0
2582	941	1.0
545	4565	1.0
4565	545	1.0
2113	1953	0.01
1953	2113	0.01
4304	3888	0.01
3888	4304	0.01
3814	204	0.01
204	3814	0.01
3844	4565	1.0
4565	3844	1.0
3441	1605	1.0
1605	3441	1.0
1837	2937	1.0
2937	1837	1.0
3486	926	1.0
926	3486	1.0
1816	2536	0.01
2536	1816	0.01
3441	4932	0.01
4932	3441	0.01
5190	1955	1.0
1955	5190	1.0
2004	973	0.01
973	2004	0.01
2004	2213	0.01
2213	2004	0.01
3077	746	1.0
746	3077	1.0
3888	3777	0.01
3777	3888	0.01
2689	5208	0.01
5208	2689	0.01
2206	910	0.01
910	2206	0.01
4481	754	0.01
754	4481	0.01
1837	4281	1.0
4281	1837	1.0
817	4533	1.0
4533	817	1.0
1955	970	0.01
970	1955	0.01
518	2440	0.01
2440	518	0.01
2937	5323	1.0
5323	2937	1.0
1783	4401	0.01
4401	1783	0.01
817	2536	1.0
2536	817	1.0
3874	3275	1.0
3275	3874	1.0
3874	2972	0.01
2972	3874	0.01
2388	3077	0.01
3077	2388	0.01
2508	3447	1.0
3447	2508	1.0
3854	1251	1.0
1251	3854	1.0
1855	5323	1.0
5323	1855	1.0
2798	3827	1.0
3827	2798	1.0
789	4795	1.0
4795	789	1.0
2582	1460	0.01
1460	2582	0.01
4275	5166	1.0
5166	4275	1.0
5186	746	1.0
746	5186	1.0
5265	1267	0.01
1267	5265	0.01
4425	1935	0.01
1935	4425	0.01
4168	1953	1.0
1953	4168	1.0
1935	5166	1.0
5166	1935	1.0
4164	672	0.01
672	4164	0.01
4928	3316	1.0
3316	4928	1.0
4701	3442	0.01
3442	4701	0.01
1311	5166	1.0
5166	1311	1.0
2945	2035	1.0
2035	2945	1.0
2783	3179	1.0
3179	2783	1.0
5340	926	0.01
926	5340	0.01
5097	3234	0.01
3234	5097	0.01
4168	4645	0.01
4645	4168	0.01
1939	2035	0.01
2035	1939	0.01
4304	2798	0.01
2798	4304	0.01
941	1935	1.0
1935	941	1.0
3441	1093	1.0
1093	3441	1.0
831	1935	1.0
1935	831	1.0
3179	1170	0.01
1170	3179	0.01
2206	4246	1.0
4246	2206	1.0
4304	4932	1.0
4932	4304	1.0
1847	4627	0.01
4627	1847	0.01
4645	537	0.01
537	4645	0.01
2035	5340	0.01
5340	2035	0.01
1939	2937	1.0
2937	1939	1.0
5186	4304	1.0
4304	5186	1.0
1837	4838	0.01
4838	1837	0.01
1267	1258	0.01
1258	1267	0.01
1576	4276	1.0
4276	1576	1.0
5235	2540	1.0
2540	5235	1.0
1415	4255	1.0
4255	1415	1.0
203	2834	0.01
2834	203	0.01
3463	2798	1.0
2798	3463	1.0
1078	3863	0.01
3863	1078	0.01
2937	2037	1.0
2037	2937	1.0
1955	2972	1.0
2972	1955	1.0
2945	4304	1.0
4304	2945	1.0
1783	982	0.01
982	1783	0.01
1783	1898	0.01
1898	1783	0.01
1786	1251	0.01
1251	1786	0.01
4304	3863	1.0
3863	4304	1.0
5190	4246	1.0
4246	5190	1.0
3179	746	1.0
746	3179	1.0
1786	4533	1.0
4533	1786	1.0
2798	1682	1.0
1682	2798	1.0
5190	3275	1.0
3275	5190	1.0
3279	888	0.01
888	3279	0.01
762	5007	0.01
5007	762	0.01
1824	3543	1.0
3543	1824	1.0
2536	4248	1.0
4248	2536	1.0
4494	4275	1.0
4275	4494	1.0
1605	4276	1.0
4276	1605	1.0
1816	3844	0.01
3844	1816	0.01
4533	5265	1.0
5265	4533	1.0
2937	2035	1.0
2035	2937	1.0
3863	789	0.01
789	3863	0.01
1511	3543	1.0
3543	1511	1.0
1939	2724	0.01
2724	1939	0.01
1384	518	0.01
518	1384	0.01
2556	4255	1.0
4255	2556	1.0
255	5186	0.01
5186	255	0.01
4281	2572	0.01
2572	4281	0.01
4350	1642	1.0
1642	4350	1.0
3874	5166	0.01
5166	3874	0.01
5208	4186	0.01
4186	5208	0.01
2798	3874	1.0
3874	2798	1.0
545	1898	1.0
1898	545	1.0
5265	1120	0.01
1120	5265	0.01
2371	3583	0.01
3583	2371	0.01
2798	1953	1.0
1953	2798	1.0
537	4161	0.01
4161	537	0.01
1837	1642	1.0
1642	1837	1.0
1605	2035	1.0
2035	1605	1.0
4350	2113	1.0
2113	4350	1.0
1258	5007	1.0
5007	1258	1.0
2798	4542	1.0
4542	2798	1.0
4481	3442	0.01
3442	4481	0.01
4304	4568	1.0
4568	4304	1.0
4795	2037	1.0
2037	4795	1.0
2719	1415	0.01
1415	2719	0.01
2556	1783	1.0
1783	2556	1.0
2719	3835	0.01
3835	2719	0.01
1311	817	0.01
817	1311	0.01
5190	910	1.0
910	5190	1.0
3486	2536	1.0
2536	3486	1.0
2783	2037	1.0
2037	2783	1.0
5064	78	0.01
78	5064	0.01
5190	2113	1.0
2113	5190	1.0
1955	880	0.01
880	1955	0.01
3179	4533	1.0
4533	3179	1.0
2946	5333	0.01
5333	2946	0.01
3303	3761	0.01
3761	3303	0.01
4425	1898	0.01
1898	4425	0.01
1605	3777	0.01
3777	1605	0.01
2798	5352	1.0
5352	2798	1.0
4246	4672	1.0
4672	4246	1.0
3346	4458	0.01
4458	3346	0.01
537	2619	1.0
2619	537	1.0
4246	3416	0.01
3416	4246	0.01
1415	4634	1.0
4634	1415	1.0
3077	4350	1.0
4350	3077	1.0
3105	204	0.01
204	3105	0.01
3105	5186	0.01
5186	3105	0.01
4225	4248	1.0
4248	4225	1.0
1783	197	0.01
197	1783	0.01
3864	1910	0.01
1910	3864	0.01
2078	3854	0.01
3854	2078	0.01
910	1482	0.01
1482	910	0.01
910	4281	0.01
4281	910	0.01
1955	1078	1.0
1078	1955	1.0
3447	2113	0.01
2113	3447	0.01
514	5190	1.0
5190	514	1.0
3447	3993	1.0
3993	3447	1.0
1962	2972	1.0
2972	1962	1.0
4932	3105	0.01
3105	4932	0.01
3229	1605	1.0
1605	3229	1.0
4458	4627	1.0
4627	4458	1.0
3346	1642	0.01
1642	3346	0.01
4164	4568	1.0
4568	4164	1.0
4325	2946	0.01
2946	4325	0.01
2798	4458	1.0
4458	2798	1.0
4276	5265	1.0
5265	4276	1.0
1605	4119	0.01
4119	1605	0.01
2572	746	1.0
746	2572	1.0
762	482	0.01
482	762	0.01
1093	2467	1.0
2467	1093	1.0
4246	2609	1.0
2609	4246	1.0
4246	3275	1.0
3275	4246	1.0
2004	149	0.01
149	2004	0.01
1460	1824	1.0
1824	1460	1.0
1898	3105	1.0
3105	1898	1.0
2582	2540	1.0
2540	2582	1.0
3543	5265	1.0
5265	3543	1.0
1642	762	0.01
762	1642	0.01
1898	4276	1.0
4276	1898	1.0
970	1938	0.01
1938	970	0.01
1900	5061	0.01
5061	1900	0.01
3303	1939	0.01
1939	3303	0.01
2447	2572	1.0
2572	2447	1.0
514	3543	1.0
3543	514	1.0
880	2536	1.0
2536	880	1.0
3777	746	1.0
746	3777	1.0
2484	4494	1.0
4494	2484	1.0
2316	2619	1.0
2619	2316	1.0
2798	4350	0.01
4350	2798	0.01
194	1816	0.01
1816	194	0.01
5235	5333	1.0
5333	5235	1.0
3416	3756	0.01
3756	3416	0.01
4795	2035	1.0
2035	4795	1.0
2504	1938	0.01
1938	2504	0.01
1875	4304	1.0
4304	1875	1.0
4325	2945	0.01
2945	4325	0.01
2035	4672	1.0
4672	2035	1.0
352	3874	0.01
3874	352	0.01
5190	5029	0.01
5029	5190	0.01
2504	941	1.0
941	2504	1.0
1120	3827	0.01
3827	1120	0.01
3234	5235	1.0
5235	3234	1.0
4281	4248	0.01
4248	4281	0.01
1576	1955	1.0
1955	1576	1.0
2609	1800	0.01
1800	2609	0.01
5186	3179	0.01
3179	5186	0.01
4168	5235	1.0
5235	4168	1.0
1389	1482	0.01
1482	1389	0.01
872	5235	0.01
5235	872	0.01
1258	746	1.0
746	1258	1.0
3077	2113	1.0
2113	3077	1.0
2582	746	1.0
746	2582	1.0
2503	941	1.0
941	2503	1.0
2484	4276	1.0
4276	2484	1.0
789	149	0.01
149	789	0.01
3061	2977	0.01
2977	3061	0.01
4469	4281	0.01
4281	4469	0.01
1855	3854	0.01
3854	1855	0.01
1875	2582	1.0
2582	1875	1.0
1257	672	0.01
672	1257	0.01
3271	5323	1.0
5323	3271	1.0
1258	3271	1.0
3271	1258	1.0
3863	741	0.01
741	3863	0.01
3275	4568	1.0
4568	3275	1.0
2798	1605	1.0
1605	2798	1.0
2508	1855	1.0
1855	2508	1.0
3844	1267	0.01
1267	3844	0.01
1898	2133	1.0
2133	1898	1.0
4275	3863	1.0
3863	4275	1.0
2724	1764	0.01
1764	2724	0.01
518	91	0.01
91	518	0.01
2536	1953	1.0
1953	2536	1.0
817	3854	1.0
3854	817	1.0
3442	2035	0.01
2035	3442	0.01
358	2582	1.0
2582	358	1.0
3854	5061	0.01
5061	3854	0.01
2945	5186	1.0
5186	2945	1.0
1386	4838	0.01
4838	1386	0.01
2251	1267	0.01
1267	2251	0.01
1962	4248	1.0
4248	1962	1.0
4928	4119	0.01
4119	4928	0.01
1898	2540	1.0
2540	1898	1.0
514	1837	1.0
1837	514	1.0
3777	1875	0.01
1875	3777	0.01
3486	817	1.0
817	3486	1.0
1002	746	1.0
746	1002	1.0
4858	888	0.01
888	4858	0.01
1605	5323	1.0
5323	1605	1.0
3234	4246	0.01
4246	3234	0.01
892	2536	1.0
2536	892	1.0
4494	4904	0.01
4904	4494	0.01
1948	3883	0.01
3883	1948	0.01
1955	155	0.01
155	1955	0.01
1415	5323	0.01
5323	1415	0.01
4225	1009	0.01
1009	4225	0.01
892	888	1.0
888	892	1.0
5352	3486	0.01
3486	5352	0.01
726	2035	0.01
2035	726	0.01
2484	926	1.0
926	2484	1.0
1311	358	0.01
358	1311	0.01
2424	3888	0.01
3888	2424	0.01
1824	4609	1.0
4609	1824	1.0
2388	754	0.01
754	2388	0.01
2619	1074	0.01
1074	2619	0.01
1078	3693	0.01
3693	1078	0.01
208	3829	0.01
3829	208	0.01
2371	2504	0.01
2504	2371	0.01
1384	3486	1.0
3486	1384	1.0
2316	537	0.01
537	2316	0.01
2572	1800	0.01
1800	2572	0.01
3979	1824	0.01
1824	3979	0.01
4276	5166	1.0
5166	4276	1.0
5186	1576	0.01
1576	5186	0.01
926	1576	1.0
1576	926	1.0
1234	1824	0.01
1824	1234	0.01
5352	880	0.01
880	5352	0.01
2440	4225	0.01
4225	2440	0.01
789	514	1.0
514	789	1.0
4276	4240	1.0
4240	4276	1.0
2384	3827	0.01
3827	2384	0.01
4742	4542	0.01
4542	4742	0.01
5235	1170	0.01
1170	5235	0.01
1258	1314	1.0
1314	1258	1.0
2004	1953	0.01
1953	2004	0.01
1460	1642	1.0
1642	1460	1.0
754	2503	0.01
2503	754	0.01
3279	4325	0.01
4325	3279	0.01
651	4672	0.01
4672	651	0.01
1257	1074	1.0
1074	1257	1.0
3756	4186	0.01
4186	3756	0.01
5235	1939	0.01
1939	5235	0.01
817	4932	1.0
4932	817	1.0
440	2045	1.0
2045	440	1.0
3979	2388	0.01
2388	3979	0.01
2536	1935	1.0
1935	2536	1.0
859	4425	0.01
4425	859	0.01
1953	5166	1.0
5166	1953	1.0
4168	1939	0.01
1939	4168	0.01
2834	1576	0.01
1576	2834	0.01
1584	1267	0.01
1267	1584	0.01
1533	3827	0.01
3827	1533	0.01
762	5235	0.01
5235	762	0.01
1267	2619	0.01
2619	1267	0.01
5064	3463	0.01
3463	5064	0.01
4149	514	0.01
514	4149	0.01
2045	2582	1.0
2582	2045	1.0
1251	4634	1.0
4634	1251	1.0
2536	651	0.01
651	2536	0.01
1093	3874	0.01
3874	1093	0.01
1251	4276	1.0
4276	1251	1.0
4481	4533	0.01
4533	4481	0.01
831	545	1.0
545	831	1.0
492	5265	1.0
5265	492	1.0
4838	5265	1.0
5265	4838	1.0
2139	4568	1.0
4568	2139	1.0
2619	113	0.01
113	2619	0.01
1002	4533	0.01
4533	1002	0.01
4442	5097	0.01
5097	4442	0.01
1939	888	1.0
888	1939	1.0
831	4469	0.01
4469	831	0.01
4609	78	0.01
78	4609	0.01
3844	4672	1.0
4672	3844	1.0
204	4500	0.01
4500	204	0.01
789	4281	1.0
4281	789	1.0
4795	194	1.0
194	4795	1.0
2045	926	0.01
926	2045	0.01
2447	982	1.0
982	2447	1.0
4701	2977	0.01
2977	4701	0.01
3486	5265	1.0
5265	3486	1.0
1955	2035	1.0
2035	1955	1.0
5007	1938	0.01
1938	5007	0.01
1900	2054	0.01
2054	1900	0.01
4795	4255	1.0
4255	4795	1.0
746	970	0.01
970	746	0.01
4838	2689	0.01
2689	4838	0.01
4795	3077	0.01
3077	4795	0.01
4932	5034	0.01
5034	4932	0.01
1837	4350	1.0
4350	1837	1.0
3144	2213	0.01
2213	3144	0.01
3599	746	1.0
746	3599	1.0
4609	5166	0.01
5166	4609	0.01
3543	3447	0.01
3447	3543	0.01
1311	4401	0.01
4401	1311	0.01
1855	746	1.0
746	1855	1.0
4627	4609	0.01
4609	4627	0.01
5235	4275	0.01
4275	5235	0.01
1935	3863	1.0
3863	1935	1.0
5333	1786	0.01
1786	5333	0.01
149	880	0.01
880	149	0.01
2508	1824	1.0
1824	2508	1.0
1605	3316	0.01
3316	1605	0.01
3316	4542	0.01
4542	3316	0.01
