4253	1665	1.0
1665	4253	1.0
4457	3346	0.01
3346	4457	0.01
2020	1251	0.01
1251	2020	0.01
2945	1572	1.0
1572	2945	1.0
3589	4393	0.01
4393	3589	0.01
2945	142	1.0
142	2945	1.0
1132	625	1.0
625	1132	1.0
3290	4446	0.01
4446	3290	0.01
926	5265	1.0
5265	926	1.0
4238	5265	1.0
5265	4238	1.0
1251	3308	1.0
3308	1251	1.0
4621	3756	0.01
3756	4621	0.01
926	4694	0.01
4694	926	0.01
1805	4559	1.0
4559	1805	1.0
5069	625	0.01
625	5069	0.01
1898	3154	0.01
3154	1898	0.01
4928	4386	0.01
4386	4928	0.01
1898	2659	0.01
2659	1898	0.01
2467	892	1.0
892	2467	1.0
4446	3164	1.0
3164	4446	1.0
2619	877	0.01
877	2619	0.01
3164	1855	1.0
1855	3164	1.0
3883	4694	0.01
4694	3883	0.01
5265	2619	1.0
2619	5265	1.0
5265	2156	0.01
2156	5265	0.01
117	3846	0.01
3846	117	0.01
1171	2937	0.01
2937	1171	0.01
892	1927	1.0
1927	892	1.0
3497	926	1.0
926	3497	1.0
1791	2582	1.0
2582	1791	1.0
5130	1132	1.0
1132	5130	1.0
456	1132	1.0
1132	456	1.0
1251	2582	1.0
2582	1251	1.0
5069	15	0.01
15	5069	0.01
2458	2582	0.01
2582	2458	0.01
5069	1743	0.01
1743	5069	0.01
2508	727	0.01
727	2508	0.01
2467	4928	1.0
4928	2467	1.0
4255	1605	1.0
1605	4255	1.0
817	2937	1.0
2937	817	1.0
817	3308	1.0
3308	817	1.0
5235	982	1.0
982	5235	1.0
2945	2527	0.01
2527	2945	0.01
4235	537	0.01
537	4235	0.01
3080	983	0.01
983	3080	0.01
926	1605	1.0
1605	926	1.0
2945	1014	1.0
1014	2945	1.0
4221	4481	0.01
4481	4221	0.01
731	4446	0.01
4446	731	0.01
2458	1251	1.0
1251	2458	1.0
1855	2853	0.01
2853	1855	0.01
1605	4559	0.01
4559	1605	0.01
2690	2527	0.01
2527	2690	0.01
1764	501	0.01
501	1764	0.01
2467	1783	1.0
1783	2467	1.0
2690	1953	0.01
1953	2690	0.01
4694	4675	0.01
4675	4694	0.01
1722	2937	0.01
2937	1722	0.01
3883	982	1.0
982	3883	1.0
877	1605	1.0
1605	877	1.0
5130	5048	0.01
5048	5130	0.01
4559	3589	1.0
3589	4559	1.0
50	1743	0.01
1743	50	0.01
3346	4694	0.01
4694	3346	0.01
1601	5265	1.0
5265	1601	1.0
4621	2937	1.0
2937	4621	1.0
456	4225	1.0
4225	456	1.0
877	4457	1.0
4457	877	1.0
877	5069	0.01
5069	877	0.01
1898	1798	0.01
1798	1898	0.01
1132	666	1.0
666	1132	1.0
3886	5265	1.0
5265	3886	1.0
2156	2690	0.01
2690	2156	0.01
4446	1927	1.0
1927	4446	1.0
2458	3235	0.01
3235	2458	0.01
2045	3542	0.01
3542	2045	0.01
1605	1953	1.0
1953	1605	1.0
3235	3316	1.0
3316	3235	1.0
3883	2738	0.01
2738	3883	0.01
2690	4559	0.01
4559	2690	0.01
3954	3154	0.01
3154	3954	0.01
1898	1605	1.0
1605	1898	1.0
3939	666	0.01
666	3939	0.01
1132	4692	1.0
4692	1132	1.0
1511	1093	1.0
1093	1511	1.0
1855	982	0.01
982	1855	0.01
3036	5323	1.0
5323	3036	1.0
1855	3829	0.01
3829	1855	0.01
2458	983	1.0
983	2458	1.0
4276	5323	1.0
5323	4276	1.0
3846	5323	1.0
5323	3846	1.0
1722	3346	0.01
3346	1722	0.01
4386	2268	0.01
2268	4386	0.01
5235	1601	0.01
1601	5235	0.01
5024	3846	0.01
3846	5024	0.01
727	4559	0.01
4559	727	0.01
2458	456	1.0
456	2458	1.0
1171	877	1.0
877	1171	1.0
1048	2690	0.01
2690	1048	0.01
1132	142	1.0
142	1132	1.0
5235	2937	1.0
2937	5235	1.0
3441	3982	1.0
3982	3441	1.0
456	926	1.0
926	456	1.0
3883	3418	0.01
3418	3883	0.01
3290	817	0.01
817	3290	0.01
625	5033	0.01
5033	625	0.01
4938	142	0.01
142	4938	0.01
1764	2804	0.01
2804	1764	0.01
5323	731	0.01
731	5323	0.01
5130	4621	1.0
4621	5130	1.0
4692	4675	0.01
4675	4692	0.01
1572	4559	1.0
4559	1572	1.0
1511	4522	0.01
4522	1511	0.01
4559	4253	1.0
4253	4559	1.0
2467	1511	1.0
1511	2467	1.0
813	1953	1.0
1953	813	1.0
892	983	1.0
983	892	1.0
1132	817	1.0
817	1132	1.0
1572	3589	1.0
3589	1572	1.0
5265	3846	0.01
3846	5265	0.01
3316	1093	1.0
1093	3316	1.0
4446	3982	0.01
3982	4446	0.01
3154	4255	0.01
4255	3154	0.01
3883	1605	1.0
1605	3883	1.0
2458	2619	1.0
2619	2458	1.0
2527	1665	0.01
1665	2527	0.01
3883	4446	0.01
4446	3883	0.01
4276	142	0.01
142	4276	0.01
4958	763	0.01
763	4958	0.01
892	2937	1.0
2937	892	1.0
1805	4253	1.0
4253	1805	1.0
2607	4692	0.01
4692	2607	0.01
3497	4238	0.01
4238	3497	0.01
3846	2527	0.01
2527	3846	0.01
1722	2659	1.0
2659	1722	1.0
727	1132	0.01
1132	727	0.01
537	763	0.01
763	537	0.01
1783	4938	0.01
4938	1783	0.01
941	2508	0.01
2508	941	0.01
983	4386	0.01
4386	983	0.01
1132	3982	0.01
3982	1132	0.01
3858	4253	1.0
4253	3858	1.0
1048	645	0.01
645	1048	0.01
5235	4928	1.0
4928	5235	1.0
2945	1605	1.0
1605	2945	1.0
2458	142	0.01
142	2458	0.01
1805	3308	1.0
3308	1805	1.0
1722	1798	0.01
1798	1722	0.01
2719	3316	0.01
3316	2719	0.01
4255	1093	1.0
1093	4255	1.0
1251	4559	1.0
4559	1251	1.0
983	4138	0.01
4138	983	0.01
813	501	1.0
501	813	1.0
1605	4621	1.0
4621	1605	1.0
982	1093	1.0
1093	982	1.0
731	537	0.01
537	731	0.01
645	1138	0.01
1138	645	0.01
817	4238	1.0
4238	817	1.0
4930	2690	0.01
2690	4930	0.01
1132	1927	1.0
1927	1132	1.0
5265	2690	0.01
2690	5265	0.01
4481	2607	0.01
2607	4481	0.01
3113	5265	1.0
5265	3113	1.0
3886	892	1.0
892	3886	1.0
4692	1171	0.01
1171	4692	0.01
2582	3235	0.01
3235	2582	0.01
2458	1572	1.0
1572	2458	1.0
4958	3316	0.01
3316	4958	0.01
4457	2527	0.01
2527	4457	0.01
1855	666	1.0
666	1855	1.0
926	3954	1.0
3954	926	1.0
940	1665	0.01
1665	940	0.01
2467	1605	1.0
1605	2467	1.0
4225	4276	1.0
4276	4225	1.0
1572	2447	0.01
2447	1572	0.01
1898	4692	0.01
4692	1898	0.01
1451	4221	0.01
4221	1451	0.01
3858	1805	1.0
1805	3858	1.0
941	2853	0.01
2853	941	0.01
817	4255	1.0
4255	817	1.0
1138	1572	1.0
1572	1138	1.0
2945	1855	1.0
1855	2945	1.0
2458	1783	1.0
1783	2458	1.0
2804	2582	0.01
2582	2804	0.01
3235	4276	1.0
4276	3235	1.0
2458	3195	1.0
3195	2458	1.0
3886	3235	0.01
3235	3886	0.01
877	5265	1.0
5265	877	1.0
892	4621	1.0
4621	892	1.0
1048	2508	0.01
2508	1048	0.01
982	4393	0.01
4393	982	0.01
2508	3829	0.01
3829	2508	0.01
1138	501	1.0
501	1138	1.0
501	4276	1.0
4276	501	1.0
1138	1898	0.01
1898	1138	0.01
3846	666	1.0
666	3846	1.0
3113	731	0.01
731	3113	0.01
4958	666	1.0
666	4958	1.0
1159	3846	1.0
3846	1159	1.0
1665	1798	0.01
1798	1665	0.01
2424	2937	0.01
2937	2424	0.01
5235	2582	1.0
2582	5235	1.0
4928	1783	0.01
1783	4928	0.01
3290	537	0.01
537	3290	0.01
3164	731	0.01
731	3164	0.01
877	4221	1.0
4221	877	1.0
3589	2607	0.01
2607	3589	0.01
537	4559	1.0
4559	537	1.0
3589	4276	1.0
4276	3589	1.0
2458	5323	1.0
5323	2458	1.0
3846	4692	1.0
4692	3846	1.0
4559	1855	0.01
1855	4559	0.01
2467	4225	1.0
4225	2467	1.0
763	4393	0.01
4393	763	0.01
1572	1898	0.01
1898	1572	0.01
817	4621	1.0
4621	817	1.0
4221	3346	0.01
3346	4221	0.01
1927	2607	0.01
2607	1927	0.01
3858	1572	1.0
1572	3858	1.0
456	4559	1.0
4559	456	1.0
4221	926	1.0
926	4221	1.0
1132	4559	1.0
4559	1132	1.0
1764	2937	0.01
2937	1764	0.01
2937	1601	0.01
1601	2937	0.01
537	666	1.0
666	537	1.0
982	4253	0.01
4253	982	0.01
2458	4221	0.01
4221	2458	0.01
4559	1665	1.0
1665	4559	1.0
4276	813	0.01
813	4276	0.01
2879	2765	0.01
2765	2879	0.01
3589	3846	0.01
3846	3589	0.01
4255	983	0.01
983	4255	0.01
3441	2458	0.01
2458	3441	0.01
3441	2268	1.0
2268	3441	1.0
2508	4928	0.01
4928	2508	0.01
2668	2659	0.01
2659	2668	0.01
2071	2619	0.01
2619	2071	0.01
3113	1601	0.01
1601	3113	0.01
537	2853	0.01
2853	537	0.01
2156	4928	0.01
4928	2156	0.01
3164	2659	1.0
2659	3164	1.0
941	3316	1.0
3316	941	1.0
1791	1093	1.0
1093	1791	1.0
817	625	0.01
625	817	0.01
142	1251	1.0
1251	142	1.0
877	2937	1.0
2937	877	1.0
5130	3308	1.0
3308	5130	1.0
3441	1743	0.01
1743	3441	0.01
926	5024	0.01
5024	926	0.01
4238	4276	1.0
4276	4238	1.0
3316	1764	0.01
1764	3316	0.01
4446	2045	0.01
2045	4446	0.01
2945	1927	1.0
1927	2945	1.0
2582	142	0.01
142	2582	0.01
1798	3316	1.0
3316	1798	1.0
2659	1511	0.01
1511	2659	0.01
3589	2659	1.0
2659	3589	1.0
1791	982	1.0
982	1791	1.0
4253	1138	0.01
1138	4253	0.01
2467	1898	1.0
1898	2467	1.0
3589	2582	1.0
2582	3589	1.0
1665	5323	1.0
5323	1665	1.0
2467	4621	0.01
4621	2467	0.01
537	892	1.0
892	537	1.0
3858	645	0.01
645	3858	0.01
926	1927	1.0
1927	926	1.0
941	3308	1.0
3308	941	1.0
3497	3829	0.01
3829	3497	0.01
813	15	0.01
15	813	0.01
877	3316	1.0
3316	877	1.0
501	2582	1.0
2582	501	1.0
4138	142	0.01
142	4138	0.01
5323	2447	0.01
2447	5323	0.01
3036	1093	0.01
1093	3036	0.01
2719	1572	0.01
1572	2719	0.01
731	117	0.01
117	731	0.01
4481	2071	0.01
2071	4481	0.01
2853	5265	0.01
5265	2853	0.01
1855	3316	1.0
3316	1855	1.0
501	892	1.0
892	501	1.0
5130	1927	1.0
1927	5130	1.0
817	892	1.0
892	817	1.0
117	926	1.0
926	117	1.0
1132	1138	1.0
1138	1132	1.0
1601	1927	1.0
1927	1601	1.0
1722	2582	1.0
2582	1722	1.0
3164	4276	0.01
4276	3164	0.01
1048	5024	0.01
5024	1048	0.01
5323	2659	1.0
2659	5323	1.0
117	1093	0.01
1093	117	0.01
940	2668	0.01
2668	940	0.01
3858	2582	1.0
2582	3858	1.0
3886	926	1.0
926	3886	1.0
3497	4559	1.0
4559	3497	1.0
2619	1451	0.01
1451	2619	0.01
4446	892	1.0
892	4446	1.0
1511	3441	1.0
3441	1511	1.0
3883	4255	1.0
4255	3883	1.0
2458	3589	1.0
3589	2458	1.0
3858	1511	0.01
1511	3858	0.01
3036	817	0.01
817	3036	0.01
2467	3982	0.01
3982	2467	0.01
2467	4958	0.01
4958	2467	0.01
4276	2937	1.0
2937	4276	1.0
3756	3080	0.01
3080	3756	0.01
3756	817	0.01
817	3756	0.01
537	3883	0.01
3883	537	0.01
3497	3886	1.0
3886	3497	1.0
1601	4255	0.01
4255	1601	0.01
4958	77	0.01
77	4958	0.01
982	2619	1.0
2619	982	1.0
456	1898	0.01
1898	456	0.01
2582	625	1.0
625	2582	1.0
1572	1665	1.0
1665	1572	1.0
817	4559	1.0
4559	817	1.0
456	941	0.01
941	456	0.01
763	2527	0.01
2527	763	0.01
3154	3316	1.0
3316	3154	1.0
3954	1953	0.01
1953	3954	0.01
892	1898	1.0
1898	892	1.0
2607	1791	0.01
1791	2607	0.01
2458	1665	1.0
1665	2458	1.0
2527	1132	1.0
1132	2527	1.0
1132	813	1.0
813	1132	1.0
3113	1665	1.0
1665	3113	1.0
2719	2879	0.01
2879	2719	0.01
625	3846	0.01
3846	625	0.01
2765	4694	0.01
4694	2765	0.01
2458	892	1.0
892	2458	1.0
2719	666	0.01
666	2719	0.01
501	983	1.0
983	501	1.0
4253	3308	1.0
3308	4253	1.0
3441	4938	1.0
4938	3441	1.0
5235	3113	0.01
3113	5235	0.01
3441	3316	1.0
3316	3441	1.0
4276	1953	1.0
1953	4276	1.0
892	4253	1.0
4253	892	1.0
142	1014	1.0
1014	142	1.0
4253	4694	0.01
4694	4253	0.01
501	2268	1.0
2268	501	1.0
4446	3954	1.0
3954	4446	1.0
5024	3982	0.01
3982	5024	0.01
1855	941	1.0
941	1855	1.0
2467	1159	0.01
1159	2467	0.01
3497	1927	1.0
1927	3497	1.0
208	813	0.01
813	208	0.01
1251	1764	0.01
1764	1251	0.01
208	5048	0.01
5048	208	0.01
4225	4559	0.01
4559	4225	0.01
813	1855	1.0
1855	813	1.0
1927	4276	1.0
4276	1927	1.0
877	3954	1.0
3954	877	1.0
3441	1898	1.0
1898	3441	1.0
4276	5265	1.0
5265	4276	1.0
2467	2804	1.0
2804	2467	1.0
142	5265	1.0
5265	142	1.0
1138	892	1.0
892	1138	1.0
4446	2853	0.01
2853	4446	0.01
4928	982	1.0
982	4928	1.0
3080	2853	0.01
2853	3080	0.01
892	3308	1.0
3308	892	1.0
2508	2268	0.01
2268	2508	0.01
2879	537	0.01
537	2879	0.01
1138	3846	1.0
3846	1138	1.0
3418	5048	0.01
5048	3418	0.01
3290	3316	1.0
3316	3290	1.0
117	817	1.0
817	117	1.0
3858	1798	0.01
1798	3858	0.01
2045	731	0.01
731	2045	0.01
4276	4235	0.01
4235	4276	0.01
5265	2937	1.0
2937	5265	1.0
456	4276	1.0
4276	456	1.0
2458	5130	1.0
5130	2458	1.0
3886	1927	1.0
1927	3886	1.0
1743	731	0.01
731	1743	0.01
4522	3939	0.01
3939	4522	0.01
4446	537	0.01
537	4446	0.01
1855	2045	0.01
2045	1855	0.01
501	1805	1.0
1805	501	1.0
3290	2071	0.01
2071	3290	0.01
3497	4255	1.0
4255	3497	1.0
4253	2619	1.0
2619	4253	1.0
3982	3080	0.01
3080	3982	0.01
117	1927	1.0
1927	117	1.0
2945	2690	0.01
2690	2945	0.01
892	2659	1.0
2659	892	1.0
940	15	0.01
15	940	0.01
3542	3036	0.01
3036	3542	0.01
1605	1251	0.01
1251	1605	0.01
4446	1605	1.0
1605	4446	1.0
2879	501	0.01
501	2879	0.01
3883	1093	1.0
1093	3883	1.0
3846	892	1.0
892	3846	1.0
645	982	0.01
982	645	0.01
3418	1798	0.01
1798	3418	0.01
4253	208	0.01
208	4253	0.01
1132	1572	1.0
1572	1132	1.0
1898	4000	0.01
4000	1898	0.01
2467	3316	1.0
3316	2467	1.0
1764	4559	0.01
4559	1764	0.01
537	4621	1.0
4621	537	1.0
1138	3886	1.0
3886	1138	1.0
940	1601	0.01
1601	940	0.01
1665	4692	1.0
4692	1665	1.0
4276	1014	1.0
1014	4276	1.0
1605	982	1.0
982	1605	1.0
892	941	1.0
941	892	1.0
3308	877	0.01
877	3308	0.01
456	1764	0.01
1764	456	0.01
3290	5048	0.01
5048	3290	0.01
501	3497	1.0
3497	501	1.0
4393	4457	0.01
4457	4393	0.01
1159	1855	1.0
1855	1159	1.0
2945	501	1.0
501	2945	1.0
2458	3829	0.01
3829	2458	0.01
1132	1665	1.0
1665	1132	1.0
926	1665	1.0
1665	926	1.0
501	1927	1.0
1927	501	1.0
1048	4255	0.01
4255	1048	0.01
3954	4221	0.01
4221	3954	0.01
2879	926	1.0
926	2879	1.0
3113	3441	0.01
3441	3113	0.01
2659	625	0.01
625	2659	0.01
3154	4692	0.01
4692	3154	0.01
3497	4692	1.0
4692	3497	1.0
1605	1805	0.01
1805	1605	0.01
2447	645	0.01
645	2447	0.01
4255	982	1.0
982	4255	1.0
456	1855	0.01
1855	456	0.01
941	1601	0.01
1601	941	0.01
142	1138	0.01
1138	142	0.01
1927	4928	0.01
4928	1927	0.01
2527	5323	1.0
5323	2527	1.0
2071	4225	0.01
4225	2071	0.01
1601	727	0.01
727	1601	0.01
1251	4481	0.01
4481	1251	0.01
1132	501	1.0
501	1132	1.0
4675	2424	0.01
2424	4675	0.01
3195	1927	1.0
1927	3195	1.0
3235	2508	0.01
2508	3235	0.01
3113	1898	1.0
1898	3113	1.0
1138	1927	1.0
1927	1138	1.0
15	2582	0.01
2582	15	0.01
982	5323	1.0
5323	982	1.0
3195	2447	0.01
2447	3195	0.01
4238	982	1.0
982	4238	1.0
1132	2668	1.0
2668	1132	1.0
117	2071	0.01
2071	117	0.01
537	3939	0.01
3939	537	0.01
877	3982	1.0
3982	877	1.0
3756	2268	0.01
2268	3756	0.01
4692	2853	0.01
2853	4692	0.01
2804	3441	1.0
3441	2804	1.0
4255	5235	1.0
5235	4255	1.0
3195	5265	1.0
5265	3195	1.0
1722	1601	1.0
1601	1722	1.0
5235	1783	1.0
1783	5235	1.0
2424	3441	0.01
3441	2424	0.01
3113	3195	1.0
3195	3113	1.0
4930	3346	0.01
3346	4930	0.01
3858	892	1.0
892	3858	1.0
4235	4393	0.01
4393	4235	0.01
817	983	1.0
983	817	1.0
2467	4255	1.0
4255	2467	1.0
3589	5048	1.0
5048	3589	1.0
4276	1093	1.0
1093	4276	1.0
2458	1927	1.0
1927	2458	1.0
4938	3316	1.0
3316	4938	1.0
817	4276	1.0
4276	817	1.0
1132	4253	1.0
4253	1132	1.0
1927	4675	1.0
4675	1927	1.0
2619	3316	0.01
3316	2619	0.01
2945	4276	1.0
4276	2945	1.0
4225	727	0.01
727	4225	0.01
3982	2945	0.01
2945	3982	0.01
3846	2156	0.01
2156	3846	0.01
3195	4930	0.01
4930	3195	0.01
2879	2945	0.01
2945	2879	0.01
1805	3589	1.0
3589	1805	1.0
892	3235	1.0
3235	892	1.0
2719	3829	0.01
3829	2719	0.01
1138	4255	1.0
4255	1138	1.0
1138	1805	1.0
1805	1138	1.0
763	3441	0.01
3441	763	0.01
3858	2527	0.01
2527	3858	0.01
4393	2765	0.01
2765	4393	0.01
4255	5265	1.0
5265	4255	1.0
2945	3886	1.0
3886	2945	1.0
3497	625	1.0
625	3497	1.0
3858	501	0.01
501	3858	0.01
4225	3235	1.0
3235	4225	1.0
1511	1605	1.0
1605	1511	1.0
2879	813	0.01
813	2879	0.01
1511	982	1.0
982	1511	1.0
2458	1138	1.0
1138	2458	1.0
3846	77	0.01
77	3846	0.01
2458	3886	1.0
3886	2458	1.0
3195	4225	1.0
4225	3195	1.0
1132	892	1.0
892	1132	1.0
501	4675	0.01
4675	501	0.01
3004	1798	0.01
1798	3004	0.01
1805	1927	1.0
1927	1805	1.0
1953	4621	1.0
4621	1953	1.0
4276	983	1.0
983	4276	1.0
1927	5235	0.01
5235	1927	0.01
1927	2804	0.01
2804	1927	0.01
2945	3589	1.0
3589	2945	1.0
3497	3589	1.0
3589	3497	1.0
5048	804	0.01
804	5048	0.01
4276	1665	1.0
1665	4276	1.0
3954	3846	0.01
3846	3954	0.01
1927	2659	1.0
2659	1927	1.0
2458	4559	1.0
4559	2458	1.0
1601	982	1.0
982	1601	1.0
3589	983	1.0
983	3589	1.0
5265	3290	0.01
3290	5265	0.01
4559	4255	1.0
4255	4559	1.0
3858	4522	0.01
4522	3858	0.01
2467	5235	1.0
5235	2467	1.0
537	4522	1.0
4522	537	1.0
3829	4253	0.01
4253	3829	0.01
817	1855	1.0
1855	817	1.0
1132	877	1.0
877	1132	1.0
2071	941	0.01
941	2071	0.01
1132	983	1.0
983	1132	1.0
941	3080	0.01
3080	941	0.01
3883	3316	1.0
3316	3883	1.0
3036	142	0.01
142	3036	0.01
3829	625	0.01
625	3829	0.01
1251	5265	1.0
5265	1251	1.0
1798	1132	0.01
1132	1798	0.01
5265	5323	1.0
5323	5265	1.0
3080	940	0.01
940	3080	0.01
982	4138	0.01
4138	982	0.01
4255	3846	0.01
3846	4255	0.01
2738	2527	0.01
2527	2738	0.01
1601	3316	1.0
3316	1601	1.0
5130	1665	1.0
1665	5130	1.0
3164	5323	1.0
5323	3164	1.0
941	666	1.0
666	941	1.0
1722	4621	1.0
4621	1722	1.0
117	1855	0.01
1855	117	0.01
4938	3195	0.01
3195	4938	0.01
1722	1665	1.0
1665	1722	1.0
2582	4928	0.01
4928	2582	0.01
1132	3886	1.0
3886	1132	1.0
3195	940	0.01
940	3195	0.01
4446	1132	1.0
1132	4446	1.0
666	1093	0.01
1093	666	0.01
3542	3418	0.01
3418	3542	0.01
5130	3497	0.01
3497	5130	0.01
4276	2467	0.01
2467	4276	0.01
142	1805	1.0
1805	142	1.0
4559	5048	0.01
5048	4559	0.01
1927	4958	1.0
4958	1927	1.0
5024	2582	0.01
2582	5024	0.01
117	1665	1.0
1665	117	1.0
2945	4958	0.01
4958	2945	0.01
3954	2045	0.01
2045	3954	0.01
5130	1572	0.01
1572	5130	0.01
2619	666	1.0
666	2619	1.0
3497	4253	1.0
4253	3497	1.0
1665	2659	1.0
2659	1665	1.0
4446	2937	1.0
2937	4446	1.0
3036	1783	0.01
1783	3036	0.01
4694	1171	0.01
1171	4694	0.01
3235	4928	1.0
4928	3235	1.0
4559	2527	0.01
2527	4559	0.01
877	666	0.01
666	877	0.01
3441	3542	0.01
3542	3441	0.01
1953	983	1.0
983	1953	1.0
645	3316	1.0
3316	645	1.0
4692	1805	0.01
1805	4692	0.01
4255	4276	1.0
4276	4255	1.0
983	3883	0.01
3883	983	0.01
2020	2937	0.01
2937	2020	0.01
1953	2607	0.01
2607	1953	0.01
142	2937	1.0
2937	142	1.0
2945	3497	1.0
3497	2945	1.0
4386	1665	0.01
1665	4386	0.01
1251	982	1.0
982	1251	1.0
2659	2467	0.01
2467	2659	0.01
1665	1014	1.0
1014	1665	1.0
2582	2853	0.01
2853	2582	0.01
4276	3154	0.01
3154	4276	0.01
3886	4276	1.0
4276	3886	1.0
2619	3346	0.01
3346	2619	0.01
3589	1014	1.0
1014	3589	1.0
926	1953	1.0
1953	926	1.0
3441	1605	1.0
1605	3441	1.0
5069	2945	0.01
2945	5069	0.01
1572	1927	1.0
1927	1572	1.0
3829	4138	0.01
4138	3829	0.01
4621	4675	1.0
4675	4621	1.0
3886	813	0.01
813	3886	0.01
2582	1743	0.01
1743	2582	0.01
4675	2804	0.01
2804	4675	0.01
4446	4235	1.0
4235	4446	1.0
3883	4928	1.0
4928	3883	1.0
1898	5265	1.0
5265	1898	1.0
4938	5235	0.01
5235	4938	0.01
1511	2937	1.0
2937	1511	1.0
2467	3846	1.0
3846	2467	1.0
3004	5033	0.01
5033	3004	0.01
2458	1898	1.0
1898	2458	1.0
5048	983	0.01
983	5048	0.01
3497	1665	1.0
1665	3497	1.0
3497	3195	0.01
3195	3497	0.01
456	982	1.0
982	456	1.0
4692	3290	0.01
3290	4692	0.01
3195	3154	0.01
3154	3195	0.01
2467	1251	1.0
1251	2467	1.0
4225	4238	1.0
4238	4225	1.0
3756	2467	0.01
2467	3756	0.01
1014	2045	0.01
2045	1014	0.01
1805	2268	0.01
2268	1805	0.01
2458	3308	1.0
3308	2458	1.0
1898	2937	1.0
2937	1898	1.0
3589	3308	1.0
3308	3589	1.0
727	926	0.01
926	727	0.01
2945	3858	1.0
3858	2945	1.0
501	1898	1.0
1898	501	1.0
2879	3829	0.01
3829	2879	0.01
3858	1855	0.01
1855	3858	0.01
4253	983	1.0
983	4253	1.0
892	4559	1.0
4559	892	1.0
4958	5033	0.01
5033	4958	0.01
813	3497	1.0
3497	813	1.0
456	892	1.0
892	456	1.0
1138	1251	1.0
1251	1138	1.0
3113	2020	0.01
2020	3113	0.01
2804	3316	1.0
3316	2804	1.0
3982	1511	0.01
1511	3982	0.01
4235	3756	0.01
3756	4235	0.01
501	3308	1.0
3308	501	1.0
1251	1927	0.01
1927	1251	0.01
817	3195	0.01
3195	817	0.01
4457	4238	0.01
4238	4457	0.01
5130	1855	0.01
1855	5130	0.01
1511	4238	1.0
4238	1511	1.0
3113	3954	0.01
3954	3113	0.01
817	1665	1.0
1665	817	1.0
1722	3036	1.0
3036	1722	1.0
456	3858	1.0
3858	456	1.0
3308	3290	0.01
3290	3308	0.01
2458	4253	1.0
4253	2458	1.0
501	877	1.0
877	501	1.0
4446	501	1.0
501	4446	1.0
3164	645	1.0
645	3164	1.0
892	1953	1.0
1953	892	1.0
3004	3113	0.01
3113	3004	0.01
2467	1093	1.0
1093	2467	1.0
5130	1138	1.0
1138	5130	1.0
4255	1159	0.01
1159	4255	0.01
1605	5265	1.0
5265	1605	1.0
2424	1572	0.01
1572	2424	0.01
1132	2467	0.01
2467	1132	0.01
4225	1898	1.0
1898	4225	1.0
817	1572	0.01
1572	817	0.01
3290	4559	0.01
4559	3290	0.01
117	5323	1.0
5323	117	1.0
2619	3954	0.01
3954	2619	0.01
3883	4276	1.0
4276	3883	1.0
5069	2447	0.01
2447	5069	0.01
3982	4621	0.01
4621	3982	0.01
3939	1601	0.01
1601	3939	0.01
5130	4386	0.01
4386	5130	0.01
1132	4386	0.01
4386	1132	0.01
1132	3858	1.0
3858	1132	1.0
1132	3497	1.0
3497	1132	1.0
1511	4255	1.0
4255	1511	1.0
983	3004	0.01
3004	983	0.01
1953	2937	1.0
2937	1953	1.0
941	3036	1.0
3036	941	1.0
877	982	1.0
982	877	1.0
817	3589	1.0
3589	817	1.0
1898	3316	1.0
3316	1898	1.0
5130	4138	0.01
4138	5130	0.01
3113	4692	0.01
4692	3113	0.01
3290	666	0.01
666	3290	0.01
4559	3235	0.01
3235	4559	0.01
813	1251	1.0
1251	813	1.0
3418	3004	0.01
3004	3418	0.01
3441	1601	1.0
1601	3441	1.0
537	2619	1.0
2619	537	1.0
3441	4928	1.0
4928	3441	1.0
4457	2020	0.01
2020	4457	0.01
4253	1798	0.01
1798	4253	0.01
5323	2045	0.01
2045	5323	0.01
2945	3346	0.01
3346	2945	0.01
4457	2659	1.0
2659	4457	1.0
3846	926	1.0
926	3846	1.0
2879	1783	0.01
1783	2879	0.01
877	1251	1.0
1251	877	1.0
1898	5235	1.0
5235	1898	1.0
2458	4276	1.0
4276	2458	1.0
817	1927	1.0
1927	817	1.0
5235	1605	1.0
1605	5235	1.0
1783	892	0.01
892	1783	0.01
2424	926	0.01
926	2424	0.01
3290	1048	0.01
1048	3290	0.01
2268	2659	0.01
2659	2268	0.01
3154	4238	0.01
4238	3154	0.01
1251	4692	1.0
4692	1251	1.0
4386	117	0.01
117	4386	0.01
3080	3308	0.01
3308	3080	0.01
1251	2156	0.01
2156	1251	0.01
3954	4386	0.01
4386	3954	0.01
4457	940	0.01
940	4457	0.01
1953	5323	1.0
5323	1953	1.0
2853	3316	1.0
3316	2853	1.0
5265	2268	1.0
2268	5265	1.0
2582	3316	1.0
3316	2582	1.0
3883	4481	0.01
4481	3883	0.01
1511	5235	1.0
5235	1511	1.0
2424	645	0.01
645	2424	0.01
2582	4692	1.0
4692	2582	1.0
1014	2659	0.01
2659	1014	0.01
983	50	0.01
50	983	0.01
77	4138	0.01
4138	77	0.01
5130	3542	1.0
3542	5130	1.0
4253	1927	1.0
1927	4253	1.0
892	3441	0.01
3441	892	0.01
3080	4276	0.01
4276	3080	0.01
1791	2879	0.01
2879	1791	0.01
142	3954	0.01
3954	142	0.01
4238	1093	1.0
1093	4238	1.0
3497	3982	1.0
3982	3497	1.0
813	941	1.0
941	813	1.0
3004	666	0.01
666	3004	0.01
4393	731	0.01
731	4393	0.01
877	1093	1.0
1093	877	1.0
501	2937	1.0
2937	501	1.0
3497	3308	1.0
3308	3497	1.0
941	3954	1.0
3954	941	1.0
2268	3316	1.0
3316	2268	1.0
1791	3497	0.01
3497	1791	0.01
1898	4675	1.0
4675	1898	1.0
2582	3308	1.0
3308	2582	1.0
3113	1927	1.0
1927	3113	1.0
3235	1605	1.0
1605	3235	1.0
1572	1953	1.0
1953	1572	1.0
4446	1791	1.0
1791	4446	1.0
3886	3113	0.01
3113	3886	0.01
625	940	0.01
940	625	0.01
501	1605	1.0
1605	501	1.0
926	2937	1.0
2937	926	1.0
3346	2156	0.01
2156	3346	0.01
2765	4225	0.01
4225	2765	0.01
4928	5323	0.01
5323	4928	0.01
1511	5265	1.0
5265	1511	1.0
2458	1159	0.01
1159	2458	0.01
1927	983	1.0
983	1927	1.0
2447	4446	0.01
4446	2447	0.01
1605	2690	0.01
2690	1605	0.01
666	2156	0.01
2156	666	0.01
3886	3308	1.0
3308	3886	1.0
3886	4559	1.0
4559	3886	1.0
117	666	1.0
666	117	1.0
1783	3308	0.01
3308	1783	0.01
2582	4253	0.01
4253	2582	0.01
5069	77	0.01
77	5069	0.01
2853	3346	0.01
3346	2853	0.01
5033	117	0.01
117	5033	0.01
3846	4675	0.01
4675	3846	0.01
4559	941	1.0
941	4559	1.0
941	926	0.01
926	941	0.01
2668	2690	0.01
2690	2668	0.01
2937	77	0.01
77	2937	0.01
50	4928	0.01
4928	50	0.01
3846	4559	1.0
4559	3846	1.0
1722	3316	1.0
3316	1722	1.0
3441	5235	1.0
5235	3441	1.0
5235	3316	1.0
3316	5235	1.0
2668	2527	0.01
2527	2668	0.01
892	50	0.01
50	892	0.01
804	4675	0.01
4675	804	0.01
1601	4522	0.01
4522	1601	0.01
3497	1898	1.0
1898	3497	1.0
4276	2619	1.0
2619	4276	1.0
1743	5235	0.01
5235	1743	0.01
3886	3589	1.0
3589	3886	1.0
3441	5033	0.01
5033	3441	0.01
817	4692	1.0
4692	817	1.0
456	1927	1.0
1927	456	1.0
3982	5235	0.01
5235	3982	0.01
941	1783	1.0
1783	941	1.0
4675	1791	0.01
1791	4675	0.01
2458	926	1.0
926	2458	1.0
2467	3441	1.0
3441	2467	1.0
1132	4930	1.0
4930	1132	1.0
3858	941	1.0
941	3858	1.0
727	2582	0.01
2582	727	0.01
1159	941	1.0
941	1159	1.0
877	3939	1.0
3939	877	1.0
892	4276	1.0
4276	892	1.0
1601	3497	0.01
3497	1601	0.01
4238	1605	1.0
1605	4238	1.0
2508	625	0.01
625	2508	0.01
4675	2447	0.01
2447	4675	0.01
1159	3316	1.0
3316	1159	1.0
4255	3316	1.0
3316	4255	1.0
2668	3235	0.01
3235	2668	0.01
2804	2937	1.0
2937	2804	1.0
2945	1805	1.0
1805	2945	1.0
3235	2765	0.01
2765	3235	0.01
645	4621	0.01
4621	645	0.01
1014	3346	0.01
3346	1014	0.01
2879	3316	1.0
3316	2879	1.0
3497	4928	0.01
4928	3497	0.01
2853	1722	0.01
1722	2853	0.01
813	142	0.01
142	813	0.01
1898	1665	1.0
1665	1898	1.0
877	4225	1.0
4225	877	1.0
1605	4276	1.0
4276	1605	1.0
813	3308	1.0
3308	813	1.0
142	3589	1.0
3589	142	1.0
3829	877	1.0
877	3829	1.0
1855	4235	1.0
4235	1855	1.0
941	3756	0.01
3756	941	0.01
208	4386	0.01
4386	208	0.01
1791	941	1.0
941	1791	1.0
4675	983	0.01
983	4675	0.01
3497	5265	1.0
5265	3497	1.0
3589	4386	0.01
4386	3589	0.01
456	3954	0.01
3954	456	0.01
1665	4694	0.01
4694	1665	0.01
941	3441	0.01
3441	941	0.01
3036	3346	0.01
3346	3036	0.01
3756	4393	0.01
4393	3756	0.01
892	1805	1.0
1805	892	1.0
117	4446	0.01
4446	117	0.01
1605	2937	1.0
2937	1605	1.0
892	1572	1.0
1572	892	1.0
4457	892	0.01
892	4457	0.01
877	4235	1.0
4235	877	1.0
4930	5323	1.0
5323	4930	1.0
1898	1093	1.0
1093	1898	1.0
2527	117	0.01
117	2527	0.01
2458	817	1.0
817	2458	1.0
3113	2879	0.01
2879	3113	0.01
813	2582	1.0
2582	813	1.0
4928	1743	0.01
1743	4928	0.01
982	892	0.01
892	982	0.01
456	983	1.0
983	456	1.0
941	3589	1.0
3589	941	1.0
1572	4253	1.0
4253	1572	1.0
4930	2659	1.0
2659	4930	1.0
4138	4928	0.01
4928	4138	0.01
4276	731	0.01
731	4276	0.01
645	625	0.01
625	645	0.01
892	1665	1.0
1665	892	1.0
3113	3080	0.01
3080	3113	0.01
117	3418	0.01
3418	117	0.01
1251	4238	1.0
4238	1251	1.0
2945	1665	1.0
1665	2945	1.0
4000	208	0.01
208	4000	0.01
4694	5265	0.01
5265	4694	0.01
877	926	1.0
926	877	1.0
1665	1605	0.01
1605	1665	0.01
2447	4694	0.01
4694	2447	0.01
1251	5323	1.0
5323	1251	1.0
941	5235	1.0
5235	941	1.0
3195	4481	0.01
4481	3195	0.01
5069	4928	0.01
4928	5069	0.01
2804	1093	1.0
1093	2804	1.0
1953	2156	0.01
2156	1953	0.01
1572	3308	1.0
3308	1572	1.0
142	3316	0.01
3316	142	0.01
926	4255	1.0
4255	926	1.0
4255	4928	1.0
4928	4255	1.0
625	3982	0.01
3982	625	0.01
3113	50	0.01
50	3113	0.01
892	3290	0.01
3290	892	0.01
1898	4928	1.0
4928	1898	1.0
3589	5323	1.0
5323	3589	1.0
5235	1093	1.0
1093	5235	1.0
1138	5235	0.01
5235	1138	0.01
1805	2659	1.0
2659	1805	1.0
1138	2668	1.0
2668	1138	1.0
4238	3316	1.0
3316	4238	1.0
4255	2937	1.0
2937	4255	1.0
2945	4457	1.0
4457	2945	1.0
4221	941	1.0
941	4221	1.0
2945	5265	1.0
5265	2945	1.0
3846	3308	1.0
3308	3846	1.0
4225	4255	1.0
4255	4225	1.0
1132	2659	1.0
2659	1132	1.0
501	5323	1.0
5323	501	1.0
4621	1665	1.0
1665	4621	1.0
3441	4930	0.01
4930	3441	0.01
4446	982	1.0
982	4446	1.0
1798	142	1.0
142	1798	1.0
1783	1093	1.0
1093	1783	1.0
2467	926	1.0
926	2467	1.0
1798	3308	0.01
3308	1798	0.01
817	1251	1.0
1251	817	1.0
4675	4393	0.01
4393	4675	0.01
2582	4276	0.01
4276	2582	0.01
1132	3589	1.0
3589	1132	1.0
1132	1953	1.0
1953	1132	1.0
50	3195	0.01
3195	50	0.01
983	1665	1.0
1665	983	1.0
3497	983	1.0
983	3497	1.0
763	4253	0.01
4253	763	0.01
3164	983	1.0
983	3164	1.0
117	1132	1.0
1132	117	1.0
1511	2879	0.01
2879	1511	0.01
1927	2619	1.0
2619	1927	1.0
1855	2659	0.01
2659	1855	0.01
813	3954	0.01
3954	813	0.01
4221	537	0.01
537	4221	0.01
4446	1665	1.0
1665	4446	1.0
1132	3542	1.0
3542	1132	1.0
1511	1898	1.0
1898	1511	1.0
456	1171	0.01
1171	456	0.01
2424	2668	0.01
2668	2424	0.01
817	2619	1.0
2619	817	1.0
1171	2268	1.0
2268	1171	1.0
3846	2659	1.0
2659	3846	1.0
4675	2527	0.01
2527	4675	0.01
2668	5235	0.01
5235	2668	0.01
1132	940	1.0
940	1132	1.0
5265	4235	0.01
4235	5265	0.01
4225	5235	1.0
5235	4225	1.0
3164	813	0.01
813	3164	0.01
501	941	1.0
941	501	1.0
817	5265	1.0
5265	817	1.0
3113	142	1.0
142	3113	1.0
142	4675	1.0
4675	142	1.0
501	4559	1.0
4559	501	1.0
3954	2690	0.01
2690	3954	0.01
2765	2668	0.01
2668	2765	0.01
208	1791	0.01
1791	208	0.01
1805	983	1.0
983	1805	1.0
2765	645	0.01
645	2765	0.01
2268	982	1.0
982	2268	1.0
2690	3756	0.01
3756	2690	0.01
1665	625	0.01
625	1665	0.01
731	1601	0.01
1601	731	0.01
3982	3883	0.01
3883	3982	0.01
3542	5069	0.01
5069	3542	0.01
4621	4276	0.01
4276	4621	0.01
3308	4457	1.0
4457	3308	1.0
1953	4238	0.01
4238	1953	0.01
2458	4692	1.0
4692	2458	1.0
1764	804	0.01
804	1764	0.01
4276	2268	1.0
2268	4276	1.0
4225	3982	1.0
3982	4225	1.0
1138	817	1.0
817	1138	1.0
3858	1927	1.0
1927	3858	1.0
4221	2582	1.0
2582	4221	1.0
537	1572	1.0
1572	537	1.0
5323	3308	1.0
3308	5323	1.0
117	2945	0.01
2945	117	0.01
2527	4694	0.01
4694	2527	0.01
4255	1953	1.0
1953	4255	1.0
2458	2668	1.0
2668	2458	1.0
1783	3316	1.0
3316	1783	1.0
4694	5024	0.01
5024	4694	0.01
892	926	1.0
926	892	1.0
1898	1927	1.0
1927	1898	1.0
2607	817	0.01
817	2607	0.01
2945	4253	1.0
4253	2945	1.0
4235	727	0.01
727	4235	0.01
3886	50	0.01
50	3886	0.01
2945	1251	1.0
1251	2945	1.0
4138	3080	0.01
3080	4138	0.01
727	5130	0.01
5130	727	0.01
4675	4457	0.01
4457	4675	0.01
1511	3235	1.0
3235	1511	1.0
4221	4559	0.01
4559	4221	0.01
1171	4276	1.0
4276	1171	1.0
2458	2659	1.0
2659	2458	1.0
1722	4694	1.0
4694	1722	1.0
3858	763	0.01
763	3858	0.01
1743	1783	0.01
1783	1743	0.01
4958	2156	0.01
2156	4958	0.01
4138	4481	0.01
4481	4138	0.01
77	208	0.01
208	77	0.01
3497	4621	1.0
4621	3497	1.0
117	1251	1.0
1251	117	1.0
1093	456	0.01
456	1093	0.01
1132	4621	1.0
4621	1132	1.0
4138	2508	0.01
2508	4138	0.01
4238	1798	0.01
1798	4238	0.01
142	926	0.01
926	142	0.01
3154	1601	1.0
1601	3154	1.0
4221	4225	0.01
4225	4221	0.01
537	2765	0.01
2765	537	0.01
2458	2937	1.0
2937	2458	1.0
4386	501	0.01
501	4386	0.01
3346	208	0.01
208	3346	0.01
877	1805	1.0
1805	877	1.0
5265	456	0.01
456	5265	0.01
625	142	0.01
142	625	0.01
1572	3235	1.0
3235	1572	1.0
1722	1251	1.0
1251	1722	1.0
5130	1251	1.0
1251	5130	1.0
4225	982	1.0
982	4225	1.0
4225	3829	0.01
3829	4225	0.01
2765	2458	0.01
2458	2765	0.01
1898	1953	1.0
1953	1898	1.0
877	4522	1.0
4522	877	1.0
666	456	0.01
456	666	0.01
2719	3004	0.01
3004	2719	0.01
1601	2156	0.01
2156	1601	0.01
1805	5323	1.0
5323	1805	1.0
3036	4393	0.01
4393	3036	0.01
2467	982	1.0
982	2467	1.0
2508	982	0.01
982	2508	0.01
2945	537	1.0
537	2945	1.0
4559	2659	0.01
2659	4559	0.01
3883	2937	1.0
2937	3883	1.0
3113	1132	1.0
1132	3113	1.0
2945	456	1.0
456	2945	1.0
501	2659	1.0
2659	501	1.0
2458	3858	1.0
3858	2458	1.0
2458	3113	1.0
3113	2458	1.0
1605	1093	1.0
1093	1605	1.0
817	77	0.01
77	817	0.01
117	4621	1.0
4621	117	1.0
3886	1572	1.0
1572	3886	1.0
1953	2619	1.0
2619	1953	1.0
4238	1927	1.0
1927	4238	1.0
2619	3235	0.01
3235	2619	0.01
3235	1138	0.01
1138	3235	0.01
2690	456	0.01
456	2690	0.01
645	983	0.01
983	645	0.01
1601	1855	0.01
1855	1601	0.01
4457	3418	0.01
3418	4457	0.01
4253	1764	0.01
1764	4253	0.01
2765	50	0.01
50	2765	0.01
1601	15	0.01
15	1601	0.01
1132	2607	1.0
2607	1132	1.0
2458	501	1.0
501	2458	1.0
4692	4930	0.01
4930	4692	0.01
4386	3497	0.01
3497	4386	0.01
2156	4393	0.01
4393	2156	0.01
2458	1605	1.0
1605	2458	1.0
2582	666	0.01
666	2582	0.01
537	1927	1.0
1927	537	1.0
2945	1953	1.0
1953	2945	1.0
3164	727	0.01
727	3164	0.01
4938	2853	0.01
2853	4938	0.01
4238	2937	1.0
2937	4238	1.0
3195	1898	1.0
1898	3195	1.0
3113	2690	0.01
2690	3113	0.01
2945	1132	1.0
1132	2945	1.0
941	877	0.01
877	941	0.01
3004	4522	0.01
4522	3004	0.01
3080	1048	0.01
1048	3080	0.01
4621	2619	1.0
2619	4621	1.0
3346	5130	0.01
5130	3346	0.01
877	4675	1.0
4675	877	1.0
1722	3846	0.01
3846	1722	0.01
4938	731	0.01
731	4938	0.01
537	3982	1.0
3982	537	1.0
1138	3497	1.0
3497	1138	1.0
2668	1093	0.01
1093	2668	0.01
941	625	1.0
625	941	1.0
3497	537	1.0
537	3497	1.0
1605	1855	0.01
1855	1605	0.01
456	3589	1.0
3589	456	1.0
2879	3441	1.0
3441	2879	1.0
1927	3308	1.0
3308	1927	1.0
3589	4692	1.0
4692	3589	1.0
3497	1805	1.0
1805	3497	1.0
3497	1953	1.0
1953	3497	1.0
1953	4928	0.01
4928	1953	0.01
3858	1665	1.0
1665	3858	1.0
4928	1665	0.01
1665	4928	0.01
926	5323	1.0
5323	926	1.0
2937	5323	1.0
5323	2937	1.0
1132	2619	1.0
2619	1132	1.0
1138	5323	1.0
5323	1138	1.0
50	77	0.01
77	50	0.01
4938	982	1.0
982	4938	1.0
3441	1953	1.0
1953	3441	1.0
5323	4238	0.01
4238	5323	0.01
1572	926	0.01
926	1572	0.01
727	4221	0.01
4221	727	0.01
926	4930	1.0
4930	926	1.0
926	4276	1.0
4276	926	1.0
142	5323	1.0
5323	142	1.0
4276	3441	0.01
3441	4276	0.01
501	3886	1.0
3886	501	1.0
3164	5265	1.0
5265	3164	1.0
4621	4457	0.01
4457	4621	0.01
3497	892	1.0
892	3497	1.0
208	3939	0.01
3939	208	0.01
1791	877	1.0
877	1791	1.0
4225	4253	0.01
4253	4225	0.01
926	4621	1.0
4621	926	1.0
456	1159	0.01
1159	456	0.01
666	2738	0.01
2738	666	0.01
4138	4253	1.0
4253	4138	1.0
3886	1805	1.0
1805	3886	1.0
4694	4386	0.01
4386	4694	0.01
1665	4235	0.01
4235	1665	0.01
4457	2690	0.01
2690	4457	0.01
50	2508	0.01
2508	50	0.01
5323	3154	0.01
3154	5323	0.01
941	5048	1.0
5048	941	1.0
3858	537	1.0
537	3858	1.0
1511	3036	0.01
3036	1511	0.01
817	501	1.0
501	817	1.0
4928	5265	0.01
5265	4928	0.01
2582	2668	1.0
2668	2582	1.0
1927	1014	1.0
1014	1927	1.0
4694	4958	0.01
4958	4694	0.01
117	2668	1.0
2668	117	1.0
1791	1605	1.0
1605	1791	1.0
3195	892	1.0
892	3195	1.0
4522	4928	0.01
4928	4522	0.01
3308	2765	0.01
2765	3308	0.01
3113	3939	0.01
3939	3113	0.01
1251	3954	0.01
3954	1251	0.01
1572	1451	0.01
1451	1572	0.01
1138	537	1.0
537	1138	1.0
1138	2467	0.01
2467	1138	0.01
1927	1953	1.0
1953	1927	1.0
3113	2765	0.01
2765	3113	0.01
5033	456	0.01
456	5033	0.01
3883	4238	1.0
4238	3883	1.0
4928	4253	0.01
4253	4928	0.01
4522	2853	0.01
2853	4522	0.01
1665	3308	1.0
3308	1665	1.0
813	5323	1.0
5323	813	1.0
1511	877	1.0
877	1511	1.0
2668	3497	0.01
3497	2668	0.01
1093	4446	0.01
4446	1093	0.01
2945	3829	0.01
3829	2945	0.01
3235	1093	1.0
1093	3235	1.0
4938	4446	0.01
4446	4938	0.01
4692	3441	0.01
3441	4692	0.01
208	4276	0.01
4276	208	0.01
2424	3756	0.01
3756	2424	0.01
4276	625	1.0
625	4276	1.0
892	3589	1.0
3589	892	1.0
4928	3308	0.01
3308	4928	0.01
1132	1251	1.0
1251	1132	1.0
3441	4255	1.0
4255	3441	1.0
4446	1251	1.0
1251	4446	1.0
501	1665	1.0
1665	501	1.0
501	940	0.01
940	501	0.01
813	1665	1.0
1665	813	1.0
4692	117	0.01
117	4692	0.01
982	763	0.01
763	982	0.01
5235	5265	1.0
5265	5235	1.0
1132	5323	1.0
5323	1132	1.0
813	2268	0.01
2268	813	0.01
1014	941	0.01
941	1014	0.01
2458	4694	0.01
4694	2458	0.01
3164	4938	0.01
4938	3164	0.01
1805	4958	0.01
4958	1805	0.01
2508	15	0.01
15	2508	0.01
4938	1665	0.01
1665	4938	0.01
1572	4694	0.01
4694	1572	0.01
645	1511	0.01
1511	645	0.01
3829	2619	0.01
2619	3829	0.01
2458	1132	1.0
1132	2458	1.0
645	1159	0.01
1159	645	0.01
2619	4238	0.01
4238	2619	0.01
1722	2668	0.01
2668	1722	0.01
5024	1783	0.01
1783	5024	0.01
4446	4225	1.0
4225	4446	1.0
4138	1572	1.0
1572	4138	1.0
4255	2879	0.01
2879	4255	0.01
4235	983	0.01
983	4235	0.01
501	4255	1.0
4255	501	1.0
2719	2690	0.01
2690	2719	0.01
5130	1605	0.01
1605	5130	0.01
501	1014	1.0
1014	501	1.0
5069	1171	0.01
1171	5069	0.01
817	4958	1.0
4958	817	1.0
3756	1511	0.01
1511	3756	0.01
2719	2527	0.01
2527	2719	0.01
3497	5323	1.0
5323	3497	1.0
3497	3235	1.0
3235	3497	1.0
817	3497	1.0
3497	817	1.0
2268	2527	0.01
2527	2268	0.01
2607	2268	0.01
2268	2607	0.01
877	4276	1.0
4276	877	1.0
5265	941	0.01
941	5265	0.01
1138	1665	1.0
1665	1138	1.0
4221	1665	0.01
1665	4221	0.01
537	1048	0.01
1048	537	0.01
4457	1953	0.01
1953	4457	0.01
3164	2582	1.0
2582	3164	1.0
537	1601	1.0
1601	537	1.0
456	2619	1.0
2619	456	1.0
817	926	1.0
926	817	1.0
1048	2719	0.01
2719	1048	0.01
2467	2937	1.0
2937	2467	1.0
4238	3441	1.0
3441	4238	1.0
983	208	0.01
208	983	0.01
1605	3982	1.0
3982	1605	1.0
1572	982	1.0
982	1572	1.0
4522	941	1.0
941	4522	1.0
1132	3846	1.0
3846	1132	1.0
877	4694	1.0
4694	877	1.0
3954	117	0.01
117	3954	0.01
1898	4276	1.0
4276	1898	1.0
2945	4559	1.0
4559	2945	1.0
1855	2607	0.01
2607	1855	0.01
4446	926	1.0
926	4446	1.0
1132	3316	0.01
3316	1132	0.01
4276	4928	1.0
4928	4276	1.0
1855	4255	1.0
4255	1855	1.0
501	3195	1.0
3195	501	1.0
3164	941	1.0
941	3164	1.0
4225	645	0.01
645	4225	0.01
2467	2619	0.01
2619	2467	0.01
3982	4386	0.01
4386	3982	0.01
817	2659	1.0
2659	817	1.0
2945	926	1.0
926	2945	1.0
1722	2619	0.01
2619	1722	0.01
1251	983	1.0
983	1251	1.0
2458	1805	1.0
1805	2458	1.0
4675	941	0.01
941	4675	0.01
456	1743	0.01
1743	456	0.01
3441	2582	0.01
2582	3441	0.01
1927	5323	1.0
5323	1927	1.0
983	5323	1.0
5323	983	1.0
3846	983	1.0
983	3846	1.0
117	3164	1.0
3164	117	1.0
2582	3418	0.01
3418	2582	0.01
4446	2690	0.01
2690	4446	0.01
2937	2659	0.01
2659	2937	0.01
117	813	1.0
813	117	1.0
892	5323	1.0
5323	892	1.0
1132	4138	1.0
4138	1132	1.0
2738	625	0.01
625	2738	0.01
4446	4255	1.0
4255	4446	1.0
4928	2937	1.0
2937	4928	1.0
1132	3308	1.0
3308	1132	1.0
4958	625	0.01
625	4958	0.01
15	3418	0.01
3418	15	0.01
3346	1764	0.01
1764	3346	0.01
926	2619	1.0
2619	926	1.0
727	117	0.01
117	727	0.01
1722	2508	0.01
2508	1722	0.01
4225	1093	1.0
1093	4225	1.0
4225	3316	1.0
3316	4225	1.0
5265	3939	0.01
3939	5265	0.01
3497	1605	1.0
1605	3497	1.0
3846	4386	0.01
4386	3846	0.01
4928	4225	0.01
4225	4928	0.01
625	813	0.01
813	625	0.01
4235	3846	0.01
3846	4235	0.01
2945	1138	1.0
1138	2945	1.0
1855	5265	1.0
5265	1855	1.0
4559	5323	1.0
5323	4559	1.0
3497	3858	1.0
3858	3497	1.0
501	4621	1.0
4621	501	1.0
3441	3235	1.0
3235	3441	1.0
1159	4276	1.0
4276	1159	1.0
117	3542	0.01
3542	117	0.01
1898	4255	1.0
4255	1898	1.0
3497	2619	1.0
2619	3497	1.0
2467	3883	1.0
3883	2467	1.0
2945	3846	1.0
3846	2945	1.0
3113	1722	0.01
1722	3113	0.01
3164	1572	1.0
1572	3164	1.0
4522	2582	1.0
2582	4522	1.0
1132	1014	1.0
1014	1132	1.0
3195	1805	1.0
1805	3195	1.0
1251	3982	1.0
3982	1251	1.0
5235	4276	1.0
4276	5235	1.0
4446	2945	1.0
2945	4446	1.0
4253	2071	0.01
2071	4253	0.01
2619	117	0.01
117	2619	0.01
1138	5033	0.01
5033	1138	0.01
3113	4000	0.01
4000	3113	0.01
877	1783	1.0
1783	877	1.0
804	4958	0.01
4958	804	0.01
1927	4457	1.0
4457	1927	1.0
4225	1251	1.0
1251	4225	1.0
3542	2508	0.01
2508	3542	0.01
1791	3883	0.01
3883	1791	0.01
2879	1855	0.01
1855	2879	0.01
537	1805	1.0
1805	537	1.0
456	3497	1.0
3497	456	1.0
983	5130	0.01
5130	983	0.01
3883	4692	0.01
4692	3883	0.01
2853	4675	0.01
4675	2853	0.01
1805	1014	1.0
1014	1805	1.0
3195	2268	0.01
2268	3195	0.01
3954	2582	1.0
2582	3954	1.0
2879	3004	0.01
3004	2879	0.01
2447	731	0.01
731	2447	0.01
4928	2879	0.01
2879	4928	0.01
1898	941	0.01
941	1898	0.01
456	1138	1.0
1138	456	1.0
3235	645	0.01
645	3235	0.01
2458	3846	1.0
3846	2458	1.0
501	1572	1.0
1572	501	1.0
3883	5033	0.01
5033	3883	0.01
4446	4276	1.0
4276	4446	1.0
142	501	1.0
501	142	1.0
2879	2268	1.0
2268	2879	1.0
1572	983	1.0
983	1572	1.0
2508	4621	0.01
4621	2508	0.01
941	4692	1.0
4692	941	1.0
3883	3441	1.0
3441	3883	1.0
1722	5323	1.0
5323	1722	1.0
2619	625	0.01
625	2619	0.01
3883	3235	1.0
3235	3883	1.0
4225	1605	1.0
1605	4225	1.0
4675	2458	0.01
2458	4675	0.01
2937	3589	0.01
3589	2937	0.01
2945	2937	1.0
2937	2945	1.0
817	5024	0.01
5024	817	0.01
5130	501	1.0
501	5130	1.0
3195	1572	1.0
1572	3195	1.0
2156	4692	0.01
4692	2156	0.01
1132	537	1.0
537	1132	1.0
4138	3756	0.01
3756	4138	0.01
3195	2659	1.0
2659	3195	1.0
3346	1805	0.01
1805	3346	0.01
941	2582	1.0
2582	941	1.0
727	645	0.01
645	727	0.01
2582	5048	1.0
5048	2582	1.0
4253	2659	1.0
2659	4253	1.0
666	1953	0.01
1953	666	0.01
456	5130	0.01
5130	456	0.01
1601	1665	1.0
1665	1601	1.0
1855	3235	1.0
3235	1855	1.0
2156	2879	0.01
2879	2156	0.01
3441	3756	0.01
3756	3441	0.01
1855	5323	1.0
5323	1855	1.0
3829	5048	0.01
5048	3829	0.01
4928	3316	1.0
3316	4928	1.0
5024	4255	0.01
4255	5024	0.01
5265	4621	1.0
4621	5265	1.0
3858	3886	1.0
3886	3858	1.0
1132	5048	1.0
5048	1132	1.0
1132	3195	1.0
3195	1132	1.0
3441	1093	1.0
1093	3441	1.0
5069	2268	0.01
2268	5069	0.01
2853	5048	0.01
5048	2853	0.01
1171	3982	1.0
3982	1171	1.0
1132	3164	1.0
3164	1132	1.0
50	2527	0.01
2527	50	0.01
3346	1159	0.01
1159	3346	0.01
941	2668	1.0
2668	941	1.0
3589	1048	0.01
1048	3589	0.01
142	4559	0.01
4559	142	0.01
1572	2659	1.0
2659	1572	1.0
982	1132	0.01
1132	982	0.01
2458	1953	1.0
1953	2458	1.0
3235	982	1.0
982	3235	1.0
1132	1898	1.0
1898	1132	1.0
940	1791	0.01
1791	940	0.01
892	4238	1.0
4238	892	1.0
645	4446	0.01
4446	645	0.01
2458	4958	1.0
4958	2458	1.0
1605	4457	1.0
4457	1605	1.0
982	5048	0.01
5048	982	0.01
2937	1132	0.01
1132	2937	0.01
4253	3542	0.01
3542	4253	0.01
537	4253	1.0
4253	537	1.0
4621	5323	1.0
5323	4621	1.0
1132	3036	1.0
3036	1132	1.0
3846	3982	1.0
3982	3846	1.0
4138	3858	1.0
3858	4138	1.0
2945	1791	0.01
1791	2945	0.01
4446	3589	1.0
3589	4446	1.0
4675	5069	0.01
5069	4675	0.01
4238	4928	1.0
4928	4238	1.0
2804	1898	0.01
1898	2804	0.01
1511	4225	1.0
4225	1511	1.0
1251	1093	0.01
1093	1251	0.01
1927	4692	1.0
4692	1927	1.0
3235	1898	1.0
1898	3235	1.0
3195	1014	1.0
1014	3195	1.0
3004	2156	0.01
2156	3004	0.01
1251	941	1.0
941	1251	1.0
2467	456	0.01
456	2467	0.01
4559	1927	1.0
1927	4559	1.0
1601	77	0.01
77	1601	0.01
5323	4692	1.0
4692	5323	1.0
941	1927	0.01
1927	941	0.01
2945	5130	1.0
5130	2945	1.0
4000	5033	0.01
5033	4000	0.01
2071	3858	0.01
3858	2071	0.01
1572	2619	1.0
2619	1572	1.0
1953	3290	0.01
3290	1953	0.01
5323	3235	0.01
3235	5323	0.01
1132	4958	1.0
4958	1132	1.0
3154	2804	0.01
2804	3154	0.01
117	5265	1.0
5265	117	1.0
1805	208	0.01
208	1805	0.01
892	4692	1.0
4692	892	1.0
983	77	0.01
77	983	0.01
817	3846	1.0
3846	817	1.0
2945	4621	1.0
4621	2945	1.0
1138	3589	1.0
3589	1138	1.0
1605	5323	1.0
5323	1605	1.0
501	4692	1.0
4692	501	1.0
2458	3497	1.0
3497	2458	1.0
4138	1601	1.0
1601	4138	1.0
5265	77	0.01
77	5265	0.01
1898	3589	1.0
3589	1898	1.0
3756	4958	0.01
4958	3756	0.01
3235	1927	1.0
1927	3235	1.0
456	1572	1.0
1572	456	1.0
3113	3858	0.01
3858	3113	0.01
4559	4386	0.01
4386	4559	0.01
1601	2582	0.01
2582	1601	0.01
3154	3113	0.01
3113	3154	0.01
1014	2937	0.01
2937	1014	0.01
1138	727	0.01
727	1138	0.01
1855	4930	1.0
4930	1855	1.0
3497	2045	0.01
2045	3497	0.01
3195	3954	0.01
3954	3195	0.01
2508	2659	0.01
2659	2508	0.01
3164	926	1.0
926	3164	1.0
3195	3982	0.01
3982	3195	0.01
3497	2937	1.0
2937	3497	1.0
456	1805	1.0
1805	456	1.0
1855	1014	0.01
1014	1855	0.01
1605	4928	1.0
4928	1605	1.0
4386	1791	0.01
1791	4386	0.01
3164	4393	0.01
4393	3164	0.01
1251	4276	1.0
4276	1251	1.0
4446	456	0.01
456	4446	0.01
1251	3316	0.01
3316	1251	0.01
1791	4276	0.01
4276	1791	0.01
3497	2659	1.0
2659	3497	1.0
2045	5069	0.01
5069	2045	0.01
2458	2804	0.01
2804	2458	0.01
813	817	0.01
817	813	0.01
142	892	1.0
892	142	1.0
813	1791	0.01
1791	813	0.01
4235	4225	0.01
4225	4235	0.01
142	3346	0.01
3346	142	0.01
4238	2945	0.01
2945	4238	0.01
5235	892	0.01
892	5235	0.01
456	501	1.0
501	456	1.0
