2105	1254
1254	2105
78	5212
5212	78
2424	1102
1102	2424
4181	1236
1236	4181
5321	3609
3609	5321
365	1254
1254	365
3880	733
733	3880
4389	2759
2759	4389
2756	1935
1935	2756
5121	49
49	5121
4276	2206
2206	4276
1650	2527
2527	1650
5212	1251
1251	5212
2447	1251
1251	2447
5127	3829
3829	5127
1496	1266
1266	1496
2784	471
471	2784
211	2783
2783	211
5212	4210
4210	5212
365	5145
5145	365
2543	610
610	2543
2784	2588
2588	2784
5166	4677
4677	5166
3889	728
728	3889
2743	4210
4210	2743
434	2283
2283	434
211	3829
3829	211
412	3447
3447	412
15	1935
1935	15
2424	2719
2719	2424
1496	914
914	1496
1665	615
615	1665
1236	5132
5132	1236
429	412
412	429
2907	2588
2588	2907
4389	4181
4181	4389
4276	4494
4494	4276
4676	2907
2907	4676
1665	1601
1601	1665
5166	2219
2219	5166
2743	2013
2013	2743
1745	52
52	1745
2759	4276
4276	2759
728	914
914	728
5180	1138
1138	5180
2588	2920
2920	2588
4276	2719
2719	4276
5145	688
688	5145
2105	3323
3323	2105
3114	510
510	3114
4210	1876
1876	4210
3889	1875
1875	3889
1780	4506
4506	1780
2726	4055
4055	2726
2726	302
302	2726
2783	471
471	2783
607	1772
1772	607
789	2206
2206	789
4389	2582
2582	4389
4389	3065
3065	4389
3917	1169
1169	3917
1889	2463
2463	1889
914	1876
1876	914
434	4907
4907	434
3889	4140
4140	3889
4389	17
17	4389
4055	15
15	4055
3543	5180
5180	3543
402	3112
3112	402
4677	132
132	4677
2933	1992
1992	2933
4389	1889
1889	4389
243	132
132	243
1357	932
932	1357
402	1427
1427	402
5132	1427
1427	5132
246	2272
2272	246
1138	1840
1840	1138
78	2206
2206	78
3846	3609
3609	3846
4389	3611
3611	4389
3543	733
733	3543
2462	5132
5132	2462
733	4136
4136	733
1102	4276
4276	1102
804	5265
5265	804
2730	1251
1251	2730
2743	3846
3846	2743
2743	4055
4055	2743
1851	3829
3829	1851
804	3023
3023	804
1138	615
615	1138
5132	3808
3808	5132
2424	2013
2013	2424
4726	4300
4300	4726
5212	2206
2206	5212
2784	5166
5166	2784
4928	3112
3112	4928
5095	859
859	5095
4908	4300
4300	4908
5121	5150
5150	5121
5166	3854
3854	5166
4389	1650
1650	4389
1254	4276
4276	1254
1138	3917
3917	1138
78	1047
1047	78
932	243
243	932
1780	4707
4707	1780
5132	4210
4210	5132
914	1254
1254	914
2759	1665
1665	2759
15	49
49	15
2139	3112
3112	2139
5166	3164
3164	5166
2743	3023
3023	2743
3080	870
870	3080
4389	2588
2588	4389
4389	1249
1249	4389
5132	5063
5063	5132
5132	1193
1193	5132
3854	2719
2719	3854
1780	5266
5266	1780
2527	3609
3609	2527
2447	650
650	2447
2759	2719
2719	2759
52	3609
3609	52
3543	5150
5150	3543
323	15
15	323
2783	607
607	2783
2272	4677
4677	2272
1138	1169
1169	1138
1102	471
471	1102
2272	5166
5166	2272
402	616
616	402
804	3846
3846	804
728	1236
1236	728
2756	3889
3889	2756
2759	1898
1898	2759
471	2933
2933	471
2424	2759
2759	2424
2933	4498
4498	2933
4707	688
688	4707
2272	5033
5033	2272
2783	2463
2463	2783
4677	1496
1496	4677
532	2726
2726	532
650	246
246	650
2783	4348
4348	2783
804	2719
2719	804
2756	3880
3880	2756
4718	2462
2462	4718
2783	4276
4276	2783
4782	2086
2086	4782
4389	107
107	4389
4169	2582
2582	4169
870	2206
2206	870
728	5212
5212	728
499	1935
1935	499
3080	789
789	3080
3854	3164
3164	3854
2013	2759
2759	2013
4389	532
532	4389
2756	5145
5145	2756
2726	434
434	2726
789	1254
1254	789
789	5166
5166	789
2783	4494
4494	2783
532	2461
2461	532
471	3889
3889	471
1068	1251
1251	1068
2743	5266
5266	2743
4389	1992
1992	4389
2783	4181
4181	2783
3543	370
370	3543
3112	2582
2582	3112
4136	1254
1254	4136
370	725
725	370
5212	3808
3808	5212
4389	2933
2933	4389
471	2719
2719	471
804	3880
3880	804
3854	1898
1898	3854
1496	3917
3917	1496
2726	2588
2588	2726
412	5132
5132	412
270	5132
5132	270
2447	4276
4276	2447
914	1650
1650	914
2013	49
49	2013
2920	211
211	2920
532	1047
1047	532
4210	4677
4677	4210
1665	5212
5212	1665
2726	4672
4672	2726
429	4140
4140	429
3917	5095
5095	3917
78	2156
2156	78
1138	4677
4677	1138
804	78
78	804
1254	1047
1047	1254
4389	3552
3552	4389
4815	107
107	4815
2463	4348
4348	2463
876	2543
2543	876
2206	1193
1193	2206
2743	2316
2316	2743
1151	5070
5070	1151
3808	4677
4677	3808
49	650
650	49
4676	5321
5321	4676
733	2139
2139	733
1236	365
365	1236
1236	3511
3511	1236
1935	3211
3211	1935
434	3447
3447	434
2759	3323
3323	2759
5265	3511
3511	5265
1138	4707
4707	1138
1138	4672
4672	1138
2105	1138
1138	2105
4815	4506
4506	4815
5180	4245
4245	5180
914	941
941	914
499	1068
1068	499
302	5265
5265	302
4672	3023
3023	4672
352	4389
4389	352
4707	3080
3080	4707
2461	615
615	2461
5166	5265
5265	5166
1780	3211
3211	1780
532	2543
2543	532
615	5033
5033	615
4907	1496
1496	4907
3112	4055
4055	3112
78	789
789	78
1665	1249
1249	1665
2424	3889
3889	2424
429	2730
2730	429
5166	5127
5127	5166
5023	4907
4907	5023
4672	211
211	4672
789	941
941	789
4718	1236
1236	4718
107	5212
5212	107
789	365
365	789
2156	2305
2305	2156
5265	3952
3952	5265
4677	1047
1047	4677
1068	3112
3112	1068
3829	3511
3511	3829
4677	1249
1249	4677
2462	3511
3511	2462
3889	2719
2719	3889
402	365
365	402
1928	1772
1772	1928
2920	3846
3846	2920
4494	370
370	4494
3854	1928
1928	3854
78	246
246	78
1496	365
365	1496
402	5033
5033	402
1840	4136
4136	1840
52	1876
1876	52
5145	402
402	5145
2738	4276
4276	2738
2743	2462
2462	2743
1356	3854
3854	1356
4389	1251
1251	4389
323	4795
4795	323
1356	1875
1875	1356
402	5166
5166	402
1889	52
52	1889
3175	4815
4815	3175
1236	1601
1601	1236
607	3175
3175	607
3065	270
270	3065
578	3829
3829	578
733	434
434	733
5180	2463
2463	5180
2730	4506
4506	2730
1538	4795
4795	1538
3889	688
688	3889
2759	3447
3447	2759
4276	4928
4928	4276
5180	3611
3611	5180
2933	1780
1780	2933
2759	532
532	2759
728	789
789	728
4389	2105
2105	4389
434	1898
1898	434
107	2358
2358	107
2730	3917
3917	2730
2139	914
914	2139
1047	4707
4707	1047
4276	1601
1601	4276
4169	1876
1876	4169
932	4245
4245	932
2206	4707
4707	2206
876	728
728	876
78	5127
5127	78
1068	2283
2283	1068
402	4677
4677	402
1236	3323
3323	1236
1898	1427
1427	1898
2272	4169
4169	2272
2447	4506
4506	2447
5132	932
932	5132
2139	2358
2358	2139
1851	870
870	1851
5132	3880
3880	5132
5321	243
243	5321
5132	2582
2582	5132
2424	3447
3447	2424
1102	2206
2206	1102
402	2283
2283	402
1665	4245
4245	1665
2759	5265
5265	2759
4245	5070
5070	4245
5150	2588
2588	5150
2784	5265
5265	2784
352	3211
3211	352
3447	688
688	3447
2139	1427
1427	2139
4389	2358
2358	4389
365	211
211	365
370	78
78	370
4907	4815
4815	4907
4782	4169
4169	4782
1254	5033
5033	1254
270	4672
4672	270
52	1138
1138	52
2156	2730
2730	2156
2262	3701
3701	2262
5132	3917
3917	5132
2907	4908
4908	2907
5132	3829
3829	5132
5212	3543
3543	5212
1665	5145
5145	1665
725	914
914	725
4677	3609
3609	4677
2743	616
616	2743
4169	941
941	4169
2139	1935
1935	2139
4907	5180
5180	4907
2756	804
804	2756
3952	616
616	3952
4169	688
688	4169
434	3552
3552	434
2738	1898
1898	2738
3112	4677
4677	3112
1918	1266
1266	1918
471	5212
5212	471
2730	323
323	2730
434	876
876	434
1068	2759
2759	1068
3854	1875
1875	3854
434	4276
4276	434
3114	1601
1601	3114
789	2783
2783	789
733	4181
4181	733
2206	243
243	2206
4300	2086
2086	4300
2920	3543
3543	2920
1840	5321
5321	1840
804	5266
5266	804
4672	17
17	4672
615	5150
5150	615
1068	2316
2316	1068
1102	2719
2719	1102
804	3990
3990	804
1193	941
941	1193
3112	4672
4672	3112
434	510
510	434
5212	2719
2719	5212
412	1745
1745	412
1780	4181
4181	1780
4389	1356
1356	4389
4718	3917
3917	4718
49	1427
1427	49
5166	3511
3511	5166
5166	3917
3917	5166
370	5132
5132	370
2462	1138
1138	2462
3511	3917
3917	3511
3952	789
789	3952
302	3511
3511	302
2783	3175
3175	2783
2139	2272
2272	2139
15	3917
3917	15
1875	1538
1538	1875
4782	1249
1249	4782
2578	1357
1357	2578
1266	5266
5266	1266
1898	1254
1254	1898
1249	4136
4136	1249
4055	2262
2262	4055
3112	3023
3023	3112
1151	3990
3990	1151
789	5265
5265	789
132	510
510	132
4210	5150
5150	4210
789	2219
2219	789
5023	5095
5095	5023
4140	1851
1851	4140
5180	615
615	5180
1102	5166
5166	1102
3112	3609
3609	3112
78	4030
4030	78
2013	2462
2462	2013
1254	471
471	1254
370	502
502	370
78	1928
1928	78
270	5321
5321	270
4389	4300
4300	4389
2447	1138
1138	2447
914	2219
2219	914
4718	2206
2206	4718
2759	1254
1254	2759
5070	365
365	5070
17	4136
4136	17
1665	4276
4276	1665
2743	1875
1875	2743
1236	4795
4795	1236
3552	2219
2219	3552
804	5121
5121	804
2726	4276
4276	2726
2105	941
941	2105
1918	1772
1772	1918
5212	5265
5265	5212
2743	4169
4169	2743
52	941
941	52
2726	2783
2783	2726
2756	2219
2219	2756
4245	859
859	4245
5132	941
941	5132
2156	4899
4899	2156
4276	859
859	4276
2726	2262
2262	2726
434	2719
2719	434
4672	1562
1562	4672
4389	2316
2316	4389
1236	3917
3917	1236
2719	4928
4928	2719
870	4210
4210	870
2424	2206
2206	2424
2756	2933
2933	2756
914	2659
2659	914
4300	4928
4928	4300
2784	2582
2582	2784
3880	1745
1745	3880
532	3112
3112	532
5127	4348
4348	5127
2578	1918
1918	2578
2783	5166
5166	2783
4726	471
471	4726
1799	107
107	1799
4718	2726
2726	4718
4389	402
402	4389
4498	1427
1427	4498
2759	3114
3114	2759
5132	1538
1538	5132
2206	725
725	2206
3808	1650
1650	3808
876	3211
3211	876
2743	607
607	2743
78	2933
2933	78
3552	132
132	3552
2726	3164
3164	2726
2156	3990
3990	2156
1274	4389
4389	1274
4389	2463
2463	4389
1840	3543
3543	1840
246	365
365	246
78	4795
4795	78
2784	365
365	2784
4389	5266
5266	4389
804	1254
1254	804
365	2283
2283	365
2756	1251
1251	2756
2447	1898
1898	2447
3511	5212
5212	3511
859	1538
1538	859
302	4140
4140	302
1266	1068
1068	1266
510	1138
1138	510
4169	365
365	4169
302	3846
3846	302
2759	4795
4795	2759
2783	2582
2582	2783
3609	3211
3211	3609
4276	5265
5265	4276
932	1935
1935	932
49	4030
4030	49
1745	3065
3065	1745
5070	5212
5212	5070
1138	3829
3829	1138
5132	2730
2730	5132
2756	2461
2461	2756
434	1138
1138	434
434	1274
1274	434
4389	3701
3701	4389
5132	1138
1138	5132
3889	2933
2933	3889
2730	688
688	2730
5023	2447
2447	5023
78	2783
2783	78
5023	4389
4389	5023
434	3080
3080	434
5166	3543
3543	5166
4169	2358
2358	4169
1138	3323
3323	1138
1102	3854
3854	1102
615	3808
3808	615
4276	3854
3854	4276
17	2933
2933	17
789	4494
4494	789
5132	3211
3211	5132
3112	1138
1138	3112
4389	510
510	4389
2756	4672
4672	2756
5070	3543
3543	5070
2461	4506
4506	2461
1266	3112
3112	1266
4136	5070
5070	4136
2759	1356
1356	2759
302	607
607	302
4928	2305
2305	4928
2738	5063
5063	2738
2272	2582
2582	2272
2219	2305
2305	2219
1772	5321
5321	1772
1068	1538
1538	1068
434	5132
5132	434
3889	5212
5212	3889
3447	1875
1875	3447
936	2463
2463	936
1193	4136
4136	1193
3611	1745
1745	3611
1138	3511
3511	1138
4389	4245
4245	4389
434	804
804	434
3080	615
615	3080
15	510
510	15
2283	3080
3080	2283
499	1898
1898	499
1068	4908
4908	1068
2783	2907
2907	2783
4718	78
78	4718
5063	3112
3112	5063
610	4672
4672	610
52	2582
2582	52
3112	270
270	3112
1918	1928
1928	1918
2756	1427
1427	2756
2358	2316
2316	2358
5212	2582
2582	5212
2659	5033
5033	2659
1102	2582
2582	1102
5265	3323
3323	5265
3917	2933
2933	3917
2756	2784
2784	2756
471	4389
4389	471
1840	2262
2262	1840
2730	246
246	2730
4276	2730
2730	4276
434	5265
5265	434
607	5023
5023	607
2784	1876
1876	2784
616	1138
1138	616
1665	365
365	1665
1357	1266
1266	1357
2783	3854
3854	2783
1357	615
615	1357
2105	1357
1357	2105
688	3854
3854	688
4726	17
17	4726
3112	1650
1650	3112
4389	4169
4169	4389
688	2588
2588	688
1650	650
650	1650
4494	1840
1840	4494
4245	3917
3917	4245
1538	471
471	1538
2447	4494
4494	2447
2743	2582
2582	2743
78	3880
3880	78
5132	4899
4899	5132
5023	3543
3543	5023
1138	2305
2305	1138
2424	2527
2527	2424
5166	2719
2719	5166
1251	1935
1935	1251
789	429
429	789
870	4676
4676	870
4136	5212
5212	4136
789	1665
1665	789
107	1851
1851	107
4389	2013
2013	4389
1851	2462
2462	1851
4389	365
365	4389
3112	2156
2156	3112
4030	876
876	4030
2738	3323
3323	2738
4718	4210
4210	4718
914	5121
5121	914
2738	733
733	2738
4506	1254
1254	4506
5121	4300
4300	5121
2462	1935
1935	2462
5321	3112
3112	5321
3065	4928
4928	3065
4389	5321
5321	4389
3447	4276
4276	3447
1236	3114
3114	1236
1665	1898
1898	1665
2272	2219
2219	2272
2783	5265
5265	2783
4389	3609
3609	4389
4389	1496
1496	4389
2582	3952
3952	2582
2424	3917
3917	2424
4276	607
607	4276
3854	2933
2933	3854
15	2013
2013	15
914	578
578	914
4389	3990
3990	4389
2738	5145
5145	2738
3889	132
132	3889
15	2669
2669	15
2527	5132
5132	2527
5132	650
650	5132
3112	4815
4815	3112
5063	3609
3609	5063
52	4494
4494	52
3175	4795
4795	3175
3701	365
365	3701
2687	1102
1102	2687
4718	4136
4136	4718
4899	2316
2316	4899
4718	4707
4707	4718
78	5166
5166	78
323	1254
1254	323
471	3323
3323	471
2759	4677
4677	2759
615	2659
2659	615
2424	471
471	2424
1992	3990
3990	1992
2759	365
365	2759
78	323
323	78
3854	5212
5212	3854
3543	932
932	3543
4795	2139
2139	4795
2687	5132
5132	2687
3080	1138
1138	3080
804	5063
5063	804
728	4276
4276	728
4245	1772
1772	4245
804	4389
4389	804
1875	2272
2272	1875
5266	532
532	5266
3543	688
688	3543
615	2206
2206	615
15	607
607	15
2920	2784
2784	2920
2424	578
578	2424
1169	4795
4795	1169
914	3917
3917	914
2262	3917
3917	2262
352	1562
1562	352
2920	3917
3917	2920
434	1102
1102	434
502	578
578	502
434	2447
2447	434
2139	607
607	2139
2578	3323
3323	2578
1992	1650
1650	1992
3511	578
578	3511
2756	3211
3211	2756
1151	1876
1876	1151
499	2156
2156	499
2783	932
932	2783
1665	2206
2206	1665
3112	1274
1274	3112
4245	3552
3552	4245
4506	5265
5265	4506
3846	4494
4494	3846
4928	4908
4908	4928
1102	2272
2272	1102
5166	914
914	5166
2783	365
365	2783
49	1935
1935	49
2743	1876
1876	2743
1875	5070
5070	1875
1236	3211
3211	1236
352	2759
2759	352
2447	4795
4795	2447
1102	941
941	1102
2730	4300
4300	2730
2582	5166
5166	2582
3112	1780
1780	3112
323	3854
3854	323
2756	2582
2582	2756
615	2719
2719	615
5127	246
246	5127
1875	243
243	1875
728	1427
1427	728
3880	941
941	3880
3846	1254
1254	3846
2730	2756
2756	2730
2730	4782
4782	2730
3447	941
941	3447
1889	789
789	1889
52	5121
5121	52
1496	804
804	1496
3990	2262
2262	3990
2461	3990
3990	2461
4389	243
243	4389
3114	4899
4899	3114
402	607
607	402
5023	429
429	5023
2784	4498
4498	2784
2920	2659
2659	2920
5166	2283
2283	5166
1601	3917
3917	1601
2756	1102
1102	2756
1138	1918
1918	1138
789	2463
2463	789
5033	302
302	5033
3854	932
932	3854
914	4210
4210	914
412	2659
2659	412
2783	3323
3323	2783
1875	2139
2139	1875
4300	3211
3211	4300
323	302
302	323
4389	1151
1151	4389
434	2543
2543	434
412	2582
2582	412
4245	1562
1562	4245
471	2582
2582	471
3808	2588
2588	3808
615	3065
3065	615
15	107
107	15
5023	78
78	5023
2424	1427
1427	2424
1151	2013
2013	1151
1840	2582
2582	1840
1665	4494
4494	1665
4389	1357
1357	4389
5166	4672
4672	5166
2783	1935
1935	2783
4276	3990
3990	4276
3065	4210
4210	3065
789	2659
2659	789
5166	941
941	5166
2424	3854
3854	2424
2105	725
725	2105
5070	2659
2659	5070
2759	2933
2933	2759
5145	2726
2726	5145
804	2659
2659	804
5166	4907
4907	5166
2424	4389
4389	2424
17	2272
2272	17
2578	5266
5266	2578
914	870
870	914
615	2527
2527	615
1665	2659
2659	1665
2669	3552
3552	2669
2086	1992
1992	2086
1151	1935
1935	1151
4676	4815
4815	4676
2447	859
859	2447
616	3543
3543	616
789	3447
3447	789
49	52
52	49
2462	789
789	2462
78	2659
2659	78
4300	870
870	4300
5132	4030
4030	5132
5132	1772
1772	5132
3114	3023
3023	3114
1665	3323
3323	1665
2759	4348
4348	2759
876	2272
2272	876
4795	4348
4348	4795
1102	3323
3323	1102
1840	1357
1357	1840
5132	429
429	5132
3023	1876
1876	3023
4389	914
914	4389
2272	941
941	2272
4389	4055
4055	4389
2272	5121
5121	2272
2219	3175
3175	2219
2156	107
107	2156
3846	2719
2719	3846
2013	3114
3114	2013
2139	402
402	2139
365	1650
1650	365
870	3917
3917	870
3917	725
725	3917
2659	1236
1236	2659
2783	1898
1898	2783
5166	1254
1254	5166
2462	941
941	2462
4389	1266
1266	4389
2756	1562
1562	2756
4389	650
650	4389
2013	5095
5095	2013
2743	2272
2272	2743
3990	4928
4928	3990
352	1875
1875	352
804	4276
4276	804
615	2730
2730	615
2783	1665
1665	2783
5095	2726
2726	5095
4389	5121
5121	4389
936	429
429	936
4506	365
365	4506
2272	4055
4055	2272
2726	1254
1254	2726
532	2719
2719	532
2784	1875
1875	2784
1068	2588
2588	1068
789	4707
4707	789
3846	1138
1138	3846
1799	1772
1772	1799
4506	4707
4707	4506
2738	2719
2719	2738
1427	3114
3114	1427
4726	870
870	4726
3112	2283
2283	3112
2461	2582
2582	2461
49	941
941	49
3065	2447
2447	3065
4210	2013
2013	4210
78	5265
5265	78
4498	5212
5212	4498
4928	78
78	4928
471	5063
5063	471
78	4677
4677	78
804	352
352	804
1875	4140
4140	1875
3114	3175
3175	3114
4276	1898
1898	4276
2272	2105
2105	2272
4389	1780
1780	4389
5127	402
402	5127
532	1357
1357	532
804	1935
1935	804
2784	3112
3112	2784
2759	941
941	2759
3112	1427
1427	3112
323	616
616	323
3854	1151
1151	3854
2013	607
607	2013
2086	3114
3114	2086
5121	870
870	5121
1138	1251
1251	1138
1193	3701
3701	1193
3854	5265
5265	3854
2784	246
246	2784
804	246
246	804
3609	2726
2726	3609
2730	2759
2759	2730
78	1274
1274	78
2588	1772
1772	2588
323	5265
5265	323
3917	1266
1266	3917
1249	3854
3854	1249
4928	5070
5070	4928
471	941
941	471
3889	4245
4245	3889
2730	2447
2447	2730
5063	2206
2206	5063
4389	1047
1047	4389
688	5321
5321	688
4707	1928
1928	4707
789	2283
2283	789
2759	471
471	2759
2013	578
578	2013
615	941
941	615
2726	3112
3112	2726
78	4498
4498	78
3447	4506
4506	3447
3080	1898
1898	3080
2447	3854
3854	2447
3846	870
870	3846
4494	3065
3065	4494
52	365
365	52
2424	859
859	2424
2461	5095
5095	2461
5132	1745
1745	5132
2743	1138
1138	2743
2783	3889
3889	2783
616	2659
2659	616
2738	2759
2759	2738
4276	5132
5132	4276
323	4782
4782	323
2759	4676
4676	2759
2206	1876
1876	2206
4389	3846
3846	4389
3164	1562
1562	3164
1840	578
578	1840
2726	5132
5132	2726
3889	4795
4795	3889
2105	2659
2659	2105
804	5150
5150	804
3543	3854
3854	3543
2462	132
132	2462
4389	728
728	4389
434	2462
2462	434
2759	2783
2783	2759
211	429
429	211
3609	1851
1851	3609
4389	4140
4140	4389
1254	1928
1928	1254
5095	2305
2305	5095
5166	3211
3211	5166
1840	3609
3609	1840
936	615
615	936
1236	1102
1102	1236
2738	870
870	2738
4815	4672
4672	4815
1772	3917
3917	1772
607	4718
4718	607
5023	4676
4676	5023
1898	3175
3175	1898
2105	4782
4782	2105
323	3447
3447	323
4795	4210
4210	4795
4389	49
49	4389
3609	728
728	3609
3447	4928
4928	3447
4795	1928
1928	4795
3846	365
365	3846
1851	5321
5321	1851
4815	5070
5070	4815
402	914
914	402
1601	5212
5212	1601
2105	789
789	2105
2687	4498
4498	2687
5180	5212
5212	5180
434	5070
5070	434
5095	3609
3609	5095
4210	2358
2358	4210
1496	2206
2206	1496
2424	789
789	2424
2447	2582
2582	2447
2447	2424
2424	2447
5070	402
402	5070
2659	5063
5063	2659
4389	3112
3112	4389
1193	2582
2582	1193
4672	52
52	4672
3846	2219
2219	3846
4707	2305
2305	4707
4389	1918
1918	4389
1236	1772
1772	1236
2719	2206
2206	2719
1876	2316
2316	1876
434	2219
2219	434
211	1780
1780	211
532	932
932	532
270	936
936	270
2219	1249
1249	2219
4907	4795
4795	4907
4494	3611
3611	4494
733	1068
1068	733
17	728
728	17
2756	5121
5121	2756
2759	2283
2283	2759
2726	2759
2759	2726
3323	3611
3611	3323
2756	4815
4815	2756
3447	2582
2582	3447
4506	688
688	4506
365	4907
4907	365
2738	5166
5166	2738
1427	2358
2358	1427
2743	3112
3112	2743
2424	5266
5266	2424
211	510
510	211
2462	2582
2582	2462
1876	4907
4907	1876
365	941
941	365
2784	2933
2933	2784
1102	1427
1427	1102
1236	914
914	1236
2105	2756
2756	2105
323	4707
4707	323
3880	243
243	3880
1935	1601
1601	1935
2272	1068
1068	2272
471	323
323	471
270	4055
4055	270
15	3023
3023	15
2687	2756
2756	2687
3112	914
914	3112
3080	1357
1357	3080
616	5132
5132	616
728	4245
4245	728
78	2719
2719	78
2447	2719
2719	2447
5180	936
936	5180
2424	4276
4276	2424
2462	2669
2669	2462
4389	2756
2756	4389
4928	1251
1251	4928
3511	4677
4677	3511
370	1876
1876	370
4676	1356
1356	4676
5070	2206
2206	5070
78	4908
4908	78
2933	936
936	2933
3323	4494
4494	3323
804	1236
1236	804
4389	4726
4726	4389
78	4276
4276	78
2424	4181
4181	2424
4181	1851
1851	4181
2272	914
914	2272
3112	870
870	3112
2156	688
688	2156
2743	1898
1898	2743
434	1875
1875	434
4506	914
914	4506
1889	1538
1538	1889
3808	4908
4908	3808
3080	1665
1665	3080
4782	2139
2139	4782
78	3854
3854	78
107	4907
4907	107
4276	3323
3323	4276
2933	4136
4136	2933
1992	3952
3952	1992
2578	5265
5265	2578
510	5145
5145	510
4907	610
610	4907
616	429
429	616
3880	3917
3917	3880
1918	1889
1889	1918
3112	2669
2669	3112
2358	4815
4815	2358
3211	5063
5063	3211
78	4245
4245	78
2086	1875
1875	2086
4506	2659
2659	4506
2756	5166
5166	2756
2756	3846
3846	2756
4389	4498
4498	4389
804	2206
2206	804
5132	1601
1601	5132
1068	1935
1935	1068
804	5127
5127	804
246	5070
5070	246
615	4672
4672	615
1665	2305
2305	1665
1102	4348
4348	1102
429	434
434	429
3112	941
941	3112
4506	941
941	4506
1601	2272
2272	1601
789	2358
2358	789
3829	1254
1254	3829
2447	3080
3080	2447
2743	2461
2461	2743
2687	4140
4140	2687
4676	2316
2316	4676
5132	3323
3323	5132
5166	2316
2316	5166
434	3854
3854	434
402	3552
3552	402
5033	211
211	5033
3023	1357
1357	3023
1236	4210
4210	1236
1193	3609
3609	1193
15	2316
2316	15
4389	1562
1562	4389
2139	3323
3323	2139
2907	3543
3543	2907
1236	3552
3552	1236
1102	2933
2933	1102
2756	4300
4300	2756
2907	2738
2738	2907
3080	2219
2219	3080
5132	4494
4494	5132
2543	1799
1799	2543
365	502
502	365
471	5127
5127	471
4276	1840
1840	4276
1840	1851
1851	1840
302	2738
2738	302
1236	4300
4300	1236
4908	1496
1496	4908
4795	3065
3065	4795
5265	2272
2272	5265
1799	1427
1427	1799
1102	3112
3112	1102
2726	1102
1102	2726
2316	789
789	2316
728	2447
2447	728
2726	2206
2206	2726
3511	1935
1935	3511
4389	5132
5132	4389
2588	4276
4276	2588
270	5127
5127	270
876	132
132	876
2920	2933
2933	2920
4389	2272
2272	4389
578	402
402	578
17	3164
3164	17
471	49
49	471
402	1851
1851	402
3112	2759
2759	3112
4899	510
510	4899
2156	2659
2659	2156
1169	3164
3164	1169
5121	733
733	5121
3889	2907
2907	3889
2283	2784
2784	2283
936	2543
2543	936
688	15
15	688
2669	1935
1935	2669
1169	3854
3854	1169
78	3889
3889	78
107	733
733	107
3854	5266
5266	3854
3889	2527
2527	3889
471	1357
1357	471
1274	1889
1889	1274
2462	270
270	2462
1254	5132
5132	1254
4506	2206
2206	4506
804	2743
2743	804
1068	4795
4795	1068
2447	4726
4726	2447
859	1935
1935	859
365	2219
2219	365
302	578
578	302
78	615
615	78
3854	2206
2206	3854
5033	4494
4494	5033
412	1254
1254	412
1496	1650
1650	1496
434	3701
3701	434
1266	5127
5127	1266
1249	1236
1236	1249
3543	859
859	3543
2759	4672
4672	2759
3846	2659
2659	3846
2783	1840
1840	2783
2687	1650
1650	2687
2578	4908
4908	2578
4389	1935
1935	4389
2463	4908
4908	2463
2272	1496
1496	2272
3917	510
510	3917
1068	615
615	1068
4136	4055
4055	4136
5132	3552
3552	5132
1840	2659
2659	1840
5132	2669
2669	5132
4389	2738
2738	4389
1102	1745
1745	1102
1772	1665
1665	1772
4907	1851
1851	4907
4136	1889
1889	4136
4276	4707
4707	4276
2756	1840
1840	2756
49	1274
1274	49
4389	1928
1928	4389
2759	3889
3889	2759
4389	2920
2920	4389
4506	1251
1251	4506
1840	2784
2784	1840
3164	323
323	3164
789	615
615	789
4718	941
941	4718
2783	2719
2719	2783
1236	936
936	1236
4389	4899
4899	4389
615	4181
4181	615
2305	3829
3829	2305
3447	1935
1935	3447
5132	1875
1875	5132
2659	2588
2588	2659
429	1251
1251	429
402	876
876	402
616	1601
1601	616
804	3065
3065	804
5166	2933
2933	5166
5121	2461
2461	5121
78	2462
2462	78
2461	804
804	2461
1138	3447
3447	1138
5166	4494
4494	5166
4181	5063
5063	4181
2424	1068
1068	2424
2726	2424
2424	2726
5127	1562
1562	5127
5212	4672
4672	5212
211	49
49	211
4389	52
52	4389
914	1840
1840	914
5070	1601
1601	5070
3846	4245
4245	3846
3447	4348
4348	3447
1935	3880
3880	1935
3889	4136
4136	3889
5166	365
365	5166
5166	4795
4795	5166
78	859
859	78
3112	4169
4169	3112
804	5070
5070	804
52	1068
1068	52
4907	4181
4181	4907
3023	3609
3609	3023
1138	914
914	1138
2756	3917
3917	2756
3701	4300
4300	3701
17	2719
2719	17
2783	1251
1251	2783
5121	1538
1538	5121
365	4300
4300	365
5095	510
510	5095
932	2272
2272	932
352	1918
1918	352
5166	1650
1650	5166
5132	607
607	5132
434	688
688	434
2272	2687
2687	2272
2086	5132
5132	2086
4389	870
870	4389
733	3854
3854	733
615	2582
2582	615
3511	2933
2933	3511
804	2316
2316	804
49	4672
4672	49
2262	1876
1876	2262
1496	3880
3880	1496
1799	1274
1274	1799
1236	3889
3889	1236
2726	78
78	2726
4389	2305
2305	4389
5166	1898
1898	5166
2463	2105
2105	2463
932	1780
1780	932
17	3211
3211	17
2424	2783
2783	2424
804	2783
2783	804
1249	2582
2582	1249
434	4928
4928	434
52	1918
1918	52
2730	434
434	2730
2659	246
246	2659
370	211
211	370
4136	1427
1427	4136
1151	1274
1274	1151
870	2305
2305	870
2588	3080
3080	2588
1799	5145
5145	1799
1068	510
510	1068
4928	607
607	4928
5132	4677
4677	5132
2743	3917
3917	2743
1992	2687
2687	1992
49	4899
4899	49
2783	941
941	2783
5212	2933
2933	5212
1889	502
502	1889
804	471
471	804
2907	52
52	2907
17	2219
2219	17
1102	2783
2783	1102
434	502
502	434
4389	211
211	4389
323	1138
1138	323
78	3447
3447	78
4389	5127
5127	4389
302	2447
2447	302
859	2759
2759	859
2156	3552
3552	2156
1427	1254
1254	1427
4389	578
578	4389
2105	2358
2358	2105
2588	578
578	2588
4389	4718
4718	4389
2543	2219
2219	2543
2305	2783
2783	2305
3511	2582
2582	3511
2784	1266
1266	2784
789	4908
4908	789
4181	302
302	4181
1357	5023
5023	1357
1745	2783
2783	1745
1138	243
243	1138
302	4276
4276	302
804	2283
2283	804
870	5145
5145	870
52	471
471	52
789	2933
2933	789
4389	132
132	4389
607	323
323	607
3552	733
733	3552
1068	5150
5150	1068
4707	429
429	4707
4276	4672
4672	4276
1562	3114
3114	1562
4928	2784
2784	4928
4276	4506
4506	4276
1138	2719
2719	1138
2105	2582
2582	2105
2730	370
370	2730
4300	3611
3611	4300
3112	2219
2219	3112
5132	4055
4055	5132
1138	2730
2730	1138
2726	607
607	2726
4795	3211
3211	4795
5145	3112
3112	5145
2105	1889
1889	2105
15	2206
2206	15
3080	4300
4300	3080
2013	323
323	2013
733	5265
5265	733
532	1935
1935	532
3854	4795
4795	3854
434	1151
1151	434
2784	5132
5132	2784
5132	1889
1889	5132
2687	3854
3854	2687
2759	1935
1935	2759
728	3164
3164	728
2578	49
49	2578
2305	1068
1068	2305
4210	3917
3917	4210
2756	429
429	2756
2105	1898
1898	2105
246	4676
4676	246
4055	2219
2219	4055
365	3917
3917	365
870	1650
1650	870
2424	1601
1601	2424
1102	2219
2219	1102
3112	5166
5166	3112
870	4782
4782	870
1665	2719
2719	1665
610	132
132	610
107	2086
2086	107
5132	4506
4506	5132
4672	4348
4348	4672
2461	1251
1251	2461
2783	5212
5212	2783
3543	2316
2316	3543
3854	1254
1254	3854
5132	5145
5145	5132
52	2086
2086	52
1928	4677
4677	1928
578	5121
5121	578
352	1047
1047	352
4389	3164
3164	4389
578	211
211	578
1357	3889
3889	1357
688	1562
1562	688
78	471
471	78
3701	3552
3552	3701
3023	870
870	3023
4389	3889
3889	4389
3164	876
876	3164
1935	616
616	1935
2726	510
510	2726
804	5023
5023	804
2759	1427
1427	2759
434	2783
2783	434
499	2933
2933	499
4389	1840
1840	4389
3065	471
471	3065
5132	1799
1799	5132
1102	4672
4672	1102
4707	1875
1875	4707
1665	3543
3543	1665
1840	243
243	1840
2783	2659
2659	2783
4908	5265
5265	4908
2783	3543
3543	2783
3880	1601
1601	3880
471	5265
5265	471
17	3846
3846	17
4815	914
914	4815
49	3112
3112	49
17	2588
2588	17
4389	2578
2578	4389
2156	2283
2283	2156
2139	2447
2447	2139
302	1875
1875	302
17	270
270	17
5166	5212
5212	5166
4136	132
132	4136
2447	4928
4928	2447
3990	1357
1357	3990
2726	2933
2933	2726
4928	3211
3211	4928
3552	4907
4907	3552
2759	5070
5070	2759
2920	1665
1665	2920
5070	610
610	5070
2726	4030
4030	2726
2759	1875
1875	2759
5095	876
876	5095
2759	5212
5212	2759
4815	4795
4795	4815
1138	2687
2687	1138
4815	610
610	4815
1538	5033
5033	1538
3447	5070
5070	3447
5033	370
370	5033
4389	725
725	4389
914	4169
4169	914
3611	1357
1357	3611
4494	4672
4672	4494
4928	5265
5265	4928
4300	650
650	4300
2743	2783
2783	2743
434	5166
5166	434
1840	870
870	1840
1254	4348
4348	1254
804	1138
1138	804
365	1935
1935	365
2783	4672
4672	2783
1138	2206
2206	1138
4276	2156
2156	4276
52	728
728	52
5166	2659
2659	5166
2578	3808
3808	2578
4140	3112
3112	4140
2463	1236
1236	2463
4718	3889
3889	4718
4908	4136
4136	4908
5033	578
578	5033
5132	2262
2262	5132
5166	3889
3889	5166
4030	5145
5145	4030
5033	5132
5132	5033
2730	1898
1898	2730
1538	2582
2582	1538
434	1251
1251	434
3211	578
578	3211
1665	3854
3854	1665
365	5121
5121	365
49	1918
1918	49
2783	4677
4677	2783
2743	434
434	2743
870	607
607	870
3112	1254
1254	3112
2272	4210
4210	2272
1138	2156
2156	1138
2461	352
352	2461
3889	870
870	3889
132	1249
1249	132
471	1665
1665	471
2013	2659
2659	2013
1538	4494
4494	1538
876	3080
3080	876
2105	2283
2283	2105
5321	4210
4210	5321
2743	1840
1840	2743
3990	4136
4136	3990
3917	370
370	3917
3511	4055
4055	3511
211	616
616	211
5127	5132
5132	5127
1169	3808
3808	1169
2424	1665
1665	2424
3880	2578
2578	3880
2784	1935
1935	2784
1538	615
615	1538
2272	4672
4672	2272
5132	615
615	5132
2283	2756
2756	2283
1068	5132
5132	1068
3880	429
429	3880
1992	2738
2738	1992
4389	3114
3114	4389
5132	936
936	5132
2156	2588
2588	2156
1138	3609
3609	1138
1665	302
302	1665
5070	2719
2719	5070
4055	936
936	4055
5180	5132
5132	5180
688	1898
1898	688
4389	2206
2206	4389
2156	4672
4672	2156
370	4300
4300	370
2759	1102
1102	2759
4389	3952
3952	4389
78	1889
1889	78
5132	610
610	5132
3323	1562
1562	3323
2283	3211
3211	2283
3447	1251
1251	3447
402	2784
2784	402
1772	610
610	1772
1851	5132
5132	1851
402	789
789	402
1780	1918
1918	1780
4672	941
941	4672
941	3511
3511	941
3447	607
607	3447
733	941
941	733
5212	578
578	5212
3808	1780
1780	3808
4348	2578
2578	4348
1496	1254
1254	1496
2424	2784
2784	2424
804	2784
2784	804
5095	5166
5166	5095
2784	2105
2105	2784
2424	5150
5150	2424
4181	5145
5145	4181
1266	352
352	1266
3880	2687
2687	3880
3080	4210
4210	3080
402	2316
2316	402
789	471
471	789
4726	1427
1427	4726
1889	1151
1151	1889
914	2462
2462	914
2086	3543
3543	2086
4928	1898
1898	4928
1047	2219
2219	1047
1138	1665
1665	1138
4707	1876
1876	4707
1236	2933
2933	1236
5132	4676
4676	5132
2907	4782
4782	2907
2756	211
211	2756
5063	532
532	5063
4389	78
78	4389
5132	5150
5150	5132
2726	2305
2305	2726
3880	4677
4677	3880
1254	1193
1193	1254
532	1992
1992	532
78	2447
2447	78
1538	1193
1193	1538
5145	3889
3889	5145
2262	2527
2527	2262
17	2013
2013	17
4676	4169
4169	4676
4300	1538
1538	4300
2743	1918
1918	2743
4389	5212
5212	4389
804	2424
2424	804
3880	2316
2316	3880
2784	941
941	2784
2156	3889
3889	2156
4389	3511
3511	4389
4726	5033
5033	4726
2105	870
870	2105
365	2262
2262	365
17	1928
1928	17
1249	5321
5321	1249
914	1851
1851	914
3701	914
914	3701
4795	616
616	4795
4672	1918
1918	4672
2743	4718
4718	2743
2907	3552
3552	2907
725	1427
1427	725
2105	3609
3609	2105
914	3952
3952	914
3112	3164
3164	3112
15	5132
5132	15
434	4782
4782	434
2759	2659
2659	2759
4928	365
365	4928
5266	246
246	5266
1138	4181
4181	1138
3023	1138
1138	3023
4389	3543
3543	4389
434	789
789	434
2578	5063
5063	2578
2447	4707
4707	2447
1356	615
615	1356
2687	607
607	2687
4276	1875
1875	4276
434	1665
1665	434
365	3065
3065	365
52	5063
5063	52
2783	1138
1138	2783
499	52
52	499
1538	941
941	1538
1102	5132
5132	1102
49	2582
2582	49
78	2759
2759	78
1193	2447
2447	1193
5166	3552
3552	5166
5180	4210
4210	5180
1889	3917
3917	1889
3112	365
365	3112
5166	2206
2206	5166
5166	4210
4210	5166
4506	1875
1875	4506
2907	5132
5132	2907
2013	859
859	2013
17	1047
1047	17
5145	2588
2588	5145
578	4494
4494	578
2358	5145
5145	2358
1665	270
270	1665
3023	4676
4676	3023
49	1102
1102	49
2738	1562
1562	2738
1249	270
270	1249
5166	1935
1935	5166
5166	4181
4181	5166
2424	1236
1236	2424
365	5212
5212	365
4718	4899
4899	4718
365	2659
2659	365
733	323
323	733
3323	3447
3447	3323
804	4181
4181	804
2726	2719
2719	2726
4389	5095
5095	4389
2447	3447
3447	2447
3447	2462
2462	3447
2447	615
615	2447
3552	4030
4030	3552
3447	5265
5265	3447
352	5121
5121	352
434	1780
1780	434
4389	876
876	4389
471	4672
4672	471
1102	4676
4676	1102
804	2272
2272	804
2139	4899
4899	2139
2424	5212
5212	2424
4136	3880
3880	4136
2105	2743
2743	2105
4245	302
302	4245
3701	1650
1650	3701
1538	2272
2272	1538
733	15
15	733
2784	1254
1254	2784
1745	2447
2447	1745
4169	932
932	4169
402	17
17	402
3917	3112
3112	3917
1236	1274
1274	1236
5070	2738
2738	5070
2156	246
246	2156
2543	4140
4140	2543
4677	1898
1898	4677
2447	2783
2783	2447
5266	3543
3543	5266
49	2687
2687	49
2447	1992
1992	2447
5145	5150
5150	5145
1236	3880
3880	1236
3880	1772
1772	3880
78	1665
1665	78
132	2527
2527	132
323	434
434	323
2738	2582
2582	2738
2756	789
789	2756
499	1875
1875	499
2756	2588
2588	2756
1251	1538
1538	1251
2726	5166
5166	2726
1138	1427
1427	1138
4718	4030
4030	4718
4389	1169
1169	4389
2783	2283
2283	2783
5023	2743
2743	5023
1251	1898
1898	1251
2730	4245
4245	2730
3701	1876
1876	3701
2726	5212
5212	2726
1496	3952
3952	1496
2086	5265
5265	2086
1138	4718
4718	1138
2784	5063
5063	2784
434	4707
4707	434
2730	3112
3112	2730
2743	941
941	2743
2907	941
941	2907
5150	5265
5265	5150
471	4494
4494	471
615	4815
4815	615
859	4136
4136	859
2756	941
941	2756
49	728
728	49
610	2139
2139	610
365	4677
4677	365
5166	510
510	5166
5132	246
246	5132
3112	1876
1876	3112
1665	3990
3990	1665
15	3164
3164	15
4276	1251
1251	4276
2756	3112
3112	2756
4707	15
15	4707
5166	2669
2669	5166
3808	2759
2759	3808
2726	3880
3880	2726
1193	5127
5127	1193
4136	2156
2156	4136
429	2669
2669	429
2759	2206
2206	2759
5063	1193
1193	5063
1876	243
243	1876
2738	2756
2756	2738
1780	1193
1193	1780
932	4815
4815	932
4389	4908
4908	4389
1898	1068
1068	1898
1138	2283
2283	1138
4815	5265
5265	4815
1772	4908
4908	1772
5132	3175
3175	5132
4389	4136
4136	4389
804	859
859	804
302	5132
5132	302
3990	914
914	3990
502	5265
5265	502
2156	914
914	2156
1665	132
132	1665
1356	2578
2578	1356
728	2424
2424	728
5023	5127
5127	5023
3854	1251
1251	3854
1102	1665
1665	1102
1047	1889
1889	1047
789	4795
4795	789
1799	1601
1601	1799
4169	3609
3609	4169
1935	5212
5212	1935
3846	49
49	3846
4795	5127
5127	4795
4245	1601
1601	4245
4389	2156
2156	4389
3880	2582
2582	3880
434	859
859	434
3447	4494
4494	3447
789	2719
2719	789
3447	3065
3065	3447
3065	1780
1780	3065
3023	1047
1047	3023
2759	3917
3917	2759
370	1266
1266	370
2461	941
941	2461
2283	5150
5150	2283
2462	1992
1992	2462
728	5033
5033	728
471	2283
2283	471
3846	4181
4181	3846
1357	2687
2687	1357
4795	2316
2316	4795
1780	2283
2283	1780
2206	1928
1928	2206
5166	2358
2358	5166
1799	3323
3323	1799
3552	5212
5212	3552
2743	1236
1236	2743
2272	1935
1935	2272
2756	1254
1254	2756
870	5266
5266	870
1102	5265
5265	1102
1538	1249
1249	1538
3552	5033
5033	3552
2582	2283
2283	2582
1935	3889
3889	1935
132	4494
4494	132
434	2659
2659	434
434	2933
2933	434
17	2659
2659	17
3211	1274
1274	3211
3854	607
607	3854
471	1601
1601	471
502	1876
1876	502
412	246
246	412
1236	1254
1254	1236
4300	4169
4169	4300
1876	5266
5266	1876
1780	2756
2756	1780
3880	1650
1650	3880
471	607
607	471
2139	1047
1047	2139
402	2783
2783	402
270	2105
2105	270
1840	607
607	1840
3611	4672
4672	3611
471	1898
1898	471
4389	1665
1665	4389
2743	4677
4677	2743
3112	4245
4245	3112
4389	1254
1254	4389
510	1249
1249	510
1138	4389
4389	1138
412	4707
4707	412
789	3889
3889	789
1840	941
941	1840
402	1274
1274	402
4276	2933
2933	4276
3701	2316
2316	3701
914	1918
1918	914
243	3543
3543	243
1665	2283
2283	1665
1665	4672
4672	1665
365	1889
1889	365
434	4348
4348	434
2920	5180
5180	2920
914	3880
3880	914
4815	941
941	4815
2743	1274
1274	2743
1138	5266
5266	1138
578	1068
1068	578
4389	3023
3023	4389
323	1169
1169	323
1876	532
532	1876
4389	270
270	4389
3829	3880
3880	3829
2933	941
941	2933
804	1840
1840	804
2272	616
616	2272
3829	1876
1876	3829
434	4494
4494	434
402	1254
1254	402
4815	52
52	4815
804	3543
3543	804
4389	4815
4815	4389
3023	2659
2659	3023
3846	1357
1357	3846
4928	1068
1068	4928
2462	2659
2659	2462
4676	270
270	4676
1266	2687
2687	1266
4389	1538
1538	4389
1840	2719
2719	1840
2424	434
434	2424
4389	4672
4672	4389
3023	914
914	3023
616	5166
5166	616
1102	4782
4782	1102
4389	1876
1876	4389
78	1138
1138	78
4389	2139
2139	4389
1496	2424
2424	1496
323	3543
3543	323
211	3065
3065	211
4677	4181
4181	4677
4707	78
78	4707
2743	615
615	2743
2756	352
352	2756
4389	499
499	4389
78	429
429	78
2461	5132
5132	2461
4276	3889
3889	4276
49	789
789	49
5132	471
471	5132
4276	5212
5212	4276
4276	5166
5166	4276
1665	5132
5132	1665
1254	1274
1274	1254
3023	370
370	3023
914	365
365	914
5145	1236
1236	5145
789	510
510	789
4169	1889
1889	4169
2582	3846
3846	2582
1875	2447
2447	1875
914	5266
5266	914
4907	4707
4707	4907
1068	211
211	1068
725	4795
4795	725
728	2687
2687	728
499	2578
2578	499
3112	2659
2659	3112
4718	2582
2582	4718
4030	2283
2283	4030
2783	2933
2933	2783
2687	2463
2463	2687
2907	2582
2582	2907
5033	5023
5023	5033
1496	5321
5321	1496
1665	2588
2588	1665
2719	2462
2462	2719
1935	5145
5145	1935
1068	1665
1665	1068
1068	5166
5166	1068
499	502
502	499
2139	3917
3917	2139
3846	2933
2933	3846
2726	4494
4494	2726
4348	1357
1357	4348
78	1102
1102	78
4506	2582
2582	4506
49	78
78	49
