82	41	0
41	82	0
20	77	1
77	20	1
25	37	0
37	25	0
10	87	1
87	10	1
60	48	0
48	60	0
25	87	1
87	25	1
74	8	0
8	74	0
88	71	0
71	88	0
13	59	1
59	13	1
23	28	1
28	23	1
24	79	1
79	24	1
54	26	0
26	54	0
14	25	1
25	14	1
12	57	0
57	12	0
13	39	1
39	13	1
24	66	1
66	24	1
27	37	1
37	27	1
19	79	1
79	19	1
28	60	1
60	28	1
16	54	1
54	16	1
2	12	0
12	2	0
15	27	1
27	15	1
24	37	1
37	24	1
8	80	0
80	8	0
82	68	0
68	82	0
27	83	1
83	27	1
70	45	0
45	70	0
69	10	0
10	69	0
13	27	1
27	13	1
30	67	1
67	30	1
80	79	0
79	80	0
24	80	1
80	24	1
55	74	0
74	55	0
13	45	1
45	13	1
27	88	1
88	27	1
38	45	1
45	38	1
65	73	0
73	65	0
88	54	0
54	88	0
20	73	1
73	20	1
13	78	1
78	13	1
29	87	1
87	29	1
7	68	0
68	7	0
21	59	1
59	21	1
19	61	0
61	19	0
28	54	1
54	28	1
24	51	1
51	24	1
24	65	1
65	24	1
26	66	0
66	26	0
14	54	1
54	14	1
76	79	0
79	76	0
74	17	1
17	74	1
46	50	0
50	46	0
27	55	1
55	27	1
33	52	1
52	33	1
25	35	0
35	25	0
37	79	0
79	37	0
47	61	0
61	47	0
69	44	1
44	69	1
15	53	1
53	15	1
29	16	0
16	29	0
31	80	1
80	31	1
33	80	0
80	33	0
50	62	0
62	50	0
49	59	0
59	49	0
81	33	0
33	81	0
39	57	0
57	39	0
27	81	1
81	27	1
17	87	1
87	17	1
14	24	1
24	14	1
74	5	0
5	74	0
10	31	1
31	10	1
28	67	1
67	28	1
30	12	1
12	30	1
38	61	1
61	38	1
19	34	1
34	19	1
28	31	1
31	28	1
57	56	0
56	57	0
63	87	0
87	63	0
15	40	0
40	15	0
65	33	0
33	65	0
25	18	0
18	25	0
20	33	1
33	20	1
27	25	0
25	27	0
26	79	1
79	26	1
81	34	0
34	81	0
32	10	0
10	32	0
42	44	0
44	42	0
21	75	1
75	21	1
24	87	1
87	24	1
34	73	1
73	34	1
31	78	1
78	31	1
14	42	1
42	14	1
9	65	0
65	9	0
75	32	0
32	75	0
87	6	0
6	87	0
39	9	0
9	39	0
67	76	0
76	67	0
77	27	0
27	77	0
27	32	1
32	27	1
63	44	0
44	63	0
29	50	1
50	29	1
54	8	0
8	54	0
14	59	1
59	14	1
58	59	0
59	58	0
11	5	0
5	11	0
29	86	1
86	29	1
10	80	1
80	10	1
24	82	1
82	24	1
63	51	0
51	63	0
12	40	0
40	12	0
27	46	1
46	27	1
12	7	0
7	12	0
28	79	1
79	28	1
13	31	1
31	13	1
84	41	0
41	84	0
80	54	0
54	80	0
85	47	0
47	85	0
33	53	0
53	33	0
31	70	0
70	31	0
25	79	0
79	25	0
88	67	0
67	88	0
24	25	1
25	24	1
34	29	0
29	34	0
20	46	1
46	20	1
69	80	1
80	69	1
27	76	1
76	27	1
50	45	0
45	50	0
17	7	0
7	17	0
72	24	1
24	72	1
28	52	1
52	28	1
41	55	0
55	41	0
1	76	0
76	1	0
60	40	0
40	60	0
24	69	1
69	24	1
10	22	0
22	10	0
10	67	1
67	10	1
14	32	0
32	14	0
26	50	1
50	26	1
88	81	0
81	88	0
27	60	1
60	27	1
24	84	1
84	24	1
30	40	1
40	30	1
24	86	1
86	24	1
13	71	1
71	13	1
69	86	1
86	69	1
24	57	1
57	24	1
45	76	0
76	45	0
26	32	1
32	26	1
27	28	1
28	27	1
15	63	1
63	15	1
7	72	0
72	7	0
17	27	1
27	17	1
31	54	1
54	31	1
61	46	0
46	61	0
28	88	1
88	28	1
15	73	1
73	15	1
10	27	1
27	10	1
31	11	1
11	31	1
27	62	1
62	27	1
36	35	0
35	36	0
35	69	0
69	35	0
19	71	1
71	19	1
11	38	0
38	11	0
20	78	1
78	20	1
24	49	1
49	24	1
31	39	1
39	31	1
27	79	1
79	27	1
22	86	1
86	22	1
35	17	0
17	35	0
61	66	0
66	61	0
15	86	1
86	15	1
4	64	0
64	4	0
82	3	0
3	82	0
21	55	1
55	21	1
21	23	1
23	21	1
80	75	0
75	80	0
12	3	0
3	12	0
23	51	1
51	23	1
46	16	0
16	46	0
20	24	1
24	20	1
27	65	1
65	27	1
31	69	1
69	31	1
30	79	1
79	30	1
40	6	0
6	40	0
12	22	0
22	12	0
16	23	0
23	16	0
74	27	1
27	74	1
43	19	0
19	43	0
31	64	1
64	31	1
13	85	0
85	13	0
29	53	1
53	29	1
28	12	1
12	28	1
9	28	0
28	9	0
34	4	0
4	34	0
10	19	1
19	10	1
35	63	0
63	35	0
13	11	1
11	13	1
18	53	0
53	18	0
82	59	0
59	82	0
69	63	1
63	69	1
82	69	0
69	82	0
51	70	0
70	51	0
51	10	0
10	51	0
74	29	1
29	74	1
33	49	1
49	33	1
24	42	1
42	24	1
58	34	0
34	58	0
31	65	1
65	31	1
69	75	1
75	69	1
37	22	0
22	37	0
24	33	1
33	24	1
29	82	0
82	29	0
24	73	0
73	24	0
44	54	0
54	44	0
23	27	1
27	23	1
27	66	1
66	27	1
28	65	1
65	28	1
69	36	1
36	69	1
27	40	1
40	27	1
23	66	1
66	23	1
52	56	0
56	52	0
17	14	0
14	17	0
24	59	1
59	24	1
10	30	0
30	10	0
39	71	0
71	39	0
16	47	0
47	16	0
26	49	1
49	26	1
14	82	1
82	14	1
24	64	1
64	24	1
29	84	0
84	29	0
15	61	1
61	15	1
18	74	0
74	18	0
21	28	0
28	21	0
28	86	1
86	28	1
16	28	1
28	16	1
27	34	1
34	27	1
19	57	1
57	19	1
29	32	1
32	29	1
56	54	0
54	56	0
74	51	1
51	74	1
19	24	1
24	19	1
21	30	1
30	21	1
11	60	0
60	11	0
17	65	1
65	17	1
75	73	0
73	75	0
19	53	1
53	19	1
82	79	0
79	82	0
49	77	0
77	49	0
33	43	1
43	33	1
17	31	1
31	17	1
87	76	0
76	87	0
19	47	1
47	19	1
14	33	1
33	14	1
69	70	0
70	69	0
24	32	1
32	24	1
66	83	0
83	66	0
64	77	0
77	64	0
34	7	0
7	34	0
8	53	0
53	8	0
24	53	1
53	24	1
85	86	0
86	85	0
67	35	0
35	67	0
84	51	0
51	84	0
3	30	0
30	3	0
16	77	1
77	16	1
14	57	1
57	14	1
73	61	0
61	73	0
18	77	1
77	18	1
27	29	1
29	27	1
34	51	1
51	34	1
84	40	0
40	84	0
38	36	1
36	38	1
24	7	0
7	24	0
72	71	0
71	72	0
13	57	1
57	13	1
65	41	0
41	65	0
23	69	1
69	23	1
28	39	1
39	28	1
31	42	0
42	31	0
24	56	1
56	24	1
25	30	0
30	25	0
13	73	1
73	13	1
71	78	0
78	71	0
15	11	1
11	15	1
7	47	0
47	7	0
4	67	0
67	4	0
36	2	0
2	36	0
69	32	1
32	69	1
17	39	0
39	17	0
88	62	0
62	88	0
56	63	0
63	56	0
17	25	0
25	17	0
26	83	0
83	26	0
55	57	0
57	55	0
28	57	0
57	28	0
30	53	1
53	30	1
24	40	1
40	24	1
26	28	1
28	26	1
22	45	1
45	22	1
10	17	1
17	10	1
27	75	1
75	27	1
3	28	0
28	3	0
27	31	1
31	27	1
21	27	1
27	21	1
15	66	1
66	15	1
28	80	1
80	28	1
18	24	1
24	18	1
61	62	0
62	61	0
17	5	0
5	17	0
61	53	0
53	61	0
82	33	0
33	82	0
15	80	1
80	15	1
57	3	0
3	57	0
28	38	0
38	28	0
30	56	0
56	30	0
28	69	1
69	28	1
14	61	1
61	14	1
27	58	1
58	27	1
31	71	1
71	31	1
24	23	0
23	24	0
23	9	0
9	23	0
5	7	0
7	5	0
19	67	1
67	19	1
13	42	0
42	13	0
24	46	1
46	24	1
73	48	0
48	73	0
25	64	1
64	25	1
85	16	0
16	85	0
5	56	0
56	5	0
88	66	0
66	88	0
56	17	0
17	56	0
14	44	1
44	14	1
19	62	1
62	19	1
58	11	0
11	58	0
21	41	1
41	21	1
24	67	1
67	24	1
33	45	1
45	33	1
8	16	0
16	8	0
87	58	0
58	87	0
24	75	1
75	24	1
53	54	0
54	53	0
24	71	1
71	24	1
30	63	1
63	30	1
79	81	0
81	79	0
56	69	0
69	56	0
29	61	0
61	29	0
14	18	1
18	14	1
66	63	0
63	66	0
35	38	0
38	35	0
84	25	0
25	84	0
17	86	1
86	17	1
82	63	0
63	82	0
66	16	0
16	66	0
24	47	1
47	24	1
20	39	1
39	20	1
23	38	1
38	23	1
40	35	0
35	40	0
19	25	1
25	19	1
55	35	0
35	55	0
65	47	0
47	65	0
30	88	1
88	30	1
13	19	1
19	13	1
27	14	0
14	27	0
24	27	1
27	24	1
27	33	1
33	27	1
22	44	1
44	22	1
74	77	1
77	74	1
13	24	1
24	13	1
73	68	0
68	73	0
25	11	1
11	25	1
23	56	1
56	23	1
5	49	0
49	5	0
66	1	0
1	66	0
24	70	1
70	24	1
61	43	0
43	61	0
27	54	1
54	27	1
65	77	0
77	65	0
49	15	0
15	49	0
14	50	1
50	14	1
10	28	1
28	10	1
21	83	0
83	21	0
31	53	1
53	31	1
79	42	0
42	79	0
33	68	1
68	33	1
47	11	0
11	47	0
41	86	0
86	41	0
72	2	0
2	72	0
40	57	0
57	40	0
15	56	1
56	15	1
21	74	0
74	21	0
34	75	0
75	34	0
16	33	1
33	16	1
29	71	1
71	29	1
15	54	1
54	15	1
1	7	0
7	1	0
58	68	0
68	58	0
61	48	0
48	61	0
8	55	0
55	8	0
22	46	1
46	22	1
66	29	0
29	66	0
14	77	1
77	14	1
17	80	0
80	17	0
34	50	1
50	34	1
21	50	1
50	21	1
31	32	1
32	31	1
24	29	1
29	24	1
56	7	0
7	56	0
44	73	0
73	44	0
24	68	1
68	24	1
22	23	0
23	22	0
1	80	0
80	1	0
25	63	0
63	25	0
72	18	0
18	72	0
69	79	1
79	69	1
20	52	1
52	20	1
15	65	1
65	15	1
31	35	1
35	31	1
75	70	0
70	75	0
10	62	1
62	10	1
5	2	0
2	5	0
10	61	0
61	10	0
4	3	0
3	4	0
29	76	1
76	29	1
51	29	0
29	51	0
52	10	0
10	52	0
56	64	0
64	56	0
21	66	0
66	21	0
69	68	1
68	69	1
74	64	0
64	74	0
8	10	0
10	8	0
27	41	1
41	27	1
10	36	1
36	10	1
10	56	1
56	10	1
15	24	1
24	15	1
27	45	1
45	27	1
69	67	1
67	69	1
27	11	1
11	27	1
24	61	1
61	24	1
48	76	0
76	48	0
24	62	1
62	24	1
23	77	0
77	23	0
9	38	0
38	9	0
12	25	0
25	12	0
24	44	1
44	24	1
24	34	1
34	24	1
3	73	0
73	3	0
29	68	0
68	29	0
25	33	1
33	25	1
14	26	0
26	14	0
87	48	0
48	87	0
14	67	1
67	14	1
3	22	0
22	3	0
68	40	0
40	68	0
27	36	1
36	27	1
21	81	0
81	21	0
31	41	1
41	31	1
24	31	1
31	24	1
16	24	1
24	16	1
74	42	0
42	74	0
46	40	0
40	46	0
10	34	1
34	10	1
24	76	1
76	24	1
16	70	1
70	16	1
31	50	1
50	31	1
13	51	1
51	13	1
25	52	1
52	25	1
10	66	1
66	10	1
33	35	1
35	33	1
13	22	1
22	13	1
30	36	1
36	30	1
27	12	1
12	27	1
27	30	1
30	27	1
27	78	1
78	27	1
28	87	1
87	28	1
27	39	1
39	27	1
27	50	1
50	27	1
33	32	1
32	33	1
55	49	0
49	55	0
24	36	1
36	24	1
60	38	0
38	60	0
31	34	1
34	31	1
30	31	1
31	30	1
15	69	0
69	15	0
32	13	0
13	32	0
19	45	0
45	19	0
31	66	1
66	31	1
7	58	0
58	7	0
8	38	0
38	8	0
17	63	1
63	17	1
13	40	1
40	13	1
14	55	0
55	14	0
17	71	0
71	17	0
68	41	0
41	68	0
1	85	0
85	1	0
22	76	1
76	22	1
41	14	0
14	41	0
50	65	0
65	50	0
24	39	1
39	24	1
6	73	0
73	6	0
78	40	0
40	78	0
28	40	1
40	28	1
72	33	1
33	72	1
86	76	0
76	86	0
31	83	0
83	31	0
19	31	1
31	19	1
31	68	1
68	31	1
45	72	0
72	45	0
19	66	1
66	19	1
54	30	0
30	54	0
27	47	1
47	27	1
24	78	1
78	24	1
24	35	1
35	24	1
32	82	0
82	32	0
15	79	1
79	15	1
42	58	0
58	42	0
5	82	0
82	5	0
82	81	0
81	82	0
24	45	1
45	24	1
72	31	0
31	72	0
19	87	1
87	19	1
38	32	1
32	38	1
22	24	1
24	22	1
17	81	1
81	17	1
46	78	0
78	46	0
53	42	0
42	53	0
38	52	1
52	38	1
13	12	1
12	13	1
72	4	0
4	72	0
49	80	0
80	49	0
65	59	0
59	65	0
70	58	0
58	70	0
26	27	1
27	26	1
4	20	0
20	4	0
31	84	0
84	31	0
27	87	1
87	27	1
31	57	0
57	31	0
52	6	0
6	52	0
29	78	0
78	29	0
28	37	1
37	28	1
15	9	0
9	15	0
15	62	1
62	15	1
24	48	1
48	24	1
24	28	1
28	24	1
55	87	0
87	55	0
68	77	0
77	68	0
46	66	0
66	46	0
19	33	1
33	19	1
7	26	0
26	7	0
87	72	0
72	87	0
33	79	1
79	33	1
34	63	0
63	34	0
24	60	1
60	24	1
30	62	1
62	30	1
73	88	0
88	73	0
28	33	0
33	28	0
57	75	0
75	57	0
3	32	0
32	3	0
14	83	0
83	14	0
82	88	0
88	82	0
66	40	0
40	66	0
17	53	1
53	17	1
2	3	0
3	2	0
69	34	1
34	69	1
71	32	0
32	71	0
6	76	0
76	6	0
15	60	1
60	15	1
16	76	0
76	16	0
13	46	1
46	13	1
74	24	1
24	74	1
74	13	1
13	74	1
12	47	0
47	12	0
13	55	1
55	13	1
68	74	0
74	68	0
73	47	0
47	73	0
69	42	1
42	69	1
73	81	0
81	73	0
22	29	0
29	22	0
24	50	1
50	24	1
79	18	0
18	79	0
10	60	1
60	10	1
56	74	0
74	56	0
21	58	1
58	21	1
11	41	0
41	11	0
24	77	1
77	24	1
24	43	1
43	24	1
67	65	0
65	67	0
24	26	1
26	24	1
24	41	1
41	24	1
10	48	0
48	10	0
17	24	1
24	17	1
22	69	1
69	22	1
42	15	0
15	42	0
20	47	0
47	20	0
10	24	1
24	10	1
28	50	1
50	28	1
2	32	0
32	2	0
24	52	1
52	24	1
19	46	0
46	19	0
20	62	1
62	20	1
26	40	0
40	26	0
35	74	0
74	35	0
37	50	0
50	37	0
16	21	0
21	16	0
61	31	0
31	61	0
27	86	1
86	27	1
2	41	0
41	2	0
24	88	1
88	24	1
17	67	1
67	17	1
33	3	0
3	33	0
21	37	1
37	21	1
26	52	0
52	26	0
58	51	0
51	58	0
10	79	1
79	10	1
8	50	0
50	8	0
84	10	0
10	84	0
28	62	1
62	28	1
19	27	1
27	19	1
10	78	0
78	10	0
18	64	1
64	18	1
39	58	0
58	39	0
31	46	1
46	31	1
17	43	1
43	17	1
22	31	1
31	22	1
19	50	1
50	19	1
22	11	0
11	22	0
1	60	0
60	1	0
16	71	1
71	16	1
51	83	0
83	51	0
27	63	1
63	27	1
20	25	0
25	20	0
17	51	0
51	17	0
15	21	1
21	15	1
55	4	0
4	55	0
57	80	0
80	57	0
19	38	0
38	19	0
21	60	1
60	21	1
14	85	1
85	14	1
80	64	0
64	80	0
30	75	1
75	30	1
9	68	0
68	9	0
31	12	1
12	31	1
88	59	0
59	88	0
30	7	0
7	30	0
31	73	1
73	31	1
28	64	1
64	28	1
20	28	1
28	20	1
64	3	0
3	64	0
69	84	1
84	69	1
38	55	0
55	38	0
56	44	0
44	56	0
31	51	1
51	31	1
30	73	1
73	30	1
10	64	1
64	10	1
4	84	0
84	4	0
69	62	1
62	69	1
27	71	1
71	27	1
38	58	0
58	38	0
88	15	0
15	88	0
29	62	1
62	29	1
8	39	0
39	8	0
5	72	0
72	5	0
31	44	1
44	31	1
44	87	0
87	44	0
30	87	1
87	30	1
28	55	1
55	28	1
38	49	0
49	38	0
27	69	1
69	27	1
81	46	0
46	81	0
24	38	1
38	24	1
10	15	1
15	10	1
27	84	1
84	27	1
41	29	0
29	41	0
27	61	0
61	27	0
34	25	0
25	34	0
10	37	1
37	10	1
27	70	1
70	27	1
35	73	0
73	35	0
2	1	0
1	2	0
8	19	0
19	8	0
22	79	1
79	22	1
21	40	1
40	21	1
15	39	0
39	15	0
27	80	1
80	27	1
27	56	1
56	27	1
26	51	0
51	26	0
11	2	0
2	11	0
23	71	0
71	23	0
80	73	0
73	80	0
24	83	1
83	24	1
21	24	1
24	21	1
15	71	0
71	15	0
16	11	1
11	16	1
15	44	1
44	15	1
22	71	1
71	22	1
19	22	1
22	19	1
87	35	0
35	87	0
44	41	0
41	44	0
23	43	0
43	23	0
33	78	1
78	33	1
44	45	0
45	44	0
15	75	0
75	15	0
4	22	0
22	4	0
63	57	0
57	63	0
43	62	0
62	43	0
41	25	0
25	41	0
38	33	1
33	38	1
27	48	1
48	27	1
27	64	1
64	27	1
19	21	1
21	19	1
50	23	0
23	50	0
24	30	1
30	24	1
10	12	1
12	10	1
24	11	1
11	24	1
31	36	1
36	31	1
24	85	1
85	24	1
28	70	1
70	28	1
24	63	1
63	24	1
32	35	0
35	32	0
50	40	0
40	50	0
54	49	0
49	54	0
15	31	1
31	15	1
8	14	0
14	8	0
22	27	1
27	22	1
70	60	0
60	70	0
24	54	1
54	24	1
82	1	0
1	82	0
30	85	0
85	30	0
31	55	1
55	31	1
79	14	0
14	79	0
58	81	0
81	58	0
83	42	0
42	83	0
28	32	1
32	28	1
17	23	1
23	17	1
24	81	1
81	24	1
10	73	1
73	10	1
22	87	1
87	22	1
26	64	1
64	26	1
41	49	0
49	41	0
15	87	1
87	15	1
17	46	1
46	17	1
10	86	1
86	10	1
27	53	1
53	27	1
59	39	0
39	59	0
24	58	1
58	24	1
84	55	0
55	84	0
62	58	0
58	62	0
35	83	0
83	35	0
24	55	1
55	24	1
27	73	1
73	27	1
15	55	1
55	15	1
19	41	1
41	19	1
44	77	0
77	44	0
76	15	0
15	76	0
47	5	0
5	47	0
10	11	1
11	10	1
27	51	1
51	27	1
13	60	0
60	13	0
28	66	1
66	28	1
65	84	0
84	65	0
57	67	0
67	57	0
74	67	0
67	74	0
7	2	0
2	7	0
2	82	0
82	2	0
78	47	0
47	78	0
26	61	1
61	26	1
70	43	0
43	70	0
22	51	0
51	22	0
19	73	1
73	19	1
30	81	1
81	30	1
21	73	1
73	21	1
38	81	1
81	38	1
28	85	1
85	28	1
74	32	0
32	74	0
55	25	0
25	55	0
69	87	1
87	69	1
21	18	0
18	21	0
17	66	1
66	17	1
79	43	0
43	79	0
42	46	0
46	42	0
24	12	1
12	24	1
74	49	1
49	74	1
19	86	1
86	19	1
76	31	0
31	76	0
